Primary_Producers,0.5666666666666667,1.0e-6,1000000
Primary_Producers,0.5666666666666667,5.0e-7,2000000
Primary_Producers,0.5666666666666667,6.666666666666667e-7,3000000
Primary_Producers,0.5666666666666667,7.5e-7,4000000
Primary_Producers,0.5666666666666667,8.0e-7,5000000
Primary_Producers,0.5666666666666667,6.666666666666667e-7,6000000
Primary_Producers,0.5666666666666667,7.142857142857143e-7,7000000
Primary_Producers,0.5666666666666667,6.25e-7,8000000
Primary_Producers,0.5666666666666667,5.555555555555555e-7,9000000
Primary_Producers,0.5666666666666667,5.0e-7,10000000
Primary_Producers,0.5666666666666667,4.545454545454545e-7,11000000
Primary_Producers,0.5666666666666667,5.0e-7,12000000
Primary_Producers,0.5666666666666667,4.6153846153846156e-7,13000000
Primary_Producers,0.5666666666666667,4.2857142857142857e-7,14000000
Primary_Producers,0.5666666666666667,4.0e-7,15000000
Primary_Producers,0.5666666666666667,5.0e-7,16000000
Primary_Producers,0.5666666666666667,5.294117647058824e-7,17000000
Primary_Producers,0.5666666666666667,5.0e-7,18000000
Primary_Producers,0.5666666666666667,5.789473684210526e-7,19000000
Primary_Producers,0.5666666666666667,5.5e-7,20000000
Primary_Producers,0.5666666666666667,6.190476190476191e-7,21000000
Primary_Producers,0.5666666666666667,6.818181818181818e-7,22000000
Primary_Producers,0.5666666666666667,7.826086956521739e-7,23000000
Primary_Producers,0.5666666666666667,7.5e-7,24000000
Primary_Producers,0.5666666666666667,7.6e-7,25000000
Primary_Producers,0.5666666666666667,7.307692307692308e-7,26000000
Primary_Producers,0.5666666666666667,8.518518518518518e-7,27000000
Primary_Producers,0.5666666666666667,8.214285714285714e-7,28000000
Primary_Producers,0.5666666666666667,8.275862068965517e-7,29000000
Primary_Producers,0.5666666666666667,8.333333333333333e-7,30000000
Primary_Producers,0.5666666666666667,8.064516129032258e-7,31000000
Primary_Producers,0.5666666666666667,7.8125e-7,32000000
Primary_Producers,0.5666666666666667,7.575757575757576e-7,33000000
Primary_Producers,0.5666666666666667,7.647058823529412e-7,34000000
Primary_Producers,0.5666666666666667,7.714285714285714e-7,35000000
Primary_Producers,0.5666666666666667,7.5e-7,36000000
Primary_Producers,0.5666666666666667,7.297297297297297e-7,37000000
Primary_Producers,0.5666666666666667,7.368421052631579e-7,38000000
Primary_Producers,0.5666666666666667,7.179487179487179e-7,39000000
Primary_Producers,0.5666666666666667,7.0e-7,40000000
Primary_Producers,0.5666666666666667,6.829268292682927e-7,41000000
Primary_Producers,0.5666666666666667,6.666666666666667e-7,42000000
Primary_Producers,0.5666666666666667,6.744186046511628e-7,43000000
Primary_Producers,0.5666666666666667,6.818181818181818e-7,44000000
Primary_Producers,0.5666666666666667,6.666666666666667e-7,45000000
Primary_Producers,0.5666666666666667,6.956521739130435e-7,46000000
Primary_Producers,0.5666666666666667,6.808510638297872e-7,47000000
Primary_Producers,0.5666666666666667,6.666666666666667e-7,48000000
Primary_Producers,0.5666666666666667,6.938775510204081e-7,49000000
Primary_Producers,0.5666666666666667,6.8e-7,50000000
Primary_Producers,0.5666666666666667,6.862745098039216e-7,51000000
Primary_Producers,0.5666666666666667,7.115384615384616e-7,52000000
Primary_Producers,0.5666666666666667,7.358490566037735e-7,53000000
Primary_Producers,0.5666666666666667,7.222222222222222e-7,54000000
Primary_Producers,0.5666666666666667,7.454545454545455e-7,55000000
Primary_Producers,0.5666666666666667,7.321428571428572e-7,56000000
Primary_Producers,0.5666666666666667,7.543859649122807e-7,57000000
Primary_Producers,0.5666666666666667,7.413793103448276e-7,58000000
Primary_Producers,0.5666666666666667,7.288135593220338e-7,59000000
Primary_Producers,0.5666666666666667,7.5e-7,60000000
Primary_Producers,0.5666666666666667,7.377049180327868e-7,61000000
Primary_Producers,0.5666666666666667,7.419354838709678e-7,62000000
Primary_Producers,0.5666666666666667,7.777777777777778e-7,63000000
Primary_Producers,0.5666666666666667,7.65625e-7,64000000
Primary_Producers,0.5666666666666667,7.692307692307693e-7,65000000
Primary_Producers,0.5666666666666667,7.727272727272727e-7,66000000
Primary_Producers,0.5666666666666667,7.611940298507463e-7,67000000
Primary_Producers,0.5666666666666667,7.5e-7,68000000
Primary_Producers,0.5666666666666667,7.536231884057971e-7,69000000
Primary_Producers,0.5666666666666667,7.571428571428571e-7,70000000
Primary_Producers,0.5666666666666667,7.746478873239437e-7,71000000
Primary_Producers,0.5666666666666667,7.777777777777778e-7,72000000
Primary_Producers,0.5666666666666667,7.808219178082191e-7,73000000
Primary_Producers,0.5666666666666667,7.837837837837838e-7,74000000
Primary_Producers,0.5666666666666667,7.866666666666666e-7,75000000
Primary_Producers,0.5666666666666667,7.894736842105263e-7,76000000
Primary_Producers,0.5666666666666667,8.051948051948052e-7,77000000
Primary_Producers,0.5666666666666667,8.205128205128205e-7,78000000
Primary_Producers,0.5666666666666667,8.10126582278481e-7,79000000
Primary_Producers,0.5666666666666667,8.5e-7,80000000
Primary_Producers,0.5666666666666667,8.395061728395061e-7,81000000
Primary_Producers,0.5666666666666667,8.292682926829268e-7,82000000
Primary_Producers,0.5666666666666667,8.19277108433735e-7,83000000
Primary_Producers,0.5666666666666667,8.095238095238095e-7,84000000
Primary_Producers,0.5666666666666667,8.0e-7,85000000
Primary_Producers,0.5666666666666667,8.023255813953488e-7,86000000
Primary_Producers,0.5666666666666667,7.931034482758621e-7,87000000
Primary_Producers,0.5666666666666667,7.840909090909091e-7,88000000
Primary_Producers,0.5666666666666667,7.865168539325843e-7,89000000
Primary_Producers,0.5666666666666667,8.111111111111112e-7,90000000
Primary_Producers,0.5666666666666667,8.131868131868131e-7,91000000
Primary_Producers,0.5666666666666667,8.043478260869565e-7,92000000
Primary_Producers,0.5666666666666667,8.064516129032258e-7,93000000
Primary_Producers,0.5666666666666667,8.085106382978724e-7,94000000
Primary_Producers,0.5666666666666667,8.0e-7,95000000
Primary_Producers,0.5666666666666667,7.916666666666667e-7,96000000
Primary_Producers,0.5666666666666667,7.835051546391752e-7,97000000
Primary_Producers,0.5666666666666667,7.755102040816327e-7,98000000
Primary_Producers,0.5666666666666667,7.676767676767677e-7,99000000
Primary_Producers,0.5666666666666667,7.6e-7,100000000
