Primary_Producers,0.43902439024390244,0.042416,1000000
Primary_Producers,0.43902439024390244,0.04229,2000000
Primary_Producers,0.43902439024390244,0.042254,3000000
Primary_Producers,0.43902439024390244,0.0421705,4000000
Primary_Producers,0.43902439024390244,0.0421968,5000000
Primary_Producers,0.43902439024390244,0.04219983333333333,6000000
Primary_Producers,0.43902439024390244,0.042164,7000000
Primary_Producers,0.43902439024390244,0.0421655,8000000
Primary_Producers,0.43902439024390244,0.04218988888888889,9000000
Primary_Producers,0.43902439024390244,0.0421714,10000000
Primary_Producers,0.43902439024390244,0.042188636363636366,11000000
Primary_Producers,0.43902439024390244,0.042186166666666663,12000000
Primary_Producers,0.43902439024390244,0.04219753846153846,13000000
Primary_Producers,0.43902439024390244,0.04218907142857143,14000000
Primary_Producers,0.43902439024390244,0.04219626666666667,15000000
Primary_Producers,0.43902439024390244,0.0421985625,16000000
Primary_Producers,0.43902439024390244,0.04219264705882353,17000000
Primary_Producers,0.43902439024390244,0.042205,18000000
Primary_Producers,0.43902439024390244,0.042209,19000000
Primary_Producers,0.43902439024390244,0.04221905,20000000
Primary_Producers,0.43902439024390244,0.04222533333333333,21000000
Primary_Producers,0.43902439024390244,0.042210227272727274,22000000
Primary_Producers,0.43902439024390244,0.04219760869565217,23000000
Primary_Producers,0.43902439024390244,0.04218254166666666,24000000
Primary_Producers,0.43902439024390244,0.04219384,25000000
Primary_Producers,0.43902439024390244,0.042203884615384615,26000000
Primary_Producers,0.43902439024390244,0.04220718518518519,27000000
Primary_Producers,0.43902439024390244,0.04220992857142857,28000000
Primary_Producers,0.43902439024390244,0.0422041724137931,29000000
Primary_Producers,0.43902439024390244,0.042204766666666664,30000000
Primary_Producers,0.43902439024390244,0.042211064516129035,31000000
Primary_Producers,0.43902439024390244,0.042211375,32000000
Primary_Producers,0.43902439024390244,0.042214242424242425,33000000
Primary_Producers,0.43902439024390244,0.042210735294117646,34000000
Primary_Producers,0.43902439024390244,0.0422068,35000000
Primary_Producers,0.43902439024390244,0.04219805555555556,36000000
Primary_Producers,0.43902439024390244,0.0421997027027027,37000000
Primary_Producers,0.43902439024390244,0.04220357894736842,38000000
Primary_Producers,0.43902439024390244,0.042202538461538465,39000000
Primary_Producers,0.43902439024390244,0.042199175,40000000
Primary_Producers,0.43902439024390244,0.04218912195121951,41000000
Primary_Producers,0.43902439024390244,0.04219095238095238,42000000
Primary_Producers,0.43902439024390244,0.04219060465116279,43000000
Primary_Producers,0.43902439024390244,0.04217761363636364,44000000
Primary_Producers,0.43902439024390244,0.04217546666666667,45000000
Primary_Producers,0.43902439024390244,0.04217847826086957,46000000
Primary_Producers,0.43902439024390244,0.04217491489361702,47000000
Primary_Producers,0.43902439024390244,0.042178375,48000000
Primary_Producers,0.43902439024390244,0.04217579591836735,49000000
Primary_Producers,0.43902439024390244,0.0421704,50000000
Primary_Producers,0.43902439024390244,0.042176549019607844,51000000
Primary_Producers,0.43902439024390244,0.04216894230769231,52000000
Primary_Producers,0.43902439024390244,0.042172056603773586,53000000
Primary_Producers,0.43902439024390244,0.04217501851851852,54000000
Primary_Producers,0.43902439024390244,0.04217654545454545,55000000
Primary_Producers,0.43902439024390244,0.04217844642857143,56000000
Primary_Producers,0.43902439024390244,0.04218882456140351,57000000
Primary_Producers,0.43902439024390244,0.042195913793103446,58000000
Primary_Producers,0.43902439024390244,0.04219503389830508,59000000
Primary_Producers,0.43902439024390244,0.04219476666666667,60000000
Primary_Producers,0.43902439024390244,0.04219096721311475,61000000
Primary_Producers,0.43902439024390244,0.042193967741935484,62000000
Primary_Producers,0.43902439024390244,0.042197460317460314,63000000
Primary_Producers,0.43902439024390244,0.042196171875,64000000
Primary_Producers,0.43902439024390244,0.0421984,65000000
Primary_Producers,0.43902439024390244,0.04219724242424242,66000000
Primary_Producers,0.43902439024390244,0.042200611940298505,67000000
Primary_Producers,0.43902439024390244,0.04220747058823529,68000000
Primary_Producers,0.43902439024390244,0.04221331884057971,69000000
Primary_Producers,0.43902439024390244,0.04220757142857143,70000000
Primary_Producers,0.43902439024390244,0.04220485915492958,71000000
Primary_Producers,0.43902439024390244,0.04220951388888889,72000000
Primary_Producers,0.43902439024390244,0.04220804109589041,73000000
Primary_Producers,0.43902439024390244,0.04220790540540541,74000000
Primary_Producers,0.43902439024390244,0.04220381333333333,75000000
Primary_Producers,0.43902439024390244,0.0422071447368421,76000000
Primary_Producers,0.43902439024390244,0.042206,77000000
Primary_Producers,0.43902439024390244,0.04220378205128205,78000000
Primary_Producers,0.43902439024390244,0.04220248101265823,79000000
Primary_Producers,0.43902439024390244,0.0422060875,80000000
Primary_Producers,0.43902439024390244,0.04220482716049383,81000000
Primary_Producers,0.43902439024390244,0.04220535365853659,82000000
Primary_Producers,0.43902439024390244,0.042207951807228916,83000000
Primary_Producers,0.43902439024390244,0.042212011904761905,84000000
Primary_Producers,0.43902439024390244,0.042210647058823526,85000000
Primary_Producers,0.43902439024390244,0.04221044186046512,86000000
Primary_Producers,0.43902439024390244,0.042211,87000000
Primary_Producers,0.43902439024390244,0.04220678409090909,88000000
Primary_Producers,0.43902439024390244,0.04220495505617978,89000000
Primary_Producers,0.43902439024390244,0.0422063,90000000
Primary_Producers,0.43902439024390244,0.042206395604395604,91000000
Primary_Producers,0.43902439024390244,0.04220766304347826,92000000
Primary_Producers,0.43902439024390244,0.042210021505376345,93000000
Primary_Producers,0.43902439024390244,0.04221082978723404,94000000
Primary_Producers,0.43902439024390244,0.04221231578947368,95000000
Primary_Producers,0.43902439024390244,0.04221319791666667,96000000
Primary_Producers,0.43902439024390244,0.042216773195876287,97000000
Primary_Producers,0.43902439024390244,0.04221734693877551,98000000
Primary_Producers,0.43902439024390244,0.042217565656565655,99000000
Primary_Producers,0.43902439024390244,0.04221876,100000000
