Primary_Producers,0.7243537414965986,0.691082,1000000
Primary_Producers,0.7243537414965986,0.69088,2000000
Primary_Producers,0.7243537414965986,0.6909743333333334,3000000
Primary_Producers,0.7243537414965986,0.69110475,4000000
Primary_Producers,0.7243537414965986,0.6910456,5000000
Primary_Producers,0.7243537414965986,0.6910195,6000000
Primary_Producers,0.7243537414965986,0.6909171428571429,7000000
Primary_Producers,0.7243537414965986,0.69088175,8000000
Primary_Producers,0.7243537414965986,0.6908985555555556,9000000
Primary_Producers,0.7243537414965986,0.6908372,10000000
Primary_Producers,0.7243537414965986,0.6908464545454546,11000000
Primary_Producers,0.7243537414965986,0.69078825,12000000
Primary_Producers,0.7243537414965986,0.6907601538461539,13000000
Primary_Producers,0.7243537414965986,0.6907257857142857,14000000
Primary_Producers,0.7243537414965986,0.6907132,15000000
Primary_Producers,0.7243537414965986,0.6907373125,16000000
Primary_Producers,0.7243537414965986,0.6907589411764706,17000000
Primary_Producers,0.7243537414965986,0.6907672777777778,18000000
Primary_Producers,0.7243537414965986,0.6907473684210527,19000000
Primary_Producers,0.7243537414965986,0.6907085,20000000
Primary_Producers,0.7243537414965986,0.6906658571428571,21000000
Primary_Producers,0.7243537414965986,0.6906427727272727,22000000
Primary_Producers,0.7243537414965986,0.6906371739130435,23000000
Primary_Producers,0.7243537414965986,0.690628125,24000000
Primary_Producers,0.7243537414965986,0.69060636,25000000
Primary_Producers,0.7243537414965986,0.6906187692307693,26000000
Primary_Producers,0.7243537414965986,0.6905967777777777,27000000
Primary_Producers,0.7243537414965986,0.690596,28000000
Primary_Producers,0.7243537414965986,0.6906211034482759,29000000
Primary_Producers,0.7243537414965986,0.6906116666666666,30000000
Primary_Producers,0.7243537414965986,0.6906123870967742,31000000
Primary_Producers,0.7243537414965986,0.69060590625,32000000
Primary_Producers,0.7243537414965986,0.6905846969696969,33000000
Primary_Producers,0.7243537414965986,0.6906171470588235,34000000
Primary_Producers,0.7243537414965986,0.6906051428571428,35000000
Primary_Producers,0.7243537414965986,0.6906129166666667,36000000
Primary_Producers,0.7243537414965986,0.6906251081081081,37000000
Primary_Producers,0.7243537414965986,0.6906101315789474,38000000
Primary_Producers,0.7243537414965986,0.6906149743589743,39000000
Primary_Producers,0.7243537414965986,0.690604125,40000000
Primary_Producers,0.7243537414965986,0.6905997073170732,41000000
Primary_Producers,0.7243537414965986,0.6906066428571429,42000000
Primary_Producers,0.7243537414965986,0.6906129069767442,43000000
Primary_Producers,0.7243537414965986,0.6906182045454545,44000000
Primary_Producers,0.7243537414965986,0.6906142444444444,45000000
Primary_Producers,0.7243537414965986,0.6906116086956522,46000000
Primary_Producers,0.7243537414965986,0.6906021489361702,47000000
Primary_Producers,0.7243537414965986,0.6905912916666667,48000000
Primary_Producers,0.7243537414965986,0.6905908775510204,49000000
Primary_Producers,0.7243537414965986,0.69059244,50000000
Primary_Producers,0.7243537414965986,0.6905905490196078,51000000
Primary_Producers,0.7243537414965986,0.6905943269230769,52000000
Primary_Producers,0.7243537414965986,0.6905886037735849,53000000
Primary_Producers,0.7243537414965986,0.690597,54000000
Primary_Producers,0.7243537414965986,0.6905870545454545,55000000
Primary_Producers,0.7243537414965986,0.6905899285714285,56000000
Primary_Producers,0.7243537414965986,0.6905801929824561,57000000
Primary_Producers,0.7243537414965986,0.6905833448275862,58000000
Primary_Producers,0.7243537414965986,0.6905728813559322,59000000
Primary_Producers,0.7243537414965986,0.6905629333333333,60000000
Primary_Producers,0.7243537414965986,0.6905650983606557,61000000
Primary_Producers,0.7243537414965986,0.6905665483870967,62000000
Primary_Producers,0.7243537414965986,0.6905700476190476,63000000
Primary_Producers,0.7243537414965986,0.690582578125,64000000
Primary_Producers,0.7243537414965986,0.6905728153846153,65000000
Primary_Producers,0.7243537414965986,0.6905641666666666,66000000
Primary_Producers,0.7243537414965986,0.6905677611940298,67000000
Primary_Producers,0.7243537414965986,0.6905631470588235,68000000
Primary_Producers,0.7243537414965986,0.6905592463768115,69000000
Primary_Producers,0.7243537414965986,0.6905606,70000000
Primary_Producers,0.7243537414965986,0.6905637746478873,71000000
Primary_Producers,0.7243537414965986,0.6905664166666666,72000000
Primary_Producers,0.7243537414965986,0.6905675342465754,73000000
Primary_Producers,0.7243537414965986,0.6905600810810811,74000000
Primary_Producers,0.7243537414965986,0.69055804,75000000
Primary_Producers,0.7243537414965986,0.6905488684210527,76000000
Primary_Producers,0.7243537414965986,0.6905521428571428,77000000
Primary_Producers,0.7243537414965986,0.6905571025641025,78000000
Primary_Producers,0.7243537414965986,0.6905635063291139,79000000
Primary_Producers,0.7243537414965986,0.6905627375,80000000
Primary_Producers,0.7243537414965986,0.6905706543209876,81000000
Primary_Producers,0.7243537414965986,0.690580256097561,82000000
Primary_Producers,0.7243537414965986,0.6905852530120482,83000000
Primary_Producers,0.7243537414965986,0.6905908333333334,84000000
Primary_Producers,0.7243537414965986,0.6906011294117647,85000000
Primary_Producers,0.7243537414965986,0.6906067325581395,86000000
Primary_Producers,0.7243537414965986,0.6906058735632183,87000000
Primary_Producers,0.7243537414965986,0.6906116931818181,88000000
Primary_Producers,0.7243537414965986,0.6906185168539326,89000000
Primary_Producers,0.7243537414965986,0.6906133333333333,90000000
Primary_Producers,0.7243537414965986,0.690610076923077,91000000
Primary_Producers,0.7243537414965986,0.6906090652173913,92000000
Primary_Producers,0.7243537414965986,0.6906101397849462,93000000
Primary_Producers,0.7243537414965986,0.6906054680851064,94000000
Primary_Producers,0.7243537414965986,0.6906088315789474,95000000
Primary_Producers,0.7243537414965986,0.6906105520833333,96000000
Primary_Producers,0.7243537414965986,0.6906092989690722,97000000
Primary_Producers,0.7243537414965986,0.6906073367346939,98000000
Primary_Producers,0.7243537414965986,0.6906053838383839,99000000
Primary_Producers,0.7243537414965986,0.69061146,100000000
