Primary_Producers,0.8185322672758425,0.258295,1000000
Primary_Producers,0.8185322672758425,0.2585815,2000000
Primary_Producers,0.8185322672758425,0.2587103333333333,3000000
Primary_Producers,0.8185322672758425,0.258688,4000000
Primary_Producers,0.8185322672758425,0.2586402,5000000
Primary_Producers,0.8185322672758425,0.25868566666666665,6000000
Primary_Producers,0.8185322672758425,0.2587224285714286,7000000
Primary_Producers,0.8185322672758425,0.258715,8000000
Primary_Producers,0.8185322672758425,0.25867355555555555,9000000
Primary_Producers,0.8185322672758425,0.2586426,10000000
Primary_Producers,0.8185322672758425,0.2585713636363636,11000000
Primary_Producers,0.8185322672758425,0.25851358333333335,12000000
Primary_Producers,0.8185322672758425,0.2584786923076923,13000000
Primary_Producers,0.8185322672758425,0.2584262142857143,14000000
Primary_Producers,0.8185322672758425,0.2584341333333333,15000000
Primary_Producers,0.8185322672758425,0.25845575,16000000
Primary_Producers,0.8185322672758425,0.2584389411764706,17000000
Primary_Producers,0.8185322672758425,0.2584715,18000000
Primary_Producers,0.8185322672758425,0.25848036842105265,19000000
Primary_Producers,0.8185322672758425,0.2584834,20000000
Primary_Producers,0.8185322672758425,0.25847561904761907,21000000
Primary_Producers,0.8185322672758425,0.25845131818181816,22000000
Primary_Producers,0.8185322672758425,0.2584437391304348,23000000
Primary_Producers,0.8185322672758425,0.25844558333333334,24000000
Primary_Producers,0.8185322672758425,0.25845268,25000000
Primary_Producers,0.8185322672758425,0.2584979230769231,26000000
Primary_Producers,0.8185322672758425,0.2584932222222222,27000000
Primary_Producers,0.8185322672758425,0.2584907142857143,28000000
Primary_Producers,0.8185322672758425,0.25851755172413793,29000000
Primary_Producers,0.8185322672758425,0.25849826666666664,30000000
Primary_Producers,0.8185322672758425,0.2585133225806452,31000000
Primary_Producers,0.8185322672758425,0.2585198125,32000000
Primary_Producers,0.8185322672758425,0.25849557575757576,33000000
Primary_Producers,0.8185322672758425,0.2585104117647059,34000000
Primary_Producers,0.8185322672758425,0.2584922,35000000
Primary_Producers,0.8185322672758425,0.2585093888888889,36000000
Primary_Producers,0.8185322672758425,0.25850086486486484,37000000
Primary_Producers,0.8185322672758425,0.2585103157894737,38000000
Primary_Producers,0.8185322672758425,0.25850305128205125,39000000
Primary_Producers,0.8185322672758425,0.258497,40000000
Primary_Producers,0.8185322672758425,0.2584846341463415,41000000
Primary_Producers,0.8185322672758425,0.25848242857142856,42000000
Primary_Producers,0.8185322672758425,0.25848193023255817,43000000
Primary_Producers,0.8185322672758425,0.25848604545454545,44000000
Primary_Producers,0.8185322672758425,0.25849653333333333,45000000
Primary_Producers,0.8185322672758425,0.2585063260869565,46000000
Primary_Producers,0.8185322672758425,0.2585033617021277,47000000
Primary_Producers,0.8185322672758425,0.258505,48000000
Primary_Producers,0.8185322672758425,0.25851285714285716,49000000
Primary_Producers,0.8185322672758425,0.25851248,50000000
Primary_Producers,0.8185322672758425,0.258526568627451,51000000
Primary_Producers,0.8185322672758425,0.25852986538461536,52000000
Primary_Producers,0.8185322672758425,0.25851475471698115,53000000
Primary_Producers,0.8185322672758425,0.2585071481481481,54000000
Primary_Producers,0.8185322672758425,0.2585118181818182,55000000
Primary_Producers,0.8185322672758425,0.25851885714285716,56000000
Primary_Producers,0.8185322672758425,0.2585156140350877,57000000
Primary_Producers,0.8185322672758425,0.25851143103448276,58000000
Primary_Producers,0.8185322672758425,0.258502406779661,59000000
Primary_Producers,0.8185322672758425,0.2585013666666667,60000000
Primary_Producers,0.8185322672758425,0.2585188360655738,61000000
Primary_Producers,0.8185322672758425,0.2585038064516129,62000000
Primary_Producers,0.8185322672758425,0.2585138412698413,63000000
Primary_Producers,0.8185322672758425,0.25851971875,64000000
Primary_Producers,0.8185322672758425,0.2585198307692308,65000000
Primary_Producers,0.8185322672758425,0.25851775757575757,66000000
Primary_Producers,0.8185322672758425,0.2585317014925373,67000000
Primary_Producers,0.8185322672758425,0.25852901470588235,68000000
Primary_Producers,0.8185322672758425,0.2585226086956522,69000000
Primary_Producers,0.8185322672758425,0.2585277714285714,70000000
Primary_Producers,0.8185322672758425,0.25852161971830984,71000000
Primary_Producers,0.8185322672758425,0.25852294444444446,72000000
Primary_Producers,0.8185322672758425,0.2585245890410959,73000000
Primary_Producers,0.8185322672758425,0.25852663513513513,74000000
Primary_Producers,0.8185322672758425,0.25853528,75000000
Primary_Producers,0.8185322672758425,0.2585317763157895,76000000
Primary_Producers,0.8185322672758425,0.2585333766233766,77000000
Primary_Producers,0.8185322672758425,0.2585308333333333,78000000
Primary_Producers,0.8185322672758425,0.2585501012658228,79000000
Primary_Producers,0.8185322672758425,0.258548075,80000000
Primary_Producers,0.8185322672758425,0.2585430617283951,81000000
Primary_Producers,0.8185322672758425,0.25855171951219513,82000000
Primary_Producers,0.8185322672758425,0.25856038554216865,83000000
Primary_Producers,0.8185322672758425,0.25856016666666665,84000000
Primary_Producers,0.8185322672758425,0.2585587764705882,85000000
Primary_Producers,0.8185322672758425,0.2585547906976744,86000000
Primary_Producers,0.8185322672758425,0.2585542528735632,87000000
Primary_Producers,0.8185322672758425,0.2585559659090909,88000000
Primary_Producers,0.8185322672758425,0.25856008988764045,89000000
Primary_Producers,0.8185322672758425,0.25854965555555554,90000000
Primary_Producers,0.8185322672758425,0.25855106593406596,91000000
Primary_Producers,0.8185322672758425,0.2585497717391304,92000000
Primary_Producers,0.8185322672758425,0.2585525268817204,93000000
Primary_Producers,0.8185322672758425,0.25855459574468087,94000000
Primary_Producers,0.8185322672758425,0.2585530631578947,95000000
Primary_Producers,0.8185322672758425,0.25855134375,96000000
Primary_Producers,0.8185322672758425,0.2585488350515464,97000000
Primary_Producers,0.8185322672758425,0.25855058163265304,98000000
Primary_Producers,0.8185322672758425,0.2585537373737374,99000000
Primary_Producers,0.8185322672758425,0.25855463,100000000
