Primary_Producers,0.6529304029304029,9.3e-5,1000000
Primary_Producers,0.6529304029304029,0.0001085,2000000
Primary_Producers,0.6529304029304029,0.00010633333333333333,3000000
Primary_Producers,0.6529304029304029,0.00010325,4000000
Primary_Producers,0.6529304029304029,0.0001014,5000000
Primary_Producers,0.6529304029304029,0.00010333333333333333,6000000
Primary_Producers,0.6529304029304029,0.000103,7000000
Primary_Producers,0.6529304029304029,0.00010425,8000000
Primary_Producers,0.6529304029304029,0.00010644444444444445,9000000
Primary_Producers,0.6529304029304029,0.0001086,10000000
Primary_Producers,0.6529304029304029,0.00010954545454545455,11000000
Primary_Producers,0.6529304029304029,0.00011008333333333333,12000000
Primary_Producers,0.6529304029304029,0.0001113076923076923,13000000
Primary_Producers,0.6529304029304029,0.00011064285714285714,14000000
Primary_Producers,0.6529304029304029,0.00011026666666666667,15000000
Primary_Producers,0.6529304029304029,0.0001101875,16000000
Primary_Producers,0.6529304029304029,0.00011064705882352941,17000000
Primary_Producers,0.6529304029304029,0.0001105,18000000
Primary_Producers,0.6529304029304029,0.0001108421052631579,19000000
Primary_Producers,0.6529304029304029,0.00011175,20000000
Primary_Producers,0.6529304029304029,0.00011147619047619047,21000000
Primary_Producers,0.6529304029304029,0.00011136363636363636,22000000
Primary_Producers,0.6529304029304029,0.00011165217391304348,23000000
Primary_Producers,0.6529304029304029,0.00011141666666666667,24000000
Primary_Producers,0.6529304029304029,0.00011128,25000000
Primary_Producers,0.6529304029304029,0.00011123076923076923,26000000
Primary_Producers,0.6529304029304029,0.00011122222222222222,27000000
Primary_Producers,0.6529304029304029,0.00011117857142857142,28000000
Primary_Producers,0.6529304029304029,0.00011082758620689656,29000000
Primary_Producers,0.6529304029304029,0.00011106666666666666,30000000
Primary_Producers,0.6529304029304029,0.00011119354838709678,31000000
Primary_Producers,0.6529304029304029,0.00011125,32000000
Primary_Producers,0.6529304029304029,0.00011121212121212121,33000000
Primary_Producers,0.6529304029304029,0.0001113529411764706,34000000
Primary_Producers,0.6529304029304029,0.00011125714285714286,35000000
Primary_Producers,0.6529304029304029,0.00011113888888888889,36000000
Primary_Producers,0.6529304029304029,0.00011108108108108109,37000000
Primary_Producers,0.6529304029304029,0.00011092105263157895,38000000
Primary_Producers,0.6529304029304029,0.00011071794871794871,39000000
Primary_Producers,0.6529304029304029,0.000110875,40000000
Primary_Producers,0.6529304029304029,0.00011046341463414634,41000000
Primary_Producers,0.6529304029304029,0.00011045238095238095,42000000
Primary_Producers,0.6529304029304029,0.00011009302325581396,43000000
Primary_Producers,0.6529304029304029,0.0001104090909090909,44000000
Primary_Producers,0.6529304029304029,0.0001107111111111111,45000000
Primary_Producers,0.6529304029304029,0.00011054347826086956,46000000
Primary_Producers,0.6529304029304029,0.00011068085106382979,47000000
Primary_Producers,0.6529304029304029,0.00011060416666666666,48000000
Primary_Producers,0.6529304029304029,0.00011087755102040816,49000000
Primary_Producers,0.6529304029304029,0.00011082,50000000
Primary_Producers,0.6529304029304029,0.00011072549019607843,51000000
Primary_Producers,0.6529304029304029,0.00011078846153846154,52000000
Primary_Producers,0.6529304029304029,0.00011109433962264151,53000000
Primary_Producers,0.6529304029304029,0.00011088888888888889,54000000
Primary_Producers,0.6529304029304029,0.00011090909090909092,55000000
Primary_Producers,0.6529304029304029,0.00011135714285714286,56000000
Primary_Producers,0.6529304029304029,0.00011135087719298246,57000000
Primary_Producers,0.6529304029304029,0.00011122413793103448,58000000
Primary_Producers,0.6529304029304029,0.00011122033898305085,59000000
Primary_Producers,0.6529304029304029,0.00011128333333333333,60000000
Primary_Producers,0.6529304029304029,0.00011129508196721311,61000000
Primary_Producers,0.6529304029304029,0.00011108064516129032,62000000
Primary_Producers,0.6529304029304029,0.00011115873015873016,63000000
Primary_Producers,0.6529304029304029,0.00011109375,64000000
Primary_Producers,0.6529304029304029,0.00011095384615384615,65000000
Primary_Producers,0.6529304029304029,0.00011092424242424242,66000000
Primary_Producers,0.6529304029304029,0.00011061194029850746,67000000
Primary_Producers,0.6529304029304029,0.00011061764705882353,68000000
Primary_Producers,0.6529304029304029,0.00011044927536231884,69000000
Primary_Producers,0.6529304029304029,0.00011012857142857143,70000000
Primary_Producers,0.6529304029304029,0.00010984507042253521,71000000
Primary_Producers,0.6529304029304029,0.00010976388888888889,72000000
Primary_Producers,0.6529304029304029,0.00010965753424657535,73000000
Primary_Producers,0.6529304029304029,0.0001095,74000000
Primary_Producers,0.6529304029304029,0.00010938666666666667,75000000
Primary_Producers,0.6529304029304029,0.00010926315789473684,76000000
Primary_Producers,0.6529304029304029,0.00010928571428571428,77000000
Primary_Producers,0.6529304029304029,0.00010925641025641025,78000000
Primary_Producers,0.6529304029304029,0.00010916455696202531,79000000
Primary_Producers,0.6529304029304029,0.00010925,80000000
Primary_Producers,0.6529304029304029,0.0001091604938271605,81000000
Primary_Producers,0.6529304029304029,0.00010913414634146342,82000000
Primary_Producers,0.6529304029304029,0.00010916867469879517,83000000
Primary_Producers,0.6529304029304029,0.00010911904761904762,84000000
Primary_Producers,0.6529304029304029,0.00010915294117647058,85000000
Primary_Producers,0.6529304029304029,0.00010919767441860465,86000000
Primary_Producers,0.6529304029304029,0.000109,87000000
Primary_Producers,0.6529304029304029,0.00010904545454545455,88000000
Primary_Producers,0.6529304029304029,0.00010921348314606741,89000000
Primary_Producers,0.6529304029304029,0.00010933333333333334,90000000
Primary_Producers,0.6529304029304029,0.00010923076923076923,91000000
Primary_Producers,0.6529304029304029,0.00010926086956521739,92000000
Primary_Producers,0.6529304029304029,0.00010934408602150538,93000000
Primary_Producers,0.6529304029304029,0.00010936170212765957,94000000
Primary_Producers,0.6529304029304029,0.00010942105263157895,95000000
Primary_Producers,0.6529304029304029,0.00010936458333333333,96000000
Primary_Producers,0.6529304029304029,0.0001095360824742268,97000000
Primary_Producers,0.6529304029304029,0.00010975510204081633,98000000
Primary_Producers,0.6529304029304029,0.00010985858585858586,99000000
Primary_Producers,0.6529304029304029,0.00010987,100000000
