Primary_Producers,0.5873379099923723,0.554246,1000000
Primary_Producers,0.5873379099923723,0.5538565,2000000
Primary_Producers,0.5873379099923723,0.5540203333333333,3000000
Primary_Producers,0.5873379099923723,0.5539855,4000000
Primary_Producers,0.5873379099923723,0.553981,5000000
Primary_Producers,0.5873379099923723,0.5540171666666667,6000000
Primary_Producers,0.5873379099923723,0.5540604285714286,7000000
Primary_Producers,0.5873379099923723,0.553969875,8000000
Primary_Producers,0.5873379099923723,0.55398,9000000
Primary_Producers,0.5873379099923723,0.5539389,10000000
Primary_Producers,0.5873379099923723,0.5539740909090909,11000000
Primary_Producers,0.5873379099923723,0.55388425,12000000
Primary_Producers,0.5873379099923723,0.5538859230769231,13000000
Primary_Producers,0.5873379099923723,0.5539155,14000000
Primary_Producers,0.5873379099923723,0.5538886666666667,15000000
Primary_Producers,0.5873379099923723,0.553888625,16000000
Primary_Producers,0.5873379099923723,0.5538087647058824,17000000
Primary_Producers,0.5873379099923723,0.5538311666666667,18000000
Primary_Producers,0.5873379099923723,0.5538505789473684,19000000
Primary_Producers,0.5873379099923723,0.55386,20000000
Primary_Producers,0.5873379099923723,0.5539019523809524,21000000
Primary_Producers,0.5873379099923723,0.5538937727272727,22000000
Primary_Producers,0.5873379099923723,0.5538675217391305,23000000
Primary_Producers,0.5873379099923723,0.553852625,24000000
Primary_Producers,0.5873379099923723,0.55386576,25000000
Primary_Producers,0.5873379099923723,0.5538512692307692,26000000
Primary_Producers,0.5873379099923723,0.5538506666666667,27000000
Primary_Producers,0.5873379099923723,0.5538372142857143,28000000
Primary_Producers,0.5873379099923723,0.5538111034482759,29000000
Primary_Producers,0.5873379099923723,0.5538219333333333,30000000
Primary_Producers,0.5873379099923723,0.5537985806451613,31000000
Primary_Producers,0.5873379099923723,0.5537894375,32000000
Primary_Producers,0.5873379099923723,0.5537833636363636,33000000
Primary_Producers,0.5873379099923723,0.5537763529411764,34000000
Primary_Producers,0.5873379099923723,0.5537708571428571,35000000
Primary_Producers,0.5873379099923723,0.5537818611111112,36000000
Primary_Producers,0.5873379099923723,0.5537816756756757,37000000
Primary_Producers,0.5873379099923723,0.5537786842105263,38000000
Primary_Producers,0.5873379099923723,0.5537667179487179,39000000
Primary_Producers,0.5873379099923723,0.5537537,40000000
Primary_Producers,0.5873379099923723,0.5537409268292683,41000000
Primary_Producers,0.5873379099923723,0.5537579047619048,42000000
Primary_Producers,0.5873379099923723,0.5537444418604651,43000000
Primary_Producers,0.5873379099923723,0.5537465,44000000
Primary_Producers,0.5873379099923723,0.5537705555555555,45000000
Primary_Producers,0.5873379099923723,0.5537841304347826,46000000
Primary_Producers,0.5873379099923723,0.5537835106382979,47000000
Primary_Producers,0.5873379099923723,0.5537797916666667,48000000
Primary_Producers,0.5873379099923723,0.5537739591836734,49000000
Primary_Producers,0.5873379099923723,0.55376718,50000000
Primary_Producers,0.5873379099923723,0.5537849411764706,51000000
Primary_Producers,0.5873379099923723,0.553780673076923,52000000
Primary_Producers,0.5873379099923723,0.5537707547169811,53000000
Primary_Producers,0.5873379099923723,0.5537719629629629,54000000
Primary_Producers,0.5873379099923723,0.5537742181818182,55000000
Primary_Producers,0.5873379099923723,0.553765,56000000
Primary_Producers,0.5873379099923723,0.5537681052631579,57000000
Primary_Producers,0.5873379099923723,0.553776724137931,58000000
Primary_Producers,0.5873379099923723,0.5537686949152543,59000000
Primary_Producers,0.5873379099923723,0.5537706,60000000
Primary_Producers,0.5873379099923723,0.5537678524590164,61000000
Primary_Producers,0.5873379099923723,0.5537689032258064,62000000
Primary_Producers,0.5873379099923723,0.5537662698412699,63000000
Primary_Producers,0.5873379099923723,0.55376790625,64000000
Primary_Producers,0.5873379099923723,0.5537676923076923,65000000
Primary_Producers,0.5873379099923723,0.5537611212121212,66000000
Primary_Producers,0.5873379099923723,0.5537706119402985,67000000
Primary_Producers,0.5873379099923723,0.5537851029411764,68000000
Primary_Producers,0.5873379099923723,0.5537924492753623,69000000
Primary_Producers,0.5873379099923723,0.5537939428571429,70000000
Primary_Producers,0.5873379099923723,0.5537880845070422,71000000
Primary_Producers,0.5873379099923723,0.5537937083333333,72000000
Primary_Producers,0.5873379099923723,0.5537880821917808,73000000
Primary_Producers,0.5873379099923723,0.5537857567567568,74000000
Primary_Producers,0.5873379099923723,0.55379216,75000000
Primary_Producers,0.5873379099923723,0.5537908157894736,76000000
Primary_Producers,0.5873379099923723,0.5537873636363636,77000000
Primary_Producers,0.5873379099923723,0.553784,78000000
Primary_Producers,0.5873379099923723,0.5537902658227848,79000000
Primary_Producers,0.5873379099923723,0.5537929,80000000
Primary_Producers,0.5873379099923723,0.5537894814814814,81000000
Primary_Producers,0.5873379099923723,0.553788743902439,82000000
Primary_Producers,0.5873379099923723,0.5537813855421687,83000000
Primary_Producers,0.5873379099923723,0.5537760952380952,84000000
Primary_Producers,0.5873379099923723,0.5537712235294118,85000000
Primary_Producers,0.5873379099923723,0.5537742674418604,86000000
Primary_Producers,0.5873379099923723,0.5537777586206897,87000000
Primary_Producers,0.5873379099923723,0.5537812386363636,88000000
Primary_Producers,0.5873379099923723,0.5537888202247191,89000000
Primary_Producers,0.5873379099923723,0.5537964222222223,90000000
Primary_Producers,0.5873379099923723,0.5537885164835165,91000000
Primary_Producers,0.5873379099923723,0.5537950978260869,92000000
Primary_Producers,0.5873379099923723,0.5537913978494624,93000000
Primary_Producers,0.5873379099923723,0.5537939574468085,94000000
Primary_Producers,0.5873379099923723,0.5537893894736842,95000000
Primary_Producers,0.5873379099923723,0.5537895833333333,96000000
Primary_Producers,0.5873379099923723,0.5537911546391753,97000000
Primary_Producers,0.5873379099923723,0.5537884489795918,98000000
Primary_Producers,0.5873379099923723,0.5537968484848484,99000000
Primary_Producers,0.5873379099923723,0.55379362,100000000
