Primary_Producers,0.8174447861336315,0.182545,1000000
Primary_Producers,0.8174447861336315,0.1825925,2000000
Primary_Producers,0.8174447861336315,0.18262666666666666,3000000
Primary_Producers,0.8174447861336315,0.182741,4000000
Primary_Producers,0.8174447861336315,0.1827334,5000000
Primary_Producers,0.8174447861336315,0.182801,6000000
Primary_Producers,0.8174447861336315,0.18277757142857143,7000000
Primary_Producers,0.8174447861336315,0.182724,8000000
Primary_Producers,0.8174447861336315,0.1827371111111111,9000000
Primary_Producers,0.8174447861336315,0.1827576,10000000
Primary_Producers,0.8174447861336315,0.18272781818181819,11000000
Primary_Producers,0.8174447861336315,0.18270941666666668,12000000
Primary_Producers,0.8174447861336315,0.18270623076923076,13000000
Primary_Producers,0.8174447861336315,0.1826712857142857,14000000
Primary_Producers,0.8174447861336315,0.18269113333333334,15000000
Primary_Producers,0.8174447861336315,0.1826930625,16000000
Primary_Producers,0.8174447861336315,0.182689,17000000
Primary_Producers,0.8174447861336315,0.18268883333333333,18000000
Primary_Producers,0.8174447861336315,0.18268452631578946,19000000
Primary_Producers,0.8174447861336315,0.18269865,20000000
Primary_Producers,0.8174447861336315,0.18270733333333333,21000000
Primary_Producers,0.8174447861336315,0.18268113636363636,22000000
Primary_Producers,0.8174447861336315,0.18266521739130434,23000000
Primary_Producers,0.8174447861336315,0.18265566666666666,24000000
Primary_Producers,0.8174447861336315,0.18266188,25000000
Primary_Producers,0.8174447861336315,0.18268715384615383,26000000
Primary_Producers,0.8174447861336315,0.1826732222222222,27000000
Primary_Producers,0.8174447861336315,0.18267985714285714,28000000
Primary_Producers,0.8174447861336315,0.18270489655172414,29000000
Primary_Producers,0.8174447861336315,0.18268856666666666,30000000
Primary_Producers,0.8174447861336315,0.18269151612903226,31000000
Primary_Producers,0.8174447861336315,0.1826885,32000000
Primary_Producers,0.8174447861336315,0.18266478787878787,33000000
Primary_Producers,0.8174447861336315,0.1826639117647059,34000000
Primary_Producers,0.8174447861336315,0.18266162857142856,35000000
Primary_Producers,0.8174447861336315,0.18268330555555556,36000000
Primary_Producers,0.8174447861336315,0.1826728108108108,37000000
Primary_Producers,0.8174447861336315,0.18268034210526315,38000000
Primary_Producers,0.8174447861336315,0.18267828205128206,39000000
Primary_Producers,0.8174447861336315,0.18268175,40000000
Primary_Producers,0.8174447861336315,0.18266173170731706,41000000
Primary_Producers,0.8174447861336315,0.1826684523809524,42000000
Primary_Producers,0.8174447861336315,0.1826636046511628,43000000
Primary_Producers,0.8174447861336315,0.18267377272727273,44000000
Primary_Producers,0.8174447861336315,0.18268584444444444,45000000
Primary_Producers,0.8174447861336315,0.1826708695652174,46000000
Primary_Producers,0.8174447861336315,0.18267512765957447,47000000
Primary_Producers,0.8174447861336315,0.1826726875,48000000
Primary_Producers,0.8174447861336315,0.18266832653061224,49000000
Primary_Producers,0.8174447861336315,0.18265986,50000000
Primary_Producers,0.8174447861336315,0.1826655882352941,51000000
Primary_Producers,0.8174447861336315,0.1826620576923077,52000000
Primary_Producers,0.8174447861336315,0.18265750943396225,53000000
Primary_Producers,0.8174447861336315,0.18265957407407407,54000000
Primary_Producers,0.8174447861336315,0.18265949090909092,55000000
Primary_Producers,0.8174447861336315,0.18266344642857144,56000000
Primary_Producers,0.8174447861336315,0.18265756140350878,57000000
Primary_Producers,0.8174447861336315,0.18265387931034482,58000000
Primary_Producers,0.8174447861336315,0.18265047457627118,59000000
Primary_Producers,0.8174447861336315,0.18265695,60000000
Primary_Producers,0.8174447861336315,0.1826629836065574,61000000
Primary_Producers,0.8174447861336315,0.18266074193548387,62000000
Primary_Producers,0.8174447861336315,0.18266609523809524,63000000
Primary_Producers,0.8174447861336315,0.182670078125,64000000
Primary_Producers,0.8174447861336315,0.18267138461538462,65000000
Primary_Producers,0.8174447861336315,0.18266804545454546,66000000
Primary_Producers,0.8174447861336315,0.18267383582089552,67000000
Primary_Producers,0.8174447861336315,0.18268082352941176,68000000
Primary_Producers,0.8174447861336315,0.18267965217391305,69000000
Primary_Producers,0.8174447861336315,0.1826850857142857,70000000
Primary_Producers,0.8174447861336315,0.1826879295774648,71000000
Primary_Producers,0.8174447861336315,0.18268675,72000000
Primary_Producers,0.8174447861336315,0.18268946575342465,73000000
Primary_Producers,0.8174447861336315,0.1826904054054054,74000000
Primary_Producers,0.8174447861336315,0.18268836,75000000
Primary_Producers,0.8174447861336315,0.18268267105263158,76000000
Primary_Producers,0.8174447861336315,0.18268422077922078,77000000
Primary_Producers,0.8174447861336315,0.18267603846153846,78000000
Primary_Producers,0.8174447861336315,0.18268545569620254,79000000
Primary_Producers,0.8174447861336315,0.1826832625,80000000
Primary_Producers,0.8174447861336315,0.1826761851851852,81000000
Primary_Producers,0.8174447861336315,0.18267682926829268,82000000
Primary_Producers,0.8174447861336315,0.18268201204819276,83000000
Primary_Producers,0.8174447861336315,0.18268390476190477,84000000
Primary_Producers,0.8174447861336315,0.18268424705882352,85000000
Primary_Producers,0.8174447861336315,0.18268486046511628,86000000
Primary_Producers,0.8174447861336315,0.18268036781609195,87000000
Primary_Producers,0.8174447861336315,0.18268277272727274,88000000
Primary_Producers,0.8174447861336315,0.18267934831460675,89000000
Primary_Producers,0.8174447861336315,0.18267596666666666,90000000
Primary_Producers,0.8174447861336315,0.1826787032967033,91000000
Primary_Producers,0.8174447861336315,0.18267597826086956,92000000
Primary_Producers,0.8174447861336315,0.18267801075268816,93000000
Primary_Producers,0.8174447861336315,0.1826807340425532,94000000
Primary_Producers,0.8174447861336315,0.18268097894736843,95000000
Primary_Producers,0.8174447861336315,0.18268080208333334,96000000
Primary_Producers,0.8174447861336315,0.18267560824742268,97000000
Primary_Producers,0.8174447861336315,0.18267731632653061,98000000
Primary_Producers,0.8174447861336315,0.18267572727272727,99000000
Primary_Producers,0.8174447861336315,0.18267587,100000000
