Consumers,0.3815201192250373,0.927561,1000000
Consumers,0.3815201192250373,0.9276545,2000000
Consumers,0.3815201192250373,0.9278183333333333,3000000
Consumers,0.3815201192250373,0.92779025,4000000
Consumers,0.3815201192250373,0.9276446,5000000
Consumers,0.3815201192250373,0.9276261666666666,6000000
Consumers,0.3815201192250373,0.9275628571428571,7000000
Consumers,0.3815201192250373,0.927602125,8000000
Consumers,0.3815201192250373,0.9275997777777778,9000000
Consumers,0.3815201192250373,0.92757,10000000
Consumers,0.3815201192250373,0.9275933636363637,11000000
Consumers,0.3815201192250373,0.9276455833333334,12000000
Consumers,0.3815201192250373,0.9276413846153846,13000000
Consumers,0.3815201192250373,0.9276452142857143,14000000
Consumers,0.3815201192250373,0.9276626,15000000
Consumers,0.3815201192250373,0.92768075,16000000
Consumers,0.3815201192250373,0.9276986470588235,17000000
Consumers,0.3815201192250373,0.9276900555555555,18000000
Consumers,0.3815201192250373,0.9277029473684211,19000000
Consumers,0.3815201192250373,0.92772865,20000000
Consumers,0.3815201192250373,0.9277282380952381,21000000
Consumers,0.3815201192250373,0.9277195454545455,22000000
Consumers,0.3815201192250373,0.9277336956521739,23000000
Consumers,0.3815201192250373,0.9277430833333333,24000000
Consumers,0.3815201192250373,0.92773408,25000000
Consumers,0.3815201192250373,0.9277305,26000000
Consumers,0.3815201192250373,0.9277347777777778,27000000
Consumers,0.3815201192250373,0.927737,28000000
Consumers,0.3815201192250373,0.9277333103448275,29000000
Consumers,0.3815201192250373,0.9277344666666667,30000000
Consumers,0.3815201192250373,0.9277396451612904,31000000
Consumers,0.3815201192250373,0.92772503125,32000000
Consumers,0.3815201192250373,0.9277125757575757,33000000
Consumers,0.3815201192250373,0.9277137941176471,34000000
Consumers,0.3815201192250373,0.9277148857142857,35000000
Consumers,0.3815201192250373,0.9277261111111111,36000000
Consumers,0.3815201192250373,0.9277238108108108,37000000
Consumers,0.3815201192250373,0.9277192894736842,38000000
Consumers,0.3815201192250373,0.9277265128205128,39000000
Consumers,0.3815201192250373,0.9277255,40000000
Consumers,0.3815201192250373,0.9277269756097561,41000000
Consumers,0.3815201192250373,0.927733380952381,42000000
Consumers,0.3815201192250373,0.9277232325581395,43000000
Consumers,0.3815201192250373,0.9277228863636363,44000000
Consumers,0.3815201192250373,0.9277184,45000000
Consumers,0.3815201192250373,0.9277113043478261,46000000
Consumers,0.3815201192250373,0.9277184468085107,47000000
Consumers,0.3815201192250373,0.9277148333333334,48000000
Consumers,0.3815201192250373,0.9277132040816326,49000000
Consumers,0.3815201192250373,0.92771336,50000000
Consumers,0.3815201192250373,0.927712705882353,51000000
Consumers,0.3815201192250373,0.9277118653846154,52000000
Consumers,0.3815201192250373,0.9277135094339622,53000000
Consumers,0.3815201192250373,0.9277091296296296,54000000
Consumers,0.3815201192250373,0.9277100727272727,55000000
Consumers,0.3815201192250373,0.92770775,56000000
Consumers,0.3815201192250373,0.927703298245614,57000000
Consumers,0.3815201192250373,0.9276969655172413,58000000
Consumers,0.3815201192250373,0.9277016779661017,59000000
Consumers,0.3815201192250373,0.9277042,60000000
Consumers,0.3815201192250373,0.9277039508196722,61000000
Consumers,0.3815201192250373,0.9277094838709677,62000000
Consumers,0.3815201192250373,0.9276988412698413,63000000
Consumers,0.3815201192250373,0.927704734375,64000000
Consumers,0.3815201192250373,0.927699723076923,65000000
Consumers,0.3815201192250373,0.9277044242424243,66000000
Consumers,0.3815201192250373,0.9277002985074627,67000000
Consumers,0.3815201192250373,0.9276962205882353,68000000
Consumers,0.3815201192250373,0.9276962608695652,69000000
Consumers,0.3815201192250373,0.9276937285714286,70000000
Consumers,0.3815201192250373,0.927698,71000000
Consumers,0.3815201192250373,0.9276961527777777,72000000
Consumers,0.3815201192250373,0.9276928082191781,73000000
Consumers,0.3815201192250373,0.9276975810810811,74000000
Consumers,0.3815201192250373,0.9276976666666666,75000000
Consumers,0.3815201192250373,0.9276934736842105,76000000
Consumers,0.3815201192250373,0.9276953636363636,77000000
Consumers,0.3815201192250373,0.927698,78000000
Consumers,0.3815201192250373,0.9276961012658228,79000000
Consumers,0.3815201192250373,0.9277022,80000000
Consumers,0.3815201192250373,0.9277044320987654,81000000
Consumers,0.3815201192250373,0.9277074634146342,82000000
Consumers,0.3815201192250373,0.9277121445783133,83000000
Consumers,0.3815201192250373,0.9277120952380953,84000000
Consumers,0.3815201192250373,0.9277134,85000000
Consumers,0.3815201192250373,0.9277122093023256,86000000
Consumers,0.3815201192250373,0.9277131264367816,87000000
Consumers,0.3815201192250373,0.9277037386363637,88000000
Consumers,0.3815201192250373,0.9277013707865168,89000000
Consumers,0.3815201192250373,0.9277031555555556,90000000
Consumers,0.3815201192250373,0.9277076593406594,91000000
Consumers,0.3815201192250373,0.9277100434782609,92000000
Consumers,0.3815201192250373,0.9277041505376344,93000000
Consumers,0.3815201192250373,0.927705170212766,94000000
Consumers,0.3815201192250373,0.9277065368421052,95000000
Consumers,0.3815201192250373,0.927707,96000000
Consumers,0.3815201192250373,0.9277057422680413,97000000
Consumers,0.3815201192250373,0.9277032448979592,98000000
Consumers,0.3815201192250373,0.9277019898989899,99000000
Consumers,0.3815201192250373,0.92770136,100000000
