Parasites,0.4229508196721312,0.999694,1000000
Parasites,0.4229508196721312,0.999694,2000000
Parasites,0.4229508196721312,0.9996876666666666,3000000
Parasites,0.4229508196721312,0.9996855,4000000
Parasites,0.4229508196721312,0.9996804,5000000
Parasites,0.4229508196721312,0.9996811666666666,6000000
Parasites,0.4229508196721312,0.9996807142857143,7000000
Parasites,0.4229508196721312,0.999680625,8000000
Parasites,0.4229508196721312,0.9996768888888888,9000000
Parasites,0.4229508196721312,0.9996764,10000000
Parasites,0.4229508196721312,0.9996755454545454,11000000
Parasites,0.4229508196721312,0.99967775,12000000
Parasites,0.4229508196721312,0.9996793846153846,13000000
Parasites,0.4229508196721312,0.9996807142857143,14000000
Parasites,0.4229508196721312,0.9996812,15000000
Parasites,0.4229508196721312,0.9996844375,16000000
Parasites,0.4229508196721312,0.9996851176470588,17000000
Parasites,0.4229508196721312,0.9996848888888888,18000000
Parasites,0.4229508196721312,0.9996844210526316,19000000
Parasites,0.4229508196721312,0.99968635,20000000
Parasites,0.4229508196721312,0.9996881428571428,21000000
Parasites,0.4229508196721312,0.9996877272727273,22000000
Parasites,0.4229508196721312,0.999688652173913,23000000
Parasites,0.4229508196721312,0.9996894166666667,24000000
Parasites,0.4229508196721312,0.99969064,25000000
Parasites,0.4229508196721312,0.9996901153846154,26000000
Parasites,0.4229508196721312,0.9996904074074074,27000000
Parasites,0.4229508196721312,0.9996915,28000000
Parasites,0.4229508196721312,0.9996915517241379,29000000
Parasites,0.4229508196721312,0.9996905666666667,30000000
Parasites,0.4229508196721312,0.9996901290322581,31000000
Parasites,0.4229508196721312,0.9996893125,32000000
Parasites,0.4229508196721312,0.999689303030303,33000000
Parasites,0.4229508196721312,0.9996894411764706,34000000
Parasites,0.4229508196721312,0.9996878857142857,35000000
Parasites,0.4229508196721312,0.9996877222222222,36000000
Parasites,0.4229508196721312,0.9996873783783784,37000000
Parasites,0.4229508196721312,0.9996881052631579,38000000
Parasites,0.4229508196721312,0.9996875384615385,39000000
Parasites,0.4229508196721312,0.999688025,40000000
Parasites,0.4229508196721312,0.9996887804878049,41000000
Parasites,0.4229508196721312,0.9996887619047619,42000000
Parasites,0.4229508196721312,0.9996889534883721,43000000
Parasites,0.4229508196721312,0.9996891136363636,44000000
Parasites,0.4229508196721312,0.9996888888888888,45000000
Parasites,0.4229508196721312,0.999688652173913,46000000
Parasites,0.4229508196721312,0.9996881702127659,47000000
Parasites,0.4229508196721312,0.9996876041666667,48000000
Parasites,0.4229508196721312,0.9996873061224489,49000000
Parasites,0.4229508196721312,0.9996876,50000000
Parasites,0.4229508196721312,0.9996879607843138,51000000
Parasites,0.4229508196721312,0.9996873846153846,52000000
Parasites,0.4229508196721312,0.9996878301886792,53000000
Parasites,0.4229508196721312,0.9996878148148148,54000000
Parasites,0.4229508196721312,0.9996878,55000000
Parasites,0.4229508196721312,0.9996877857142857,56000000
Parasites,0.4229508196721312,0.9996873684210527,57000000
Parasites,0.4229508196721312,0.9996877931034482,58000000
Parasites,0.4229508196721312,0.9996878813559322,59000000
Parasites,0.4229508196721312,0.9996872666666666,60000000
Parasites,0.4229508196721312,0.9996873278688525,61000000
Parasites,0.4229508196721312,0.9996873387096774,62000000
Parasites,0.4229508196721312,0.9996872063492064,63000000
Parasites,0.4229508196721312,0.99968728125,64000000
Parasites,0.4229508196721312,0.9996870153846154,65000000
Parasites,0.4229508196721312,0.9996867878787878,66000000
Parasites,0.4229508196721312,0.9996863880597014,67000000
Parasites,0.4229508196721312,0.9996859264705882,68000000
Parasites,0.4229508196721312,0.9996862608695652,69000000
Parasites,0.4229508196721312,0.9996857714285714,70000000
Parasites,0.4229508196721312,0.9996859577464788,71000000
Parasites,0.4229508196721312,0.9996861805555556,72000000
Parasites,0.4229508196721312,0.9996863698630137,73000000
Parasites,0.4229508196721312,0.9996868243243243,74000000
Parasites,0.4229508196721312,0.99968668,75000000
Parasites,0.4229508196721312,0.9996867368421053,76000000
Parasites,0.4229508196721312,0.9996870259740259,77000000
Parasites,0.4229508196721312,0.9996874615384616,78000000
Parasites,0.4229508196721312,0.9996873164556962,79000000
Parasites,0.4229508196721312,0.9996873375,80000000
Parasites,0.4229508196721312,0.999686950617284,81000000
Parasites,0.4229508196721312,0.9996868902439024,82000000
Parasites,0.4229508196721312,0.9996871445783132,83000000
Parasites,0.4229508196721312,0.9996874166666667,84000000
Parasites,0.4229508196721312,0.9996874470588235,85000000
Parasites,0.4229508196721312,0.9996878720930232,86000000
Parasites,0.4229508196721312,0.999687816091954,87000000
Parasites,0.4229508196721312,0.9996878409090909,88000000
Parasites,0.4229508196721312,0.9996874943820224,89000000
Parasites,0.4229508196721312,0.9996871666666667,90000000
Parasites,0.4229508196721312,0.9996871978021978,91000000
Parasites,0.4229508196721312,0.9996870108695652,92000000
Parasites,0.4229508196721312,0.9996869677419354,93000000
Parasites,0.4229508196721312,0.9996872872340425,94000000
Parasites,0.4229508196721312,0.9996874210526315,95000000
Parasites,0.4229508196721312,0.9996873645833333,96000000
Parasites,0.4229508196721312,0.9996870927835052,97000000
Parasites,0.4229508196721312,0.9996869081632653,98000000
Parasites,0.4229508196721312,0.9996868888888889,99000000
Parasites,0.4229508196721312,0.99968693,100000000
