Herbivores,0.4644444444444444,0.026908,1000000
Herbivores,0.4644444444444444,0.027035,2000000
Herbivores,0.4644444444444444,0.027057666666666667,3000000
Herbivores,0.4644444444444444,0.0271425,4000000
Herbivores,0.4644444444444444,0.0271232,5000000
Herbivores,0.4644444444444444,0.027078333333333333,6000000
Herbivores,0.4644444444444444,0.027102428571428572,7000000
Herbivores,0.4644444444444444,0.02709325,8000000
Herbivores,0.4644444444444444,0.027074666666666667,9000000
Herbivores,0.4644444444444444,0.0270856,10000000
Herbivores,0.4644444444444444,0.027095,11000000
Herbivores,0.4644444444444444,0.027068833333333334,12000000
Herbivores,0.4644444444444444,0.027058461538461538,13000000
Herbivores,0.4644444444444444,0.027063214285714284,14000000
Herbivores,0.4644444444444444,0.0270646,15000000
Herbivores,0.4644444444444444,0.0270699375,16000000
Herbivores,0.4644444444444444,0.027083117647058823,17000000
Herbivores,0.4644444444444444,0.027078666666666668,18000000
Herbivores,0.4644444444444444,0.027073894736842106,19000000
Herbivores,0.4644444444444444,0.0270809,20000000
Herbivores,0.4644444444444444,0.027079142857142857,21000000
Herbivores,0.4644444444444444,0.02707968181818182,22000000
Herbivores,0.4644444444444444,0.02707608695652174,23000000
Herbivores,0.4644444444444444,0.027073166666666666,24000000
Herbivores,0.4644444444444444,0.02707188,25000000
Herbivores,0.4644444444444444,0.02708646153846154,26000000
Herbivores,0.4644444444444444,0.02708414814814815,27000000
Herbivores,0.4644444444444444,0.02707960714285714,28000000
Herbivores,0.4644444444444444,0.02707513793103448,29000000
Herbivores,0.4644444444444444,0.027072833333333334,30000000
Herbivores,0.4644444444444444,0.02707348387096774,31000000
Herbivores,0.4644444444444444,0.02707871875,32000000
Herbivores,0.4644444444444444,0.027083757575757577,33000000
Herbivores,0.4644444444444444,0.027080529411764705,34000000
Herbivores,0.4644444444444444,0.027085657142857142,35000000
Herbivores,0.4644444444444444,0.027084555555555556,36000000
Herbivores,0.4644444444444444,0.02708591891891892,37000000
Herbivores,0.4644444444444444,0.027081657894736842,38000000
Herbivores,0.4644444444444444,0.027086820512820513,39000000
Herbivores,0.4644444444444444,0.0270854,40000000
Herbivores,0.4644444444444444,0.027074878048780487,41000000
Herbivores,0.4644444444444444,0.02707511904761905,42000000
Herbivores,0.4644444444444444,0.02707313953488372,43000000
Herbivores,0.4644444444444444,0.02707147727272727,44000000
Herbivores,0.4644444444444444,0.027074933333333332,45000000
Herbivores,0.4644444444444444,0.027071086956521738,46000000
Herbivores,0.4644444444444444,0.027071191489361702,47000000
Herbivores,0.4644444444444444,0.027073333333333335,48000000
Herbivores,0.4644444444444444,0.02707561224489796,49000000
Herbivores,0.4644444444444444,0.02707536,50000000
Herbivores,0.4644444444444444,0.02707135294117647,51000000
Herbivores,0.4644444444444444,0.027068057692307693,52000000
Herbivores,0.4644444444444444,0.027068377358490565,53000000
Herbivores,0.4644444444444444,0.02706862962962963,54000000
Herbivores,0.4644444444444444,0.027069563636363637,55000000
Herbivores,0.4644444444444444,0.027074160714285714,56000000
Herbivores,0.4644444444444444,0.027076473684210525,57000000
Herbivores,0.4644444444444444,0.02707851724137931,58000000
Herbivores,0.4644444444444444,0.027077610169491527,59000000
Herbivores,0.4644444444444444,0.02707895,60000000
Herbivores,0.4644444444444444,0.027085098360655736,61000000
Herbivores,0.4644444444444444,0.02708172580645161,62000000
Herbivores,0.4644444444444444,0.027078428571428573,63000000
Herbivores,0.4644444444444444,0.02707725,64000000
Herbivores,0.4644444444444444,0.0270772,65000000
Herbivores,0.4644444444444444,0.027075575757575757,66000000
Herbivores,0.4644444444444444,0.02707610447761194,67000000
Herbivores,0.4644444444444444,0.02707945588235294,68000000
Herbivores,0.4644444444444444,0.02707868115942029,69000000
Herbivores,0.4644444444444444,0.027076642857142858,70000000
Herbivores,0.4644444444444444,0.02707412676056338,71000000
Herbivores,0.4644444444444444,0.027073875,72000000
Herbivores,0.4644444444444444,0.027077068493150686,73000000
Herbivores,0.4644444444444444,0.027071675675675675,74000000
Herbivores,0.4644444444444444,0.027068706666666668,75000000
Herbivores,0.4644444444444444,0.027070881578947367,76000000
Herbivores,0.4644444444444444,0.02707416883116883,77000000
Herbivores,0.4644444444444444,0.027073179487179487,78000000
Herbivores,0.4644444444444444,0.027072025316455695,79000000
Herbivores,0.4644444444444444,0.0270737875,80000000
Herbivores,0.4644444444444444,0.02707441975308642,81000000
Herbivores,0.4644444444444444,0.027073317073170733,82000000
Herbivores,0.4644444444444444,0.027075602409638553,83000000
Herbivores,0.4644444444444444,0.027076988095238095,84000000
Herbivores,0.4644444444444444,0.027078882352941175,85000000
Herbivores,0.4644444444444444,0.027078720930232558,86000000
Herbivores,0.4644444444444444,0.027075666666666668,87000000
Herbivores,0.4644444444444444,0.027076852272727273,88000000
Herbivores,0.4644444444444444,0.027079415730337078,89000000
Herbivores,0.4644444444444444,0.027080133333333332,90000000
Herbivores,0.4644444444444444,0.027079296703296705,91000000
Herbivores,0.4644444444444444,0.02707888043478261,92000000
Herbivores,0.4644444444444444,0.02708125806451613,93000000
Herbivores,0.4644444444444444,0.027077563829787234,94000000
Herbivores,0.4644444444444444,0.027077947368421052,95000000
Herbivores,0.4644444444444444,0.0270776875,96000000
Herbivores,0.4644444444444444,0.027077938144329898,97000000
Herbivores,0.4644444444444444,0.02707430612244898,98000000
Herbivores,0.4644444444444444,0.027075818181818184,99000000
Herbivores,0.4644444444444444,0.02707852,100000000
