Primary_Producers,0.7374768089053803,0.112206,1000000
Primary_Producers,0.7374768089053803,0.1122815,2000000
Primary_Producers,0.7374768089053803,0.11227066666666667,3000000
Primary_Producers,0.7374768089053803,0.1122,4000000
Primary_Producers,0.7374768089053803,0.112252,5000000
Primary_Producers,0.7374768089053803,0.11226583333333333,6000000
Primary_Producers,0.7374768089053803,0.112265,7000000
Primary_Producers,0.7374768089053803,0.112251,8000000
Primary_Producers,0.7374768089053803,0.11226777777777777,9000000
Primary_Producers,0.7374768089053803,0.1122836,10000000
Primary_Producers,0.7374768089053803,0.11229863636363636,11000000
Primary_Producers,0.7374768089053803,0.11228908333333333,12000000
Primary_Producers,0.7374768089053803,0.11229538461538462,13000000
Primary_Producers,0.7374768089053803,0.11227392857142857,14000000
Primary_Producers,0.7374768089053803,0.11227693333333333,15000000
Primary_Producers,0.7374768089053803,0.112283125,16000000
Primary_Producers,0.7374768089053803,0.11227688235294117,17000000
Primary_Producers,0.7374768089053803,0.11227816666666667,18000000
Primary_Producers,0.7374768089053803,0.11225857894736842,19000000
Primary_Producers,0.7374768089053803,0.11226635,20000000
Primary_Producers,0.7374768089053803,0.11225166666666667,21000000
Primary_Producers,0.7374768089053803,0.11224927272727273,22000000
Primary_Producers,0.7374768089053803,0.11223817391304348,23000000
Primary_Producers,0.7374768089053803,0.11223291666666667,24000000
Primary_Producers,0.7374768089053803,0.11221692,25000000
Primary_Producers,0.7374768089053803,0.1122231923076923,26000000
Primary_Producers,0.7374768089053803,0.11222907407407408,27000000
Primary_Producers,0.7374768089053803,0.11222735714285714,28000000
Primary_Producers,0.7374768089053803,0.11222910344827586,29000000
Primary_Producers,0.7374768089053803,0.11223113333333333,30000000
Primary_Producers,0.7374768089053803,0.11222625806451612,31000000
Primary_Producers,0.7374768089053803,0.1122223125,32000000
Primary_Producers,0.7374768089053803,0.1122030303030303,33000000
Primary_Producers,0.7374768089053803,0.11222567647058823,34000000
Primary_Producers,0.7374768089053803,0.11222922857142857,35000000
Primary_Producers,0.7374768089053803,0.11222597222222222,36000000
Primary_Producers,0.7374768089053803,0.11223248648648648,37000000
Primary_Producers,0.7374768089053803,0.11221747368421052,38000000
Primary_Producers,0.7374768089053803,0.1122177435897436,39000000
Primary_Producers,0.7374768089053803,0.1122141,40000000
Primary_Producers,0.7374768089053803,0.11221514634146341,41000000
Primary_Producers,0.7374768089053803,0.11221288095238095,42000000
Primary_Producers,0.7374768089053803,0.11222186046511629,43000000
Primary_Producers,0.7374768089053803,0.11221927272727272,44000000
Primary_Producers,0.7374768089053803,0.11221671111111112,45000000
Primary_Producers,0.7374768089053803,0.11222552173913043,46000000
Primary_Producers,0.7374768089053803,0.11222265957446809,47000000
Primary_Producers,0.7374768089053803,0.11222375,48000000
Primary_Producers,0.7374768089053803,0.11222536734693878,49000000
Primary_Producers,0.7374768089053803,0.1122156,50000000
Primary_Producers,0.7374768089053803,0.11221809803921569,51000000
Primary_Producers,0.7374768089053803,0.11222423076923077,52000000
Primary_Producers,0.7374768089053803,0.11222730188679245,53000000
Primary_Producers,0.7374768089053803,0.11222222222222222,54000000
Primary_Producers,0.7374768089053803,0.11221643636363636,55000000
Primary_Producers,0.7374768089053803,0.11220901785714285,56000000
Primary_Producers,0.7374768089053803,0.11220233333333333,57000000
Primary_Producers,0.7374768089053803,0.11220839655172414,58000000
Primary_Producers,0.7374768089053803,0.11220810169491525,59000000
Primary_Producers,0.7374768089053803,0.11221098333333333,60000000
Primary_Producers,0.7374768089053803,0.11220993442622951,61000000
Primary_Producers,0.7374768089053803,0.11221666129032258,62000000
Primary_Producers,0.7374768089053803,0.11222836507936508,63000000
Primary_Producers,0.7374768089053803,0.112235296875,64000000
Primary_Producers,0.7374768089053803,0.11223683076923077,65000000
Primary_Producers,0.7374768089053803,0.11222286363636363,66000000
Primary_Producers,0.7374768089053803,0.11222797014925373,67000000
Primary_Producers,0.7374768089053803,0.11223277941176471,68000000
Primary_Producers,0.7374768089053803,0.11223136231884058,69000000
Primary_Producers,0.7374768089053803,0.11222711428571429,70000000
Primary_Producers,0.7374768089053803,0.11222695774647887,71000000
Primary_Producers,0.7374768089053803,0.11222741666666666,72000000
Primary_Producers,0.7374768089053803,0.11223319178082192,73000000
Primary_Producers,0.7374768089053803,0.1122288108108108,74000000
Primary_Producers,0.7374768089053803,0.11222452,75000000
Primary_Producers,0.7374768089053803,0.11222331578947368,76000000
Primary_Producers,0.7374768089053803,0.11222485714285714,77000000
Primary_Producers,0.7374768089053803,0.11222489743589743,78000000
Primary_Producers,0.7374768089053803,0.11222770886075949,79000000
Primary_Producers,0.7374768089053803,0.11223015,80000000
Primary_Producers,0.7374768089053803,0.11223107407407408,81000000
Primary_Producers,0.7374768089053803,0.11223234146341464,82000000
Primary_Producers,0.7374768089053803,0.1122302891566265,83000000
Primary_Producers,0.7374768089053803,0.11222830952380952,84000000
Primary_Producers,0.7374768089053803,0.11223202352941176,85000000
Primary_Producers,0.7374768089053803,0.11223370930232558,86000000
Primary_Producers,0.7374768089053803,0.11223570114942528,87000000
Primary_Producers,0.7374768089053803,0.11223685227272727,88000000
Primary_Producers,0.7374768089053803,0.11223607865168539,89000000
Primary_Producers,0.7374768089053803,0.11223284444444444,90000000
Primary_Producers,0.7374768089053803,0.1122276923076923,91000000
Primary_Producers,0.7374768089053803,0.11223165217391304,92000000
Primary_Producers,0.7374768089053803,0.11223094623655915,93000000
Primary_Producers,0.7374768089053803,0.11222982978723405,94000000
Primary_Producers,0.7374768089053803,0.11223502105263158,95000000
Primary_Producers,0.7374768089053803,0.11223398958333333,96000000
Primary_Producers,0.7374768089053803,0.11223418556701031,97000000
Primary_Producers,0.7374768089053803,0.112236,98000000
Primary_Producers,0.7374768089053803,0.11223439393939394,99000000
Primary_Producers,0.7374768089053803,0.11224098,100000000
