Primary_Producers,0.7536231884057971,0.0005,1000000
Primary_Producers,0.7536231884057971,0.0004865,2000000
Primary_Producers,0.7536231884057971,0.0005023333333333334,3000000
Primary_Producers,0.7536231884057971,0.000509,4000000
Primary_Producers,0.7536231884057971,0.000515,5000000
Primary_Producers,0.7536231884057971,0.0005166666666666667,6000000
Primary_Producers,0.7536231884057971,0.0005207142857142857,7000000
Primary_Producers,0.7536231884057971,0.000519375,8000000
Primary_Producers,0.7536231884057971,0.0005144444444444444,9000000
Primary_Producers,0.7536231884057971,0.0005165,10000000
Primary_Producers,0.7536231884057971,0.0005178181818181818,11000000
Primary_Producers,0.7536231884057971,0.00051675,12000000
Primary_Producers,0.7536231884057971,0.0005132307692307692,13000000
Primary_Producers,0.7536231884057971,0.0005117142857142857,14000000
Primary_Producers,0.7536231884057971,0.0005123333333333333,15000000
Primary_Producers,0.7536231884057971,0.00051325,16000000
Primary_Producers,0.7536231884057971,0.0005158823529411765,17000000
Primary_Producers,0.7536231884057971,0.0005165555555555556,18000000
Primary_Producers,0.7536231884057971,0.0005167368421052632,19000000
Primary_Producers,0.7536231884057971,0.00051585,20000000
Primary_Producers,0.7536231884057971,0.0005159047619047619,21000000
Primary_Producers,0.7536231884057971,0.0005152272727272728,22000000
Primary_Producers,0.7536231884057971,0.0005154347826086957,23000000
Primary_Producers,0.7536231884057971,0.0005143333333333333,24000000
Primary_Producers,0.7536231884057971,0.00051344,25000000
Primary_Producers,0.7536231884057971,0.0005131923076923077,26000000
Primary_Producers,0.7536231884057971,0.0005134444444444444,27000000
Primary_Producers,0.7536231884057971,0.0005143928571428571,28000000
Primary_Producers,0.7536231884057971,0.0005143448275862069,29000000
Primary_Producers,0.7536231884057971,0.0005132333333333334,30000000
Primary_Producers,0.7536231884057971,0.0005126129032258065,31000000
Primary_Producers,0.7536231884057971,0.00051346875,32000000
Primary_Producers,0.7536231884057971,0.0005136969696969696,33000000
Primary_Producers,0.7536231884057971,0.000514235294117647,34000000
Primary_Producers,0.7536231884057971,0.0005139428571428571,35000000
Primary_Producers,0.7536231884057971,0.0005134722222222222,36000000
Primary_Producers,0.7536231884057971,0.0005130810810810811,37000000
Primary_Producers,0.7536231884057971,0.0005129736842105264,38000000
Primary_Producers,0.7536231884057971,0.0005128205128205128,39000000
Primary_Producers,0.7536231884057971,0.000513,40000000
Primary_Producers,0.7536231884057971,0.0005134878048780487,41000000
Primary_Producers,0.7536231884057971,0.0005135476190476191,42000000
Primary_Producers,0.7536231884057971,0.0005146976744186047,43000000
Primary_Producers,0.7536231884057971,0.0005143409090909091,44000000
Primary_Producers,0.7536231884057971,0.0005140888888888889,45000000
Primary_Producers,0.7536231884057971,0.0005143478260869565,46000000
Primary_Producers,0.7536231884057971,0.0005147659574468085,47000000
Primary_Producers,0.7536231884057971,0.0005153958333333333,48000000
Primary_Producers,0.7536231884057971,0.0005150816326530613,49000000
Primary_Producers,0.7536231884057971,0.00051536,50000000
Primary_Producers,0.7536231884057971,0.0005159607843137255,51000000
Primary_Producers,0.7536231884057971,0.000516,52000000
Primary_Producers,0.7536231884057971,0.0005155849056603773,53000000
Primary_Producers,0.7536231884057971,0.0005156851851851852,54000000
Primary_Producers,0.7536231884057971,0.0005158363636363636,55000000
Primary_Producers,0.7536231884057971,0.0005156428571428571,56000000
Primary_Producers,0.7536231884057971,0.0005153508771929825,57000000
Primary_Producers,0.7536231884057971,0.000514948275862069,58000000
Primary_Producers,0.7536231884057971,0.0005144406779661017,59000000
Primary_Producers,0.7536231884057971,0.0005143333333333333,60000000
Primary_Producers,0.7536231884057971,0.0005140819672131147,61000000
Primary_Producers,0.7536231884057971,0.0005138387096774193,62000000
Primary_Producers,0.7536231884057971,0.000514047619047619,63000000
Primary_Producers,0.7536231884057971,0.0005135,64000000
Primary_Producers,0.7536231884057971,0.0005131384615384615,65000000
Primary_Producers,0.7536231884057971,0.0005132272727272727,66000000
Primary_Producers,0.7536231884057971,0.0005125970149253732,67000000
Primary_Producers,0.7536231884057971,0.0005133676470588235,68000000
Primary_Producers,0.7536231884057971,0.0005135072463768116,69000000
Primary_Producers,0.7536231884057971,0.0005128857142857143,70000000
Primary_Producers,0.7536231884057971,0.0005127464788732395,71000000
Primary_Producers,0.7536231884057971,0.0005128333333333333,72000000
Primary_Producers,0.7536231884057971,0.0005125616438356165,73000000
Primary_Producers,0.7536231884057971,0.000512527027027027,74000000
Primary_Producers,0.7536231884057971,0.0005122933333333333,75000000
Primary_Producers,0.7536231884057971,0.0005123815789473685,76000000
Primary_Producers,0.7536231884057971,0.0005121168831168831,77000000
Primary_Producers,0.7536231884057971,0.0005126410256410256,78000000
Primary_Producers,0.7536231884057971,0.0005126329113924051,79000000
Primary_Producers,0.7536231884057971,0.0005127625,80000000
Primary_Producers,0.7536231884057971,0.0005125802469135803,81000000
Primary_Producers,0.7536231884057971,0.0005126829268292683,82000000
Primary_Producers,0.7536231884057971,0.0005127951807228915,83000000
Primary_Producers,0.7536231884057971,0.00051275,84000000
Primary_Producers,0.7536231884057971,0.0005129411764705882,85000000
Primary_Producers,0.7536231884057971,0.0005131976744186047,86000000
Primary_Producers,0.7536231884057971,0.000513632183908046,87000000
Primary_Producers,0.7536231884057971,0.0005135113636363637,88000000
Primary_Producers,0.7536231884057971,0.0005134719101123595,89000000
Primary_Producers,0.7536231884057971,0.0005136333333333334,90000000
Primary_Producers,0.7536231884057971,0.0005132197802197803,91000000
Primary_Producers,0.7536231884057971,0.0005133369565217392,92000000
Primary_Producers,0.7536231884057971,0.0005134731182795699,93000000
Primary_Producers,0.7536231884057971,0.0005138723404255319,94000000
Primary_Producers,0.7536231884057971,0.0005142947368421052,95000000
Primary_Producers,0.7536231884057971,0.0005142604166666667,96000000
Primary_Producers,0.7536231884057971,0.0005145670103092783,97000000
Primary_Producers,0.7536231884057971,0.0005149285714285715,98000000
Primary_Producers,0.7536231884057971,0.0005148282828282829,99000000
Primary_Producers,0.7536231884057971,0.00051479,100000000
