Herbivores,0.5335141418055017,3.6e-5,1000000
Herbivores,0.5335141418055017,3.0e-5,2000000
Herbivores,0.5335141418055017,2.8333333333333332e-5,3000000
Herbivores,0.5335141418055017,2.875e-5,4000000
Herbivores,0.5335141418055017,2.86e-5,5000000
Herbivores,0.5335141418055017,2.9333333333333333e-5,6000000
Herbivores,0.5335141418055017,3.057142857142857e-5,7000000
Herbivores,0.5335141418055017,3.1875e-5,8000000
Herbivores,0.5335141418055017,3.2555555555555555e-5,9000000
Herbivores,0.5335141418055017,3.39e-5,10000000
Herbivores,0.5335141418055017,3.3363636363636366e-5,11000000
Herbivores,0.5335141418055017,3.4e-5,12000000
Herbivores,0.5335141418055017,3.3615384615384615e-5,13000000
Herbivores,0.5335141418055017,3.3785714285714285e-5,14000000
Herbivores,0.5335141418055017,3.346666666666667e-5,15000000
Herbivores,0.5335141418055017,3.33125e-5,16000000
Herbivores,0.5335141418055017,3.3e-5,17000000
Herbivores,0.5335141418055017,3.3333333333333335e-5,18000000
Herbivores,0.5335141418055017,3.352631578947368e-5,19000000
Herbivores,0.5335141418055017,3.295e-5,20000000
Herbivores,0.5335141418055017,3.2904761904761906e-5,21000000
Herbivores,0.5335141418055017,3.281818181818182e-5,22000000
Herbivores,0.5335141418055017,3.321739130434783e-5,23000000
Herbivores,0.5335141418055017,3.3583333333333334e-5,24000000
Herbivores,0.5335141418055017,3.348e-5,25000000
Herbivores,0.5335141418055017,3.3769230769230766e-5,26000000
Herbivores,0.5335141418055017,3.366666666666667e-5,27000000
Herbivores,0.5335141418055017,3.3535714285714286e-5,28000000
Herbivores,0.5335141418055017,3.3758620689655175e-5,29000000
Herbivores,0.5335141418055017,3.37e-5,30000000
Herbivores,0.5335141418055017,3.367741935483871e-5,31000000
Herbivores,0.5335141418055017,3.353125e-5,32000000
Herbivores,0.5335141418055017,3.390909090909091e-5,33000000
Herbivores,0.5335141418055017,3.38235294117647e-5,34000000
Herbivores,0.5335141418055017,3.3714285714285716e-5,35000000
Herbivores,0.5335141418055017,3.366666666666667e-5,36000000
Herbivores,0.5335141418055017,3.348648648648649e-5,37000000
Herbivores,0.5335141418055017,3.339473684210526e-5,38000000
Herbivores,0.5335141418055017,3.3333333333333335e-5,39000000
Herbivores,0.5335141418055017,3.3225e-5,40000000
Herbivores,0.5335141418055017,3.353658536585366e-5,41000000
Herbivores,0.5335141418055017,3.342857142857143e-5,42000000
Herbivores,0.5335141418055017,3.372093023255814e-5,43000000
Herbivores,0.5335141418055017,3.372727272727273e-5,44000000
Herbivores,0.5335141418055017,3.3844444444444446e-5,45000000
Herbivores,0.5335141418055017,3.365217391304348e-5,46000000
Herbivores,0.5335141418055017,3.376595744680851e-5,47000000
Herbivores,0.5335141418055017,3.375e-5,48000000
Herbivores,0.5335141418055017,3.3857142857142854e-5,49000000
Herbivores,0.5335141418055017,3.376e-5,50000000
Herbivores,0.5335141418055017,3.380392156862745e-5,51000000
Herbivores,0.5335141418055017,3.375e-5,52000000
Herbivores,0.5335141418055017,3.39622641509434e-5,53000000
Herbivores,0.5335141418055017,3.403703703703704e-5,54000000
Herbivores,0.5335141418055017,3.4163636363636365e-5,55000000
Herbivores,0.5335141418055017,3.441071428571429e-5,56000000
Herbivores,0.5335141418055017,3.431578947368421e-5,57000000
Herbivores,0.5335141418055017,3.418965517241379e-5,58000000
Herbivores,0.5335141418055017,3.4169491525423727e-5,59000000
Herbivores,0.5335141418055017,3.405e-5,60000000
Herbivores,0.5335141418055017,3.418032786885246e-5,61000000
Herbivores,0.5335141418055017,3.42741935483871e-5,62000000
Herbivores,0.5335141418055017,3.4190476190476194e-5,63000000
Herbivores,0.5335141418055017,3.4171875e-5,64000000
Herbivores,0.5335141418055017,3.4061538461538464e-5,65000000
Herbivores,0.5335141418055017,3.406060606060606e-5,66000000
Herbivores,0.5335141418055017,3.419402985074627e-5,67000000
Herbivores,0.5335141418055017,3.4044117647058824e-5,68000000
Herbivores,0.5335141418055017,3.402898550724638e-5,69000000
Herbivores,0.5335141418055017,3.405714285714286e-5,70000000
Herbivores,0.5335141418055017,3.4183098591549293e-5,71000000
Herbivores,0.5335141418055017,3.4180555555555554e-5,72000000
Herbivores,0.5335141418055017,3.419178082191781e-5,73000000
Herbivores,0.5335141418055017,3.418918918918919e-5,74000000
Herbivores,0.5335141418055017,3.422666666666667e-5,75000000
Herbivores,0.5335141418055017,3.419736842105263e-5,76000000
Herbivores,0.5335141418055017,3.41948051948052e-5,77000000
Herbivores,0.5335141418055017,3.411538461538461e-5,78000000
Herbivores,0.5335141418055017,3.4075949367088607e-5,79000000
Herbivores,0.5335141418055017,3.415e-5,80000000
Herbivores,0.5335141418055017,3.417283950617284e-5,81000000
Herbivores,0.5335141418055017,3.426829268292683e-5,82000000
Herbivores,0.5335141418055017,3.433734939759036e-5,83000000
Herbivores,0.5335141418055017,3.4345238095238096e-5,84000000
Herbivores,0.5335141418055017,3.434117647058823e-5,85000000
Herbivores,0.5335141418055017,3.434883720930232e-5,86000000
Herbivores,0.5335141418055017,3.4413793103448276e-5,87000000
Herbivores,0.5335141418055017,3.436363636363636e-5,88000000
Herbivores,0.5335141418055017,3.430337078651685e-5,89000000
Herbivores,0.5335141418055017,3.432222222222222e-5,90000000
Herbivores,0.5335141418055017,3.421978021978022e-5,91000000
Herbivores,0.5335141418055017,3.425e-5,92000000
Herbivores,0.5335141418055017,3.41505376344086e-5,93000000
Herbivores,0.5335141418055017,3.412765957446808e-5,94000000
Herbivores,0.5335141418055017,3.4147368421052635e-5,95000000
Herbivores,0.5335141418055017,3.40625e-5,96000000
Herbivores,0.5335141418055017,3.398969072164948e-5,97000000
Herbivores,0.5335141418055017,3.395918367346939e-5,98000000
Herbivores,0.5335141418055017,3.391919191919192e-5,99000000
Herbivores,0.5335141418055017,3.389e-5,100000000
