all,0.19076005961251866,0.001292,1000000
all,0.19076005961251866,0.0012945,2000000
all,0.19076005961251866,0.001296,3000000
all,0.19076005961251866,0.00130575,4000000
all,0.19076005961251866,0.0013026,5000000
all,0.19076005961251866,0.0013113333333333334,6000000
all,0.19076005961251866,0.0013041428571428572,7000000
all,0.19076005961251866,0.00131125,8000000
all,0.19076005961251866,0.0013117777777777778,9000000
all,0.19076005961251866,0.0013077,10000000
all,0.19076005961251866,0.0013044545454545455,11000000
all,0.19076005961251866,0.0013006666666666668,12000000
all,0.19076005961251866,0.001298076923076923,13000000
all,0.19076005961251866,0.0012987142857142856,14000000
all,0.19076005961251866,0.0012965333333333333,15000000
all,0.19076005961251866,0.001292,16000000
all,0.19076005961251866,0.001291,17000000
all,0.19076005961251866,0.0012902222222222221,18000000
all,0.19076005961251866,0.0012899473684210526,19000000
all,0.19076005961251866,0.001288,20000000
all,0.19076005961251866,0.0012852380952380952,21000000
all,0.19076005961251866,0.0012862727272727273,22000000
all,0.19076005961251866,0.0012836521739130434,23000000
all,0.19076005961251866,0.001281,24000000
all,0.19076005961251866,0.0012796,25000000
all,0.19076005961251866,0.001279346153846154,26000000
all,0.19076005961251866,0.0012786296296296296,27000000
all,0.19076005961251866,0.0012782857142857142,28000000
all,0.19076005961251866,0.0012785172413793103,29000000
all,0.19076005961251866,0.0012801666666666666,30000000
all,0.19076005961251866,0.0012809354838709678,31000000
all,0.19076005961251866,0.00128221875,32000000
all,0.19076005961251866,0.0012819393939393939,33000000
all,0.19076005961251866,0.0012806764705882354,34000000
all,0.19076005961251866,0.0012806285714285714,35000000
all,0.19076005961251866,0.001280361111111111,36000000
all,0.19076005961251866,0.001280108108108108,37000000
all,0.19076005961251866,0.0012783684210526316,38000000
all,0.19076005961251866,0.0012793333333333333,39000000
all,0.19076005961251866,0.00127945,40000000
all,0.19076005961251866,0.0012782926829268293,41000000
all,0.19076005961251866,0.0012775238095238096,42000000
all,0.19076005961251866,0.0012784186046511628,43000000
all,0.19076005961251866,0.0012777954545454546,44000000
all,0.19076005961251866,0.0012784666666666668,45000000
all,0.19076005961251866,0.0012790434782608696,46000000
all,0.19076005961251866,0.0012793617021276595,47000000
all,0.19076005961251866,0.0012799166666666666,48000000
all,0.19076005961251866,0.0012805102040816326,49000000
all,0.19076005961251866,0.00127968,50000000
all,0.19076005961251866,0.0012806666666666667,51000000
all,0.19076005961251866,0.0012810384615384615,52000000
all,0.19076005961251866,0.001282188679245283,53000000
all,0.19076005961251866,0.001282,54000000
all,0.19076005961251866,0.0012828909090909092,55000000
all,0.19076005961251866,0.0012835714285714286,56000000
all,0.19076005961251866,0.001283859649122807,57000000
all,0.19076005961251866,0.0012841724137931034,58000000
all,0.19076005961251866,0.0012851694915254237,59000000
all,0.19076005961251866,0.0012855333333333333,60000000
all,0.19076005961251866,0.0012862950819672132,61000000
all,0.19076005961251866,0.0012858064516129031,62000000
all,0.19076005961251866,0.001285920634920635,63000000
all,0.19076005961251866,0.00128628125,64000000
all,0.19076005961251866,0.001287153846153846,65000000
all,0.19076005961251866,0.0012872878787878789,66000000
all,0.19076005961251866,0.0012875671641791044,67000000
all,0.19076005961251866,0.0012878970588235295,68000000
all,0.19076005961251866,0.0012880434782608695,69000000
all,0.19076005961251866,0.0012880571428571428,70000000
all,0.19076005961251866,0.001288056338028169,71000000
all,0.19076005961251866,0.0012878333333333333,72000000
all,0.19076005961251866,0.0012875205479452054,73000000
all,0.19076005961251866,0.0012867972972972974,74000000
all,0.19076005961251866,0.0012863333333333333,75000000
all,0.19076005961251866,0.0012857894736842104,76000000
all,0.19076005961251866,0.001286051948051948,77000000
all,0.19076005961251866,0.0012855641025641025,78000000
all,0.19076005961251866,0.001285113924050633,79000000
all,0.19076005961251866,0.0012845375,80000000
all,0.19076005961251866,0.0012848641975308642,81000000
all,0.19076005961251866,0.001285329268292683,82000000
all,0.19076005961251866,0.0012846024096385541,83000000
all,0.19076005961251866,0.0012851309523809523,84000000
all,0.19076005961251866,0.0012851529411764707,85000000
all,0.19076005961251866,0.0012853720930232559,86000000
all,0.19076005961251866,0.0012858045977011494,87000000
all,0.19076005961251866,0.0012859090909090908,88000000
all,0.19076005961251866,0.001286314606741573,89000000
all,0.19076005961251866,0.0012866222222222222,90000000
all,0.19076005961251866,0.0012861538461538462,91000000
all,0.19076005961251866,0.001285945652173913,92000000
all,0.19076005961251866,0.0012861505376344086,93000000
all,0.19076005961251866,0.0012856382978723405,94000000
all,0.19076005961251866,0.001285557894736842,95000000
all,0.19076005961251866,0.0012855520833333334,96000000
all,0.19076005961251866,0.0012864123711340207,97000000
all,0.19076005961251866,0.0012867142857142858,98000000
all,0.19076005961251866,0.001286868686868687,99000000
all,0.19076005961251866,0.00128686,100000000
