Parasites,0.49743003997715596,0.038324,1000000
Parasites,0.49743003997715596,0.03816,2000000
Parasites,0.49743003997715596,0.038129666666666666,3000000
Parasites,0.49743003997715596,0.038114,4000000
Parasites,0.49743003997715596,0.0380718,5000000
Parasites,0.49743003997715596,0.03811816666666667,6000000
Parasites,0.49743003997715596,0.038148857142857144,7000000
Parasites,0.49743003997715596,0.038163625,8000000
Parasites,0.49743003997715596,0.038156666666666665,9000000
Parasites,0.49743003997715596,0.0381964,10000000
Parasites,0.49743003997715596,0.03819509090909091,11000000
Parasites,0.49743003997715596,0.038198166666666665,12000000
Parasites,0.49743003997715596,0.03818761538461538,13000000
Parasites,0.49743003997715596,0.03819942857142857,14000000
Parasites,0.49743003997715596,0.03817966666666667,15000000
Parasites,0.49743003997715596,0.038169875,16000000
Parasites,0.49743003997715596,0.038172470588235294,17000000
Parasites,0.49743003997715596,0.03817644444444444,18000000
Parasites,0.49743003997715596,0.03817321052631579,19000000
Parasites,0.49743003997715596,0.03817885,20000000
Parasites,0.49743003997715596,0.03817319047619048,21000000
Parasites,0.49743003997715596,0.03818054545454545,22000000
Parasites,0.49743003997715596,0.038169608695652175,23000000
Parasites,0.49743003997715596,0.038159083333333337,24000000
Parasites,0.49743003997715596,0.0381674,25000000
Parasites,0.49743003997715596,0.038159846153846155,26000000
Parasites,0.49743003997715596,0.038171222222222224,27000000
Parasites,0.49743003997715596,0.03817478571428572,28000000
Parasites,0.49743003997715596,0.03818568965517241,29000000
Parasites,0.49743003997715596,0.038191833333333335,30000000
Parasites,0.49743003997715596,0.038188870967741935,31000000
Parasites,0.49743003997715596,0.038189375,32000000
Parasites,0.49743003997715596,0.03819212121212121,33000000
Parasites,0.49743003997715596,0.03819070588235294,34000000
Parasites,0.49743003997715596,0.038188514285714285,35000000
Parasites,0.49743003997715596,0.03818952777777778,36000000
Parasites,0.49743003997715596,0.03819108108108108,37000000
Parasites,0.49743003997715596,0.03818844736842105,38000000
Parasites,0.49743003997715596,0.038195,39000000
Parasites,0.49743003997715596,0.038195675,40000000
Parasites,0.49743003997715596,0.03820446341463415,41000000
Parasites,0.49743003997715596,0.03819992857142857,42000000
Parasites,0.49743003997715596,0.03819672093023256,43000000
Parasites,0.49743003997715596,0.03820247727272727,44000000
Parasites,0.49743003997715596,0.038201377777777774,45000000
Parasites,0.49743003997715596,0.03820345652173913,46000000
Parasites,0.49743003997715596,0.03819982978723404,47000000
Parasites,0.49743003997715596,0.038201458333333334,48000000
Parasites,0.49743003997715596,0.038207367346938775,49000000
Parasites,0.49743003997715596,0.03820226,50000000
Parasites,0.49743003997715596,0.03820456862745098,51000000
Parasites,0.49743003997715596,0.03819475,52000000
Parasites,0.49743003997715596,0.03819341509433962,53000000
Parasites,0.49743003997715596,0.03819114814814815,54000000
Parasites,0.49743003997715596,0.03818998181818182,55000000
Parasites,0.49743003997715596,0.038185375,56000000
Parasites,0.49743003997715596,0.038185,57000000
Parasites,0.49743003997715596,0.038181206896551724,58000000
Parasites,0.49743003997715596,0.0381801186440678,59000000
Parasites,0.49743003997715596,0.038175733333333337,60000000
Parasites,0.49743003997715596,0.03817193442622951,61000000
Parasites,0.49743003997715596,0.038176258064516126,62000000
Parasites,0.49743003997715596,0.038177,63000000
Parasites,0.49743003997715596,0.038175078125,64000000
Parasites,0.49743003997715596,0.03817987692307692,65000000
Parasites,0.49743003997715596,0.03817977272727273,66000000
Parasites,0.49743003997715596,0.03817755223880597,67000000
Parasites,0.49743003997715596,0.03817885294117647,68000000
Parasites,0.49743003997715596,0.03818131884057971,69000000
Parasites,0.49743003997715596,0.03817754285714286,70000000
Parasites,0.49743003997715596,0.038178661971830986,71000000
Parasites,0.49743003997715596,0.03817854166666667,72000000
Parasites,0.49743003997715596,0.03818190410958904,73000000
Parasites,0.49743003997715596,0.03818572972972973,74000000
Parasites,0.49743003997715596,0.038185573333333334,75000000
Parasites,0.49743003997715596,0.03818671052631579,76000000
Parasites,0.49743003997715596,0.03818620779220779,77000000
Parasites,0.49743003997715596,0.03818694871794872,78000000
Parasites,0.49743003997715596,0.03818411392405063,79000000
Parasites,0.49743003997715596,0.0381820375,80000000
Parasites,0.49743003997715596,0.038180604938271606,81000000
Parasites,0.49743003997715596,0.0381799512195122,82000000
Parasites,0.49743003997715596,0.038179036144578314,83000000
Parasites,0.49743003997715596,0.038177607142857145,84000000
Parasites,0.49743003997715596,0.03818250588235294,85000000
Parasites,0.49743003997715596,0.03818025581395349,86000000
Parasites,0.49743003997715596,0.03818435632183908,87000000
Parasites,0.49743003997715596,0.03818286363636364,88000000
Parasites,0.49743003997715596,0.0381807191011236,89000000
Parasites,0.49743003997715596,0.03818032222222222,90000000
Parasites,0.49743003997715596,0.03817997802197802,91000000
Parasites,0.49743003997715596,0.03818526086956522,92000000
Parasites,0.49743003997715596,0.03818321505376344,93000000
Parasites,0.49743003997715596,0.03818167021276596,94000000
Parasites,0.49743003997715596,0.03818064210526316,95000000
Parasites,0.49743003997715596,0.038182208333333335,96000000
Parasites,0.49743003997715596,0.03817924742268041,97000000
Parasites,0.49743003997715596,0.038176357142857144,98000000
Parasites,0.49743003997715596,0.03817686868686869,99000000
Parasites,0.49743003997715596,0.03817608,100000000
