Herbivores,0.5968688845401174,0.045859,1000000
Herbivores,0.5968688845401174,0.045945,2000000
Herbivores,0.5968688845401174,0.04602333333333333,3000000
Herbivores,0.5968688845401174,0.0460175,4000000
Herbivores,0.5968688845401174,0.0459824,5000000
Herbivores,0.5968688845401174,0.04602083333333333,6000000
Herbivores,0.5968688845401174,0.04599842857142857,7000000
Herbivores,0.5968688845401174,0.045993625,8000000
Herbivores,0.5968688845401174,0.046,9000000
Herbivores,0.5968688845401174,0.045972,10000000
Herbivores,0.5968688845401174,0.04596981818181818,11000000
Herbivores,0.5968688845401174,0.045954916666666665,12000000
Herbivores,0.5968688845401174,0.04597069230769231,13000000
Herbivores,0.5968688845401174,0.04596321428571429,14000000
Herbivores,0.5968688845401174,0.045963133333333336,15000000
Herbivores,0.5968688845401174,0.0459555,16000000
Herbivores,0.5968688845401174,0.04597358823529412,17000000
Herbivores,0.5968688845401174,0.045969,18000000
Herbivores,0.5968688845401174,0.045997842105263156,19000000
Herbivores,0.5968688845401174,0.04603095,20000000
Herbivores,0.5968688845401174,0.04605,21000000
Herbivores,0.5968688845401174,0.04605359090909091,22000000
Herbivores,0.5968688845401174,0.046066,23000000
Herbivores,0.5968688845401174,0.04606441666666666,24000000
Herbivores,0.5968688845401174,0.04604788,25000000
Herbivores,0.5968688845401174,0.04604903846153846,26000000
Herbivores,0.5968688845401174,0.04604881481481481,27000000
Herbivores,0.5968688845401174,0.046056821428571426,28000000
Herbivores,0.5968688845401174,0.04605555172413793,29000000
Herbivores,0.5968688845401174,0.046066633333333336,30000000
Herbivores,0.5968688845401174,0.046066612903225806,31000000
Herbivores,0.5968688845401174,0.0460614375,32000000
Herbivores,0.5968688845401174,0.04606545454545455,33000000
Herbivores,0.5968688845401174,0.04606655882352941,34000000
Herbivores,0.5968688845401174,0.0460726,35000000
Herbivores,0.5968688845401174,0.04606522222222222,36000000
Herbivores,0.5968688845401174,0.04606856756756757,37000000
Herbivores,0.5968688845401174,0.04607005263157895,38000000
Herbivores,0.5968688845401174,0.046078487179487176,39000000
Herbivores,0.5968688845401174,0.0460755,40000000
Herbivores,0.5968688845401174,0.046074048780487806,41000000
Herbivores,0.5968688845401174,0.04607764285714286,42000000
Herbivores,0.5968688845401174,0.04607474418604651,43000000
Herbivores,0.5968688845401174,0.04606965909090909,44000000
Herbivores,0.5968688845401174,0.04607777777777778,45000000
Herbivores,0.5968688845401174,0.04609147826086957,46000000
Herbivores,0.5968688845401174,0.04608404255319149,47000000
Herbivores,0.5968688845401174,0.046079916666666665,48000000
Herbivores,0.5968688845401174,0.04607665306122449,49000000
Herbivores,0.5968688845401174,0.0460841,50000000
Herbivores,0.5968688845401174,0.04608850980392157,51000000
Herbivores,0.5968688845401174,0.04608890384615385,52000000
Herbivores,0.5968688845401174,0.04609764150943396,53000000
Herbivores,0.5968688845401174,0.04610824074074074,54000000
Herbivores,0.5968688845401174,0.04611361818181818,55000000
Herbivores,0.5968688845401174,0.046112464285714284,56000000
Herbivores,0.5968688845401174,0.046120684210526314,57000000
Herbivores,0.5968688845401174,0.0461251724137931,58000000
Herbivores,0.5968688845401174,0.04612722033898305,59000000
Herbivores,0.5968688845401174,0.04612155,60000000
Herbivores,0.5968688845401174,0.046126770491803276,61000000
Herbivores,0.5968688845401174,0.046125548387096774,62000000
Herbivores,0.5968688845401174,0.04612342857142857,63000000
Herbivores,0.5968688845401174,0.04612259375,64000000
Herbivores,0.5968688845401174,0.04611621538461538,65000000
Herbivores,0.5968688845401174,0.04611584848484848,66000000
Herbivores,0.5968688845401174,0.04611279104477612,67000000
Herbivores,0.5968688845401174,0.04611447058823529,68000000
Herbivores,0.5968688845401174,0.0461163768115942,69000000
Herbivores,0.5968688845401174,0.046115642857142855,70000000
Herbivores,0.5968688845401174,0.046113647887323944,71000000
Herbivores,0.5968688845401174,0.04611125,72000000
Herbivores,0.5968688845401174,0.046105931506849315,73000000
Herbivores,0.5968688845401174,0.04610639189189189,74000000
Herbivores,0.5968688845401174,0.046107293333333334,75000000
Herbivores,0.5968688845401174,0.046106973684210524,76000000
Herbivores,0.5968688845401174,0.046105233766233766,77000000
Herbivores,0.5968688845401174,0.04610232051282051,78000000
Herbivores,0.5968688845401174,0.04610375949367088,79000000
Herbivores,0.5968688845401174,0.0461013875,80000000
Herbivores,0.5968688845401174,0.04610353086419753,81000000
Herbivores,0.5968688845401174,0.04610257317073171,82000000
Herbivores,0.5968688845401174,0.04610581927710843,83000000
Herbivores,0.5968688845401174,0.046106130952380954,84000000
Herbivores,0.5968688845401174,0.04610503529411765,85000000
Herbivores,0.5968688845401174,0.046103011627906976,86000000
Herbivores,0.5968688845401174,0.0461047816091954,87000000
Herbivores,0.5968688845401174,0.04610467045454546,88000000
Herbivores,0.5968688845401174,0.04610266292134831,89000000
Herbivores,0.5968688845401174,0.046099822222222225,90000000
Herbivores,0.5968688845401174,0.04609856043956044,91000000
Herbivores,0.5968688845401174,0.04610309782608696,92000000
Herbivores,0.5968688845401174,0.046103064516129035,93000000
Herbivores,0.5968688845401174,0.04610205319148936,94000000
Herbivores,0.5968688845401174,0.04609816842105263,95000000
Herbivores,0.5968688845401174,0.04609917708333333,96000000
Herbivores,0.5968688845401174,0.046100824742268044,97000000
Herbivores,0.5968688845401174,0.046100642857142854,98000000
Herbivores,0.5968688845401174,0.04610011111111111,99000000
Herbivores,0.5968688845401174,0.04609869,100000000
