Primary_Producers,0.45014880952380953,0.0,1000000
Primary_Producers,0.45014880952380953,0.0,2000000
Primary_Producers,0.45014880952380953,0.0,3000000
Primary_Producers,0.45014880952380953,0.0,4000000
Primary_Producers,0.45014880952380953,0.0,5000000
Primary_Producers,0.45014880952380953,0.0,6000000
Primary_Producers,0.45014880952380953,0.0,7000000
Primary_Producers,0.45014880952380953,0.0,8000000
Primary_Producers,0.45014880952380953,0.0,9000000
Primary_Producers,0.45014880952380953,0.0,10000000
Primary_Producers,0.45014880952380953,0.0,11000000
Primary_Producers,0.45014880952380953,0.0,12000000
Primary_Producers,0.45014880952380953,0.0,13000000
Primary_Producers,0.45014880952380953,0.0,14000000
Primary_Producers,0.45014880952380953,0.0,15000000
Primary_Producers,0.45014880952380953,0.0,16000000
Primary_Producers,0.45014880952380953,0.0,17000000
Primary_Producers,0.45014880952380953,5.5555555555555555e-8,18000000
Primary_Producers,0.45014880952380953,5.263157894736842e-8,19000000
Primary_Producers,0.45014880952380953,5.0e-8,20000000
Primary_Producers,0.45014880952380953,4.761904761904762e-8,21000000
Primary_Producers,0.45014880952380953,4.545454545454546e-8,22000000
Primary_Producers,0.45014880952380953,4.347826086956522e-8,23000000
Primary_Producers,0.45014880952380953,4.166666666666667e-8,24000000
Primary_Producers,0.45014880952380953,4.0e-8,25000000
Primary_Producers,0.45014880952380953,3.846153846153846e-8,26000000
Primary_Producers,0.45014880952380953,7.407407407407407e-8,27000000
Primary_Producers,0.45014880952380953,7.142857142857142e-8,28000000
Primary_Producers,0.45014880952380953,6.896551724137931e-8,29000000
Primary_Producers,0.45014880952380953,6.666666666666667e-8,30000000
Primary_Producers,0.45014880952380953,6.451612903225807e-8,31000000
Primary_Producers,0.45014880952380953,6.25e-8,32000000
Primary_Producers,0.45014880952380953,6.060606060606061e-8,33000000
Primary_Producers,0.45014880952380953,5.882352941176471e-8,34000000
Primary_Producers,0.45014880952380953,5.7142857142857144e-8,35000000
Primary_Producers,0.45014880952380953,5.5555555555555555e-8,36000000
Primary_Producers,0.45014880952380953,5.4054054054054056e-8,37000000
Primary_Producers,0.45014880952380953,5.263157894736842e-8,38000000
Primary_Producers,0.45014880952380953,5.128205128205128e-8,39000000
Primary_Producers,0.45014880952380953,5.0e-8,40000000
Primary_Producers,0.45014880952380953,4.878048780487805e-8,41000000
Primary_Producers,0.45014880952380953,4.761904761904762e-8,42000000
Primary_Producers,0.45014880952380953,4.6511627906976744e-8,43000000
Primary_Producers,0.45014880952380953,4.545454545454546e-8,44000000
Primary_Producers,0.45014880952380953,4.444444444444445e-8,45000000
Primary_Producers,0.45014880952380953,4.347826086956522e-8,46000000
Primary_Producers,0.45014880952380953,4.25531914893617e-8,47000000
Primary_Producers,0.45014880952380953,4.166666666666667e-8,48000000
Primary_Producers,0.45014880952380953,4.081632653061225e-8,49000000
Primary_Producers,0.45014880952380953,4.0e-8,50000000
Primary_Producers,0.45014880952380953,3.9215686274509804e-8,51000000
Primary_Producers,0.45014880952380953,3.846153846153846e-8,52000000
Primary_Producers,0.45014880952380953,3.7735849056603774e-8,53000000
Primary_Producers,0.45014880952380953,3.7037037037037036e-8,54000000
Primary_Producers,0.45014880952380953,3.636363636363636e-8,55000000
Primary_Producers,0.45014880952380953,5.357142857142857e-8,56000000
Primary_Producers,0.45014880952380953,5.263157894736842e-8,57000000
Primary_Producers,0.45014880952380953,6.896551724137931e-8,58000000
Primary_Producers,0.45014880952380953,6.779661016949153e-8,59000000
Primary_Producers,0.45014880952380953,6.666666666666667e-8,60000000
Primary_Producers,0.45014880952380953,6.557377049180328e-8,61000000
Primary_Producers,0.45014880952380953,6.451612903225807e-8,62000000
Primary_Producers,0.45014880952380953,6.349206349206349e-8,63000000
Primary_Producers,0.45014880952380953,6.25e-8,64000000
Primary_Producers,0.45014880952380953,6.153846153846154e-8,65000000
Primary_Producers,0.45014880952380953,6.060606060606061e-8,66000000
Primary_Producers,0.45014880952380953,5.970149253731343e-8,67000000
Primary_Producers,0.45014880952380953,5.882352941176471e-8,68000000
Primary_Producers,0.45014880952380953,5.797101449275362e-8,69000000
Primary_Producers,0.45014880952380953,5.7142857142857144e-8,70000000
Primary_Producers,0.45014880952380953,5.633802816901408e-8,71000000
Primary_Producers,0.45014880952380953,5.5555555555555555e-8,72000000
Primary_Producers,0.45014880952380953,5.4794520547945204e-8,73000000
Primary_Producers,0.45014880952380953,5.4054054054054056e-8,74000000
Primary_Producers,0.45014880952380953,5.3333333333333334e-8,75000000
Primary_Producers,0.45014880952380953,5.263157894736842e-8,76000000
Primary_Producers,0.45014880952380953,5.1948051948051946e-8,77000000
Primary_Producers,0.45014880952380953,5.128205128205128e-8,78000000
Primary_Producers,0.45014880952380953,5.063291139240506e-8,79000000
Primary_Producers,0.45014880952380953,5.0e-8,80000000
Primary_Producers,0.45014880952380953,4.938271604938272e-8,81000000
Primary_Producers,0.45014880952380953,4.878048780487805e-8,82000000
Primary_Producers,0.45014880952380953,4.8192771084337347e-8,83000000
Primary_Producers,0.45014880952380953,5.952380952380952e-8,84000000
Primary_Producers,0.45014880952380953,7.058823529411765e-8,85000000
Primary_Producers,0.45014880952380953,6.976744186046512e-8,86000000
Primary_Producers,0.45014880952380953,6.896551724137931e-8,87000000
Primary_Producers,0.45014880952380953,6.818181818181819e-8,88000000
Primary_Producers,0.45014880952380953,6.741573033707865e-8,89000000
Primary_Producers,0.45014880952380953,6.666666666666667e-8,90000000
Primary_Producers,0.45014880952380953,6.593406593406594e-8,91000000
Primary_Producers,0.45014880952380953,6.521739130434783e-8,92000000
Primary_Producers,0.45014880952380953,7.526881720430107e-8,93000000
Primary_Producers,0.45014880952380953,8.51063829787234e-8,94000000
Primary_Producers,0.45014880952380953,8.421052631578947e-8,95000000
Primary_Producers,0.45014880952380953,8.333333333333334e-8,96000000
Primary_Producers,0.45014880952380953,8.247422680412371e-8,97000000
Primary_Producers,0.45014880952380953,8.16326530612245e-8,98000000
Primary_Producers,0.45014880952380953,8.08080808080808e-8,99000000
Primary_Producers,0.45014880952380953,8.0e-8,100000000
