Primary_Producers,0.8089887640449438,1.1e-5,1000000
Primary_Producers,0.8089887640449438,1.05e-5,2000000
Primary_Producers,0.8089887640449438,8.666666666666666e-6,3000000
Primary_Producers,0.8089887640449438,8.25e-6,4000000
Primary_Producers,0.8089887640449438,8.2e-6,5000000
Primary_Producers,0.8089887640449438,8.5e-6,6000000
Primary_Producers,0.8089887640449438,7.857142857142858e-6,7000000
Primary_Producers,0.8089887640449438,7.5e-6,8000000
Primary_Producers,0.8089887640449438,7.333333333333333e-6,9000000
Primary_Producers,0.8089887640449438,7.2e-6,10000000
Primary_Producers,0.8089887640449438,7.0e-6,11000000
Primary_Producers,0.8089887640449438,6.833333333333334e-6,12000000
Primary_Producers,0.8089887640449438,6.615384615384616e-6,13000000
Primary_Producers,0.8089887640449438,6.5e-6,14000000
Primary_Producers,0.8089887640449438,6.0666666666666665e-6,15000000
Primary_Producers,0.8089887640449438,5.9375e-6,16000000
Primary_Producers,0.8089887640449438,6.1764705882352944e-6,17000000
Primary_Producers,0.8089887640449438,6.2777777777777774e-6,18000000
Primary_Producers,0.8089887640449438,6.31578947368421e-6,19000000
Primary_Producers,0.8089887640449438,6.65e-6,20000000
Primary_Producers,0.8089887640449438,6.666666666666667e-6,21000000
Primary_Producers,0.8089887640449438,6.7272727272727275e-6,22000000
Primary_Producers,0.8089887640449438,6.652173913043478e-6,23000000
Primary_Producers,0.8089887640449438,6.5833333333333335e-6,24000000
Primary_Producers,0.8089887640449438,6.4e-6,25000000
Primary_Producers,0.8089887640449438,6.423076923076923e-6,26000000
Primary_Producers,0.8089887640449438,6.518518518518519e-6,27000000
Primary_Producers,0.8089887640449438,6.428571428571429e-6,28000000
Primary_Producers,0.8089887640449438,6.344827586206897e-6,29000000
Primary_Producers,0.8089887640449438,6.4e-6,30000000
Primary_Producers,0.8089887640449438,6.612903225806452e-6,31000000
Primary_Producers,0.8089887640449438,6.59375e-6,32000000
Primary_Producers,0.8089887640449438,6.606060606060606e-6,33000000
Primary_Producers,0.8089887640449438,6.558823529411765e-6,34000000
Primary_Producers,0.8089887640449438,6.5714285714285714e-6,35000000
Primary_Producers,0.8089887640449438,6.527777777777778e-6,36000000
Primary_Producers,0.8089887640449438,6.378378378378378e-6,37000000
Primary_Producers,0.8089887640449438,6.368421052631579e-6,38000000
Primary_Producers,0.8089887640449438,6.384615384615384e-6,39000000
Primary_Producers,0.8089887640449438,6.5e-6,40000000
Primary_Producers,0.8089887640449438,6.487804878048781e-6,41000000
Primary_Producers,0.8089887640449438,6.476190476190476e-6,42000000
Primary_Producers,0.8089887640449438,6.534883720930233e-6,43000000
Primary_Producers,0.8089887640449438,6.568181818181818e-6,44000000
Primary_Producers,0.8089887640449438,6.733333333333333e-6,45000000
Primary_Producers,0.8089887640449438,6.717391304347826e-6,46000000
Primary_Producers,0.8089887640449438,6.680851063829787e-6,47000000
Primary_Producers,0.8089887640449438,6.604166666666667e-6,48000000
Primary_Producers,0.8089887640449438,6.591836734693877e-6,49000000
Primary_Producers,0.8089887640449438,6.48e-6,50000000
Primary_Producers,0.8089887640449438,6.450980392156863e-6,51000000
Primary_Producers,0.8089887640449438,6.403846153846154e-6,52000000
Primary_Producers,0.8089887640449438,6.452830188679245e-6,53000000
Primary_Producers,0.8089887640449438,6.462962962962963e-6,54000000
Primary_Producers,0.8089887640449438,6.509090909090909e-6,55000000
Primary_Producers,0.8089887640449438,6.535714285714286e-6,56000000
Primary_Producers,0.8089887640449438,6.614035087719298e-6,57000000
Primary_Producers,0.8089887640449438,6.620689655172414e-6,58000000
Primary_Producers,0.8089887640449438,6.64406779661017e-6,59000000
Primary_Producers,0.8089887640449438,6.5833333333333335e-6,60000000
Primary_Producers,0.8089887640449438,6.622950819672131e-6,61000000
Primary_Producers,0.8089887640449438,6.645161290322581e-6,62000000
Primary_Producers,0.8089887640449438,6.666666666666667e-6,63000000
Primary_Producers,0.8089887640449438,6.671875e-6,64000000
Primary_Producers,0.8089887640449438,6.738461538461538e-6,65000000
Primary_Producers,0.8089887640449438,6.681818181818182e-6,66000000
Primary_Producers,0.8089887640449438,6.671641791044776e-6,67000000
Primary_Producers,0.8089887640449438,6.6323529411764705e-6,68000000
Primary_Producers,0.8089887640449438,6.623188405797102e-6,69000000
Primary_Producers,0.8089887640449438,6.6e-6,70000000
Primary_Producers,0.8089887640449438,6.6197183098591546e-6,71000000
Primary_Producers,0.8089887640449438,6.6111111111111115e-6,72000000
Primary_Producers,0.8089887640449438,6.5753424657534245e-6,73000000
Primary_Producers,0.8089887640449438,6.567567567567567e-6,74000000
Primary_Producers,0.8089887640449438,6.5866666666666666e-6,75000000
Primary_Producers,0.8089887640449438,6.605263157894737e-6,76000000
Primary_Producers,0.8089887640449438,6.6233766233766234e-6,77000000
Primary_Producers,0.8089887640449438,6.615384615384616e-6,78000000
Primary_Producers,0.8089887640449438,6.658227848101266e-6,79000000
Primary_Producers,0.8089887640449438,6.6375e-6,80000000
Primary_Producers,0.8089887640449438,6.604938271604938e-6,81000000
Primary_Producers,0.8089887640449438,6.707317073170732e-6,82000000
Primary_Producers,0.8089887640449438,6.710843373493976e-6,83000000
Primary_Producers,0.8089887640449438,6.690476190476191e-6,84000000
Primary_Producers,0.8089887640449438,6.694117647058823e-6,85000000
Primary_Producers,0.8089887640449438,6.686046511627907e-6,86000000
Primary_Producers,0.8089887640449438,6.6896551724137935e-6,87000000
Primary_Producers,0.8089887640449438,6.704545454545454e-6,88000000
Primary_Producers,0.8089887640449438,6.674157303370786e-6,89000000
Primary_Producers,0.8089887640449438,6.6555555555555555e-6,90000000
Primary_Producers,0.8089887640449438,6.659340659340659e-6,91000000
Primary_Producers,0.8089887640449438,6.6847826086956524e-6,92000000
Primary_Producers,0.8089887640449438,6.698924731182796e-6,93000000
Primary_Producers,0.8089887640449438,6.670212765957447e-6,94000000
Primary_Producers,0.8089887640449438,6.663157894736842e-6,95000000
Primary_Producers,0.8089887640449438,6.677083333333333e-6,96000000
Primary_Producers,0.8089887640449438,6.670103092783505e-6,97000000
Primary_Producers,0.8089887640449438,6.683673469387755e-6,98000000
Primary_Producers,0.8089887640449438,6.626262626262626e-6,99000000
Primary_Producers,0.8089887640449438,6.61e-6,100000000
