Primary_Producers,0.3205128205128205,0.740772,1000000
Primary_Producers,0.3205128205128205,0.7410335,2000000
Primary_Producers,0.3205128205128205,0.741115,3000000
Primary_Producers,0.3205128205128205,0.741198,4000000
Primary_Producers,0.3205128205128205,0.7412902,5000000
Primary_Producers,0.3205128205128205,0.7412365,6000000
Primary_Producers,0.3205128205128205,0.7412177142857143,7000000
Primary_Producers,0.3205128205128205,0.741199625,8000000
Primary_Producers,0.3205128205128205,0.7412871111111111,9000000
Primary_Producers,0.3205128205128205,0.7412425,10000000
Primary_Producers,0.3205128205128205,0.7412636363636363,11000000
Primary_Producers,0.3205128205128205,0.7412084166666667,12000000
Primary_Producers,0.3205128205128205,0.7412066153846154,13000000
Primary_Producers,0.3205128205128205,0.7412239285714286,14000000
Primary_Producers,0.3205128205128205,0.7412089333333334,15000000
Primary_Producers,0.3205128205128205,0.741175125,16000000
Primary_Producers,0.3205128205128205,0.7411285882352942,17000000
Primary_Producers,0.3205128205128205,0.741138,18000000
Primary_Producers,0.3205128205128205,0.7411122105263158,19000000
Primary_Producers,0.3205128205128205,0.74113335,20000000
Primary_Producers,0.3205128205128205,0.7411474761904762,21000000
Primary_Producers,0.3205128205128205,0.7411455454545455,22000000
Primary_Producers,0.3205128205128205,0.7411191739130435,23000000
Primary_Producers,0.3205128205128205,0.7411011666666667,24000000
Primary_Producers,0.3205128205128205,0.7411186,25000000
Primary_Producers,0.3205128205128205,0.7411230769230769,26000000
Primary_Producers,0.3205128205128205,0.7411057777777778,27000000
Primary_Producers,0.3205128205128205,0.7411128571428571,28000000
Primary_Producers,0.3205128205128205,0.7411197931034482,29000000
Primary_Producers,0.3205128205128205,0.7411266666666667,30000000
Primary_Producers,0.3205128205128205,0.7411206129032258,31000000
Primary_Producers,0.3205128205128205,0.7411333125,32000000
Primary_Producers,0.3205128205128205,0.7411353030303031,33000000
Primary_Producers,0.3205128205128205,0.7411491470588235,34000000
Primary_Producers,0.3205128205128205,0.7411617142857143,35000000
Primary_Producers,0.3205128205128205,0.7411791111111111,36000000
Primary_Producers,0.3205128205128205,0.7411614594594594,37000000
Primary_Producers,0.3205128205128205,0.7411636315789474,38000000
Primary_Producers,0.3205128205128205,0.7411471282051282,39000000
Primary_Producers,0.3205128205128205,0.7411309,40000000
Primary_Producers,0.3205128205128205,0.7411235853658537,41000000
Primary_Producers,0.3205128205128205,0.7411115238095238,42000000
Primary_Producers,0.3205128205128205,0.7411023255813953,43000000
Primary_Producers,0.3205128205128205,0.7410955,44000000
Primary_Producers,0.3205128205128205,0.7411117777777778,45000000
Primary_Producers,0.3205128205128205,0.7411253043478261,46000000
Primary_Producers,0.3205128205128205,0.7411225319148936,47000000
Primary_Producers,0.3205128205128205,0.7411428541666667,48000000
Primary_Producers,0.3205128205128205,0.7411473469387755,49000000
Primary_Producers,0.3205128205128205,0.74114718,50000000
Primary_Producers,0.3205128205128205,0.7411569411764706,51000000
Primary_Producers,0.3205128205128205,0.741153076923077,52000000
Primary_Producers,0.3205128205128205,0.7411568490566037,53000000
Primary_Producers,0.3205128205128205,0.7411619259259259,54000000
Primary_Producers,0.3205128205128205,0.7411659272727272,55000000
Primary_Producers,0.3205128205128205,0.7411790535714285,56000000
Primary_Producers,0.3205128205128205,0.7411979122807018,57000000
Primary_Producers,0.3205128205128205,0.7411980862068965,58000000
Primary_Producers,0.3205128205128205,0.7412093728813559,59000000
Primary_Producers,0.3205128205128205,0.7412015,60000000
Primary_Producers,0.3205128205128205,0.7411963606557377,61000000
Primary_Producers,0.3205128205128205,0.7412086451612904,62000000
Primary_Producers,0.3205128205128205,0.741212126984127,63000000
Primary_Producers,0.3205128205128205,0.74121378125,64000000
Primary_Producers,0.3205128205128205,0.7412138615384616,65000000
Primary_Producers,0.3205128205128205,0.7412098484848485,66000000
Primary_Producers,0.3205128205128205,0.7412093582089552,67000000
Primary_Producers,0.3205128205128205,0.741209294117647,68000000
Primary_Producers,0.3205128205128205,0.7412114057971014,69000000
Primary_Producers,0.3205128205128205,0.7412192285714285,70000000
Primary_Producers,0.3205128205128205,0.7412200704225352,71000000
Primary_Producers,0.3205128205128205,0.74122725,72000000
Primary_Producers,0.3205128205128205,0.7412304520547945,73000000
Primary_Producers,0.3205128205128205,0.7412303783783784,74000000
Primary_Producers,0.3205128205128205,0.7412430266666666,75000000
Primary_Producers,0.3205128205128205,0.7412402236842105,76000000
Primary_Producers,0.3205128205128205,0.7412444935064935,77000000
Primary_Producers,0.3205128205128205,0.7412454871794871,78000000
Primary_Producers,0.3205128205128205,0.7412542784810127,79000000
Primary_Producers,0.3205128205128205,0.7412616125,80000000
Primary_Producers,0.3205128205128205,0.7412602469135803,81000000
Primary_Producers,0.3205128205128205,0.7412658780487805,82000000
Primary_Producers,0.3205128205128205,0.7412619277108434,83000000
Primary_Producers,0.3205128205128205,0.741261119047619,84000000
Primary_Producers,0.3205128205128205,0.7412671058823529,85000000
Primary_Producers,0.3205128205128205,0.7412686976744186,86000000
Primary_Producers,0.3205128205128205,0.7412707356321839,87000000
Primary_Producers,0.3205128205128205,0.7412651704545454,88000000
Primary_Producers,0.3205128205128205,0.7412644606741573,89000000
Primary_Producers,0.3205128205128205,0.7412597666666667,90000000
Primary_Producers,0.3205128205128205,0.7412465054945055,91000000
Primary_Producers,0.3205128205128205,0.7412501739130435,92000000
Primary_Producers,0.3205128205128205,0.7412505161290323,93000000
Primary_Producers,0.3205128205128205,0.7412557021276596,94000000
Primary_Producers,0.3205128205128205,0.7412625684210526,95000000
Primary_Producers,0.3205128205128205,0.7412656979166666,96000000
Primary_Producers,0.3205128205128205,0.7412718556701031,97000000
Primary_Producers,0.3205128205128205,0.7412697448979592,98000000
Primary_Producers,0.3205128205128205,0.7412681717171717,99000000
Primary_Producers,0.3205128205128205,0.7412616,100000000
