Primary_Producers,0.8405365126676602,0.004169,1000000
Primary_Producers,0.8405365126676602,0.0041235,2000000
Primary_Producers,0.8405365126676602,0.004116666666666667,3000000
Primary_Producers,0.8405365126676602,0.0041,4000000
Primary_Producers,0.8405365126676602,0.0041138,5000000
Primary_Producers,0.8405365126676602,0.004121,6000000
Primary_Producers,0.8405365126676602,0.004110571428571429,7000000
Primary_Producers,0.8405365126676602,0.0041165,8000000
Primary_Producers,0.8405365126676602,0.004118777777777778,9000000
Primary_Producers,0.8405365126676602,0.0041204,10000000
Primary_Producers,0.8405365126676602,0.004127,11000000
Primary_Producers,0.8405365126676602,0.004132,12000000
Primary_Producers,0.8405365126676602,0.0041294615384615384,13000000
Primary_Producers,0.8405365126676602,0.004127071428571429,14000000
Primary_Producers,0.8405365126676602,0.004122466666666666,15000000
Primary_Producers,0.8405365126676602,0.0041168125,16000000
Primary_Producers,0.8405365126676602,0.0041139411764705884,17000000
Primary_Producers,0.8405365126676602,0.0041196666666666664,18000000
Primary_Producers,0.8405365126676602,0.0041192105263157894,19000000
Primary_Producers,0.8405365126676602,0.0041178,20000000
Primary_Producers,0.8405365126676602,0.00412,21000000
Primary_Producers,0.8405365126676602,0.004116272727272727,22000000
Primary_Producers,0.8405365126676602,0.0041149565217391305,23000000
Primary_Producers,0.8405365126676602,0.004112458333333333,24000000
Primary_Producers,0.8405365126676602,0.00411332,25000000
Primary_Producers,0.8405365126676602,0.004109153846153847,26000000
Primary_Producers,0.8405365126676602,0.004107851851851852,27000000
Primary_Producers,0.8405365126676602,0.004107571428571428,28000000
Primary_Producers,0.8405365126676602,0.0041061034482758624,29000000
Primary_Producers,0.8405365126676602,0.0041064,30000000
Primary_Producers,0.8405365126676602,0.004107806451612904,31000000
Primary_Producers,0.8405365126676602,0.004108875,32000000
Primary_Producers,0.8405365126676602,0.004106090909090909,33000000
Primary_Producers,0.8405365126676602,0.004102764705882353,34000000
Primary_Producers,0.8405365126676602,0.004103285714285715,35000000
Primary_Producers,0.8405365126676602,0.004105,36000000
Primary_Producers,0.8405365126676602,0.0041047297297297294,37000000
Primary_Producers,0.8405365126676602,0.004106552631578947,38000000
Primary_Producers,0.8405365126676602,0.004106974358974359,39000000
Primary_Producers,0.8405365126676602,0.00410685,40000000
Primary_Producers,0.8405365126676602,0.004107097560975609,41000000
Primary_Producers,0.8405365126676602,0.004109047619047619,42000000
Primary_Producers,0.8405365126676602,0.0041084186046511624,43000000
Primary_Producers,0.8405365126676602,0.004107909090909091,44000000
Primary_Producers,0.8405365126676602,0.004107844444444444,45000000
Primary_Producers,0.8405365126676602,0.004110065217391304,46000000
Primary_Producers,0.8405365126676602,0.004109765957446809,47000000
Primary_Producers,0.8405365126676602,0.0041101666666666665,48000000
Primary_Producers,0.8405365126676602,0.0041110408163265305,49000000
Primary_Producers,0.8405365126676602,0.0041127,50000000
Primary_Producers,0.8405365126676602,0.004112764705882353,51000000
Primary_Producers,0.8405365126676602,0.0041123653846153845,52000000
Primary_Producers,0.8405365126676602,0.004113679245283019,53000000
Primary_Producers,0.8405365126676602,0.004113111111111111,54000000
Primary_Producers,0.8405365126676602,0.004114054545454545,55000000
Primary_Producers,0.8405365126676602,0.0041135,56000000
Primary_Producers,0.8405365126676602,0.004115280701754386,57000000
Primary_Producers,0.8405365126676602,0.004115068965517241,58000000
Primary_Producers,0.8405365126676602,0.004115169491525424,59000000
Primary_Producers,0.8405365126676602,0.0041158666666666665,60000000
Primary_Producers,0.8405365126676602,0.0041153114754098365,61000000
Primary_Producers,0.8405365126676602,0.0041155,62000000
Primary_Producers,0.8405365126676602,0.004115238095238095,63000000
Primary_Producers,0.8405365126676602,0.00411484375,64000000
Primary_Producers,0.8405365126676602,0.004114876923076923,65000000
Primary_Producers,0.8405365126676602,0.004114590909090909,66000000
Primary_Producers,0.8405365126676602,0.004114626865671642,67000000
Primary_Producers,0.8405365126676602,0.004116014705882353,68000000
Primary_Producers,0.8405365126676602,0.004117376811594203,69000000
Primary_Producers,0.8405365126676602,0.004115957142857143,70000000
Primary_Producers,0.8405365126676602,0.0041159577464788735,71000000
Primary_Producers,0.8405365126676602,0.004115055555555556,72000000
Primary_Producers,0.8405365126676602,0.004116369863013699,73000000
Primary_Producers,0.8405365126676602,0.0041164594594594595,74000000
Primary_Producers,0.8405365126676602,0.004116613333333333,75000000
Primary_Producers,0.8405365126676602,0.004118144736842105,76000000
Primary_Producers,0.8405365126676602,0.004116922077922078,77000000
Primary_Producers,0.8405365126676602,0.004117217948717949,78000000
Primary_Producers,0.8405365126676602,0.004118898734177215,79000000
Primary_Producers,0.8405365126676602,0.0041181125,80000000
Primary_Producers,0.8405365126676602,0.004117654320987654,81000000
Primary_Producers,0.8405365126676602,0.004118621951219512,82000000
Primary_Producers,0.8405365126676602,0.0041184698795180726,83000000
Primary_Producers,0.8405365126676602,0.004118238095238095,84000000
Primary_Producers,0.8405365126676602,0.004117658823529412,85000000
Primary_Producers,0.8405365126676602,0.004117755813953489,86000000
Primary_Producers,0.8405365126676602,0.004118172413793104,87000000
Primary_Producers,0.8405365126676602,0.004118352272727273,88000000
Primary_Producers,0.8405365126676602,0.004117988764044944,89000000
Primary_Producers,0.8405365126676602,0.004118588888888889,90000000
Primary_Producers,0.8405365126676602,0.004118582417582417,91000000
Primary_Producers,0.8405365126676602,0.0041185,92000000
Primary_Producers,0.8405365126676602,0.004118731182795699,93000000
Primary_Producers,0.8405365126676602,0.004118734042553192,94000000
Primary_Producers,0.8405365126676602,0.004119442105263158,95000000
Primary_Producers,0.8405365126676602,0.004119322916666667,96000000
Primary_Producers,0.8405365126676602,0.0041198659793814435,97000000
Primary_Producers,0.8405365126676602,0.0041207448979591835,98000000
Primary_Producers,0.8405365126676602,0.0041205959595959595,99000000
Primary_Producers,0.8405365126676602,0.00412,100000000
