Primary_Producers,0.6438127090301003,0.028058,1000000
Primary_Producers,0.6438127090301003,0.028006,2000000
Primary_Producers,0.6438127090301003,0.027922333333333334,3000000
Primary_Producers,0.6438127090301003,0.027964,4000000
Primary_Producers,0.6438127090301003,0.028017,5000000
Primary_Producers,0.6438127090301003,0.0280135,6000000
Primary_Producers,0.6438127090301003,0.02801342857142857,7000000
Primary_Producers,0.6438127090301003,0.028028125,8000000
Primary_Producers,0.6438127090301003,0.028013666666666666,9000000
Primary_Producers,0.6438127090301003,0.0279842,10000000
Primary_Producers,0.6438127090301003,0.028005,11000000
Primary_Producers,0.6438127090301003,0.028008666666666668,12000000
Primary_Producers,0.6438127090301003,0.02799530769230769,13000000
Primary_Producers,0.6438127090301003,0.02798264285714286,14000000
Primary_Producers,0.6438127090301003,0.0279734,15000000
Primary_Producers,0.6438127090301003,0.0279579375,16000000
Primary_Producers,0.6438127090301003,0.027951764705882353,17000000
Primary_Producers,0.6438127090301003,0.027966055555555556,18000000
Primary_Producers,0.6438127090301003,0.02796894736842105,19000000
Primary_Producers,0.6438127090301003,0.0279765,20000000
Primary_Producers,0.6438127090301003,0.027976190476190477,21000000
Primary_Producers,0.6438127090301003,0.027965454545454547,22000000
Primary_Producers,0.6438127090301003,0.027960782608695653,23000000
Primary_Producers,0.6438127090301003,0.027977625,24000000
Primary_Producers,0.6438127090301003,0.02798164,25000000
Primary_Producers,0.6438127090301003,0.027972846153846154,26000000
Primary_Producers,0.6438127090301003,0.027966814814814816,27000000
Primary_Producers,0.6438127090301003,0.027970785714285715,28000000
Primary_Producers,0.6438127090301003,0.027959,29000000
Primary_Producers,0.6438127090301003,0.0279608,30000000
Primary_Producers,0.6438127090301003,0.027963,31000000
Primary_Producers,0.6438127090301003,0.02796303125,32000000
Primary_Producers,0.6438127090301003,0.027949121212121213,33000000
Primary_Producers,0.6438127090301003,0.027941294117647057,34000000
Primary_Producers,0.6438127090301003,0.027938114285714286,35000000
Primary_Producers,0.6438127090301003,0.027936944444444445,36000000
Primary_Producers,0.6438127090301003,0.02793472972972973,37000000
Primary_Producers,0.6438127090301003,0.027939,38000000
Primary_Producers,0.6438127090301003,0.027943358974358973,39000000
Primary_Producers,0.6438127090301003,0.027937125,40000000
Primary_Producers,0.6438127090301003,0.02793360975609756,41000000
Primary_Producers,0.6438127090301003,0.02793007142857143,42000000
Primary_Producers,0.6438127090301003,0.027926837209302325,43000000
Primary_Producers,0.6438127090301003,0.027922795454545454,44000000
Primary_Producers,0.6438127090301003,0.027923844444444443,45000000
Primary_Producers,0.6438127090301003,0.027930978260869564,46000000
Primary_Producers,0.6438127090301003,0.027933808510638296,47000000
Primary_Producers,0.6438127090301003,0.027937270833333333,48000000
Primary_Producers,0.6438127090301003,0.027936448979591837,49000000
Primary_Producers,0.6438127090301003,0.02793592,50000000
Primary_Producers,0.6438127090301003,0.02793792156862745,51000000
Primary_Producers,0.6438127090301003,0.02793698076923077,52000000
Primary_Producers,0.6438127090301003,0.027938415094339624,53000000
Primary_Producers,0.6438127090301003,0.027939074074074075,54000000
Primary_Producers,0.6438127090301003,0.027941836363636365,55000000
Primary_Producers,0.6438127090301003,0.027940464285714287,56000000
Primary_Producers,0.6438127090301003,0.027949473684210527,57000000
Primary_Producers,0.6438127090301003,0.027953189655172413,58000000
Primary_Producers,0.6438127090301003,0.027956762711864407,59000000
Primary_Producers,0.6438127090301003,0.027955566666666667,60000000
Primary_Producers,0.6438127090301003,0.027951147540983608,61000000
Primary_Producers,0.6438127090301003,0.02795258064516129,62000000
Primary_Producers,0.6438127090301003,0.02795593650793651,63000000
Primary_Producers,0.6438127090301003,0.027956515625,64000000
Primary_Producers,0.6438127090301003,0.02795929230769231,65000000
Primary_Producers,0.6438127090301003,0.027954757575757577,66000000
Primary_Producers,0.6438127090301003,0.027956104477611942,67000000
Primary_Producers,0.6438127090301003,0.02796270588235294,68000000
Primary_Producers,0.6438127090301003,0.02796321739130435,69000000
Primary_Producers,0.6438127090301003,0.027960014285714287,70000000
Primary_Producers,0.6438127090301003,0.027961577464788733,71000000
Primary_Producers,0.6438127090301003,0.02796386111111111,72000000
Primary_Producers,0.6438127090301003,0.027964301369863012,73000000
Primary_Producers,0.6438127090301003,0.02796762162162162,74000000
Primary_Producers,0.6438127090301003,0.027966813333333333,75000000
Primary_Producers,0.6438127090301003,0.027970513157894738,76000000
Primary_Producers,0.6438127090301003,0.027969792207792207,77000000
Primary_Producers,0.6438127090301003,0.027970628205128203,78000000
Primary_Producers,0.6438127090301003,0.027973708860759495,79000000
Primary_Producers,0.6438127090301003,0.027975425,80000000
Primary_Producers,0.6438127090301003,0.02797179012345679,81000000
Primary_Producers,0.6438127090301003,0.02797069512195122,82000000
Primary_Producers,0.6438127090301003,0.027971963855421687,83000000
Primary_Producers,0.6438127090301003,0.027973571428571428,84000000
Primary_Producers,0.6438127090301003,0.027974882352941176,85000000
Primary_Producers,0.6438127090301003,0.027973093023255815,86000000
Primary_Producers,0.6438127090301003,0.027972724137931036,87000000
Primary_Producers,0.6438127090301003,0.027972886363636363,88000000
Primary_Producers,0.6438127090301003,0.027973741573033707,89000000
Primary_Producers,0.6438127090301003,0.027970444444444444,90000000
Primary_Producers,0.6438127090301003,0.027970912087912088,91000000
Primary_Producers,0.6438127090301003,0.02796978260869565,92000000
Primary_Producers,0.6438127090301003,0.02796783870967742,93000000
Primary_Producers,0.6438127090301003,0.02796772340425532,94000000
Primary_Producers,0.6438127090301003,0.02797001052631579,95000000
Primary_Producers,0.6438127090301003,0.027971875,96000000
Primary_Producers,0.6438127090301003,0.027971690721649484,97000000
Primary_Producers,0.6438127090301003,0.027972132653061223,98000000
Primary_Producers,0.6438127090301003,0.02797169696969697,99000000
Primary_Producers,0.6438127090301003,0.02796888,100000000
