Herbivores,0.4520717377860235,0.306024,1000000
Herbivores,0.4520717377860235,0.306654,2000000
Herbivores,0.4520717377860235,0.30622466666666665,3000000
Herbivores,0.4520717377860235,0.30613025,4000000
Herbivores,0.4520717377860235,0.306166,5000000
Herbivores,0.4520717377860235,0.30618283333333335,6000000
Herbivores,0.4520717377860235,0.3062951428571429,7000000
Herbivores,0.4520717377860235,0.3062845,8000000
Herbivores,0.4520717377860235,0.30623255555555556,9000000
Herbivores,0.4520717377860235,0.3062582,10000000
Herbivores,0.4520717377860235,0.30633418181818184,11000000
Herbivores,0.4520717377860235,0.30633758333333333,12000000
Herbivores,0.4520717377860235,0.30633069230769233,13000000
Herbivores,0.4520717377860235,0.3063077142857143,14000000
Herbivores,0.4520717377860235,0.30630186666666664,15000000
Herbivores,0.4520717377860235,0.3062735,16000000
Herbivores,0.4520717377860235,0.3062439411764706,17000000
Herbivores,0.4520717377860235,0.30624583333333333,18000000
Herbivores,0.4520717377860235,0.30625094736842107,19000000
Herbivores,0.4520717377860235,0.30625275,20000000
Herbivores,0.4520717377860235,0.3062287142857143,21000000
Herbivores,0.4520717377860235,0.3062256818181818,22000000
Herbivores,0.4520717377860235,0.30623008695652176,23000000
Herbivores,0.4520717377860235,0.30623158333333333,24000000
Herbivores,0.4520717377860235,0.30625652,25000000
Herbivores,0.4520717377860235,0.3062716923076923,26000000
Herbivores,0.4520717377860235,0.3062837037037037,27000000
Herbivores,0.4520717377860235,0.30628239285714287,28000000
Herbivores,0.4520717377860235,0.306319,29000000
Herbivores,0.4520717377860235,0.30629283333333335,30000000
Herbivores,0.4520717377860235,0.30628367741935486,31000000
Herbivores,0.4520717377860235,0.30630153125,32000000
Herbivores,0.4520717377860235,0.30630742424242424,33000000
Herbivores,0.4520717377860235,0.30629182352941176,34000000
Herbivores,0.4520717377860235,0.30629331428571427,35000000
Herbivores,0.4520717377860235,0.30626441666666665,36000000
Herbivores,0.4520717377860235,0.3062534054054054,37000000
Herbivores,0.4520717377860235,0.3062407368421053,38000000
Herbivores,0.4520717377860235,0.30625789743589743,39000000
Herbivores,0.4520717377860235,0.306264775,40000000
Herbivores,0.4520717377860235,0.30628153658536583,41000000
Herbivores,0.4520717377860235,0.30629588095238097,42000000
Herbivores,0.4520717377860235,0.3062746511627907,43000000
Herbivores,0.4520717377860235,0.3062737272727273,44000000
Herbivores,0.4520717377860235,0.3062606222222222,45000000
Herbivores,0.4520717377860235,0.3062565652173913,46000000
Herbivores,0.4520717377860235,0.30624797872340426,47000000
Herbivores,0.4520717377860235,0.3062393958333333,48000000
Herbivores,0.4520717377860235,0.3062328979591837,49000000
Herbivores,0.4520717377860235,0.3062326,50000000
Herbivores,0.4520717377860235,0.3062315294117647,51000000
Herbivores,0.4520717377860235,0.3062401923076923,52000000
Herbivores,0.4520717377860235,0.3062306226415094,53000000
Herbivores,0.4520717377860235,0.3062322777777778,54000000
Herbivores,0.4520717377860235,0.3062320909090909,55000000
Herbivores,0.4520717377860235,0.3062274107142857,56000000
Herbivores,0.4520717377860235,0.30625112280701755,57000000
Herbivores,0.4520717377860235,0.30625493103448276,58000000
Herbivores,0.4520717377860235,0.3062553898305085,59000000
Herbivores,0.4520717377860235,0.3062627666666667,60000000
Herbivores,0.4520717377860235,0.30626883606557376,61000000
Herbivores,0.4520717377860235,0.3062643548387097,62000000
Herbivores,0.4520717377860235,0.3062533968253968,63000000
Herbivores,0.4520717377860235,0.306252125,64000000
Herbivores,0.4520717377860235,0.3062472153846154,65000000
Herbivores,0.4520717377860235,0.3062549090909091,66000000
Herbivores,0.4520717377860235,0.30625898507462684,67000000
Herbivores,0.4520717377860235,0.30625904411764704,68000000
Herbivores,0.4520717377860235,0.3062552608695652,69000000
Herbivores,0.4520717377860235,0.3062642285714286,70000000
Herbivores,0.4520717377860235,0.30626435211267605,71000000
Herbivores,0.4520717377860235,0.30626084722222224,72000000
Herbivores,0.4520717377860235,0.3062538219178082,73000000
Herbivores,0.4520717377860235,0.3062583918918919,74000000
Herbivores,0.4520717377860235,0.30625578666666664,75000000
Herbivores,0.4520717377860235,0.30626114473684213,76000000
Herbivores,0.4520717377860235,0.30625744155844153,77000000
Herbivores,0.4520717377860235,0.30626534615384615,78000000
Herbivores,0.4520717377860235,0.3062673924050633,79000000
Herbivores,0.4520717377860235,0.306260975,80000000
Herbivores,0.4520717377860235,0.30626764197530865,81000000
Herbivores,0.4520717377860235,0.30626614634146343,82000000
Herbivores,0.4520717377860235,0.30625534939759036,83000000
Herbivores,0.4520717377860235,0.3062615833333333,84000000
Herbivores,0.4520717377860235,0.3062612470588235,85000000
Herbivores,0.4520717377860235,0.30625644186046513,86000000
Herbivores,0.4520717377860235,0.30625798850574715,87000000
Herbivores,0.4520717377860235,0.30625132954545453,88000000
Herbivores,0.4520717377860235,0.30625091011235955,89000000
Herbivores,0.4520717377860235,0.3062410666666667,90000000
Herbivores,0.4520717377860235,0.3062393736263736,91000000
Herbivores,0.4520717377860235,0.3062387065217391,92000000
Herbivores,0.4520717377860235,0.3062356559139785,93000000
Herbivores,0.4520717377860235,0.3062350425531915,94000000
Herbivores,0.4520717377860235,0.3062336315789474,95000000
Herbivores,0.4520717377860235,0.30623392708333336,96000000
Herbivores,0.4520717377860235,0.30622709278350513,97000000
Herbivores,0.4520717377860235,0.3062164387755102,98000000
Herbivores,0.4520717377860235,0.3062217878787879,99000000
Herbivores,0.4520717377860235,0.30622203,100000000
