Parasites,0.4057663769344923,0.000118,1000000
Parasites,0.4057663769344923,0.00013,2000000
Parasites,0.4057663769344923,0.000122,3000000
Parasites,0.4057663769344923,0.00012425,4000000
Parasites,0.4057663769344923,0.0001268,5000000
Parasites,0.4057663769344923,0.000127,6000000
Parasites,0.4057663769344923,0.00012785714285714286,7000000
Parasites,0.4057663769344923,0.00012675,8000000
Parasites,0.4057663769344923,0.00012444444444444444,9000000
Parasites,0.4057663769344923,0.0001232,10000000
Parasites,0.4057663769344923,0.00012236363636363635,11000000
Parasites,0.4057663769344923,0.0001235,12000000
Parasites,0.4057663769344923,0.00012476923076923076,13000000
Parasites,0.4057663769344923,0.00012571428571428572,14000000
Parasites,0.4057663769344923,0.00012646666666666666,15000000
Parasites,0.4057663769344923,0.000126375,16000000
Parasites,0.4057663769344923,0.00012658823529411765,17000000
Parasites,0.4057663769344923,0.00012583333333333332,18000000
Parasites,0.4057663769344923,0.00012694736842105262,19000000
Parasites,0.4057663769344923,0.0001267,20000000
Parasites,0.4057663769344923,0.00012623809523809525,21000000
Parasites,0.4057663769344923,0.000127,22000000
Parasites,0.4057663769344923,0.00012708695652173914,23000000
Parasites,0.4057663769344923,0.000127375,24000000
Parasites,0.4057663769344923,0.00012768,25000000
Parasites,0.4057663769344923,0.00012753846153846154,26000000
Parasites,0.4057663769344923,0.00012707407407407407,27000000
Parasites,0.4057663769344923,0.00012664285714285715,28000000
Parasites,0.4057663769344923,0.0001266551724137931,29000000
Parasites,0.4057663769344923,0.00012646666666666666,30000000
Parasites,0.4057663769344923,0.00012609677419354837,31000000
Parasites,0.4057663769344923,0.0001260625,32000000
Parasites,0.4057663769344923,0.00012645454545454546,33000000
Parasites,0.4057663769344923,0.00012567647058823528,34000000
Parasites,0.4057663769344923,0.00012574285714285716,35000000
Parasites,0.4057663769344923,0.00012575,36000000
Parasites,0.4057663769344923,0.00012543243243243242,37000000
Parasites,0.4057663769344923,0.00012542105263157894,38000000
Parasites,0.4057663769344923,0.0001253846153846154,39000000
Parasites,0.4057663769344923,0.0001251,40000000
Parasites,0.4057663769344923,0.00012548780487804879,41000000
Parasites,0.4057663769344923,0.0001251904761904762,42000000
Parasites,0.4057663769344923,0.00012486046511627906,43000000
Parasites,0.4057663769344923,0.0001250681818181818,44000000
Parasites,0.4057663769344923,0.00012526666666666666,45000000
Parasites,0.4057663769344923,0.00012484782608695652,46000000
Parasites,0.4057663769344923,0.0001247872340425532,47000000
Parasites,0.4057663769344923,0.00012452083333333334,48000000
Parasites,0.4057663769344923,0.0001250204081632653,49000000
Parasites,0.4057663769344923,0.00012536,50000000
Parasites,0.4057663769344923,0.00012509803921568628,51000000
Parasites,0.4057663769344923,0.00012509615384615386,52000000
Parasites,0.4057663769344923,0.00012541509433962265,53000000
Parasites,0.4057663769344923,0.00012575925925925927,54000000
Parasites,0.4057663769344923,0.00012543636363636362,55000000
Parasites,0.4057663769344923,0.00012528571428571428,56000000
Parasites,0.4057663769344923,0.0001254561403508772,57000000
Parasites,0.4057663769344923,0.00012548275862068965,58000000
Parasites,0.4057663769344923,0.00012557627118644067,59000000
Parasites,0.4057663769344923,0.0001255,60000000
Parasites,0.4057663769344923,0.0001255409836065574,61000000
Parasites,0.4057663769344923,0.0001255967741935484,62000000
Parasites,0.4057663769344923,0.00012547619047619047,63000000
Parasites,0.4057663769344923,0.000125359375,64000000
Parasites,0.4057663769344923,0.0001254,65000000
Parasites,0.4057663769344923,0.00012560606060606062,66000000
Parasites,0.4057663769344923,0.0001255223880597015,67000000
Parasites,0.4057663769344923,0.00012544117647058823,68000000
Parasites,0.4057663769344923,0.00012571014492753624,69000000
Parasites,0.4057663769344923,0.00012581428571428573,70000000
Parasites,0.4057663769344923,0.0001257887323943662,71000000
Parasites,0.4057663769344923,0.00012570833333333333,72000000
Parasites,0.4057663769344923,0.00012554794520547945,73000000
Parasites,0.4057663769344923,0.00012578378378378378,74000000
Parasites,0.4057663769344923,0.00012566666666666667,75000000
Parasites,0.4057663769344923,0.0001255,76000000
Parasites,0.4057663769344923,0.0001252987012987013,77000000
Parasites,0.4057663769344923,0.00012515384615384615,78000000
Parasites,0.4057663769344923,0.0001251139240506329,79000000
Parasites,0.4057663769344923,0.0001252125,80000000
Parasites,0.4057663769344923,0.00012519753086419753,81000000
Parasites,0.4057663769344923,0.00012525609756097562,82000000
Parasites,0.4057663769344923,0.00012536144578313254,83000000
Parasites,0.4057663769344923,0.00012545238095238096,84000000
Parasites,0.4057663769344923,0.00012549411764705882,85000000
Parasites,0.4057663769344923,0.0001255,86000000
Parasites,0.4057663769344923,0.00012542528735632184,87000000
Parasites,0.4057663769344923,0.000125375,88000000
Parasites,0.4057663769344923,0.00012539325842696628,89000000
Parasites,0.4057663769344923,0.0001255222222222222,90000000
Parasites,0.4057663769344923,0.00012557142857142858,91000000
Parasites,0.4057663769344923,0.00012558695652173913,92000000
Parasites,0.4057663769344923,0.00012555913978494623,93000000
Parasites,0.4057663769344923,0.00012540425531914893,94000000
Parasites,0.4057663769344923,0.00012521052631578948,95000000
Parasites,0.4057663769344923,0.00012523958333333332,96000000
Parasites,0.4057663769344923,0.0001254020618556701,97000000
Parasites,0.4057663769344923,0.00012544897959183675,98000000
Parasites,0.4057663769344923,0.0001254040404040404,99000000
Parasites,0.4057663769344923,0.0001254,100000000
