Primary_Producers,0.8445675592489996,0.007216,1000000
Primary_Producers,0.8445675592489996,0.00717,2000000
Primary_Producers,0.8445675592489996,0.007124666666666666,3000000
Primary_Producers,0.8445675592489996,0.00714875,4000000
Primary_Producers,0.8445675592489996,0.007147,5000000
Primary_Producers,0.8445675592489996,0.007134666666666667,6000000
Primary_Producers,0.8445675592489996,0.007113857142857143,7000000
Primary_Producers,0.8445675592489996,0.0071115,8000000
Primary_Producers,0.8445675592489996,0.007115333333333334,9000000
Primary_Producers,0.8445675592489996,0.0071156,10000000
Primary_Producers,0.8445675592489996,0.007119818181818182,11000000
Primary_Producers,0.8445675592489996,0.007128,12000000
Primary_Producers,0.8445675592489996,0.00712223076923077,13000000
Primary_Producers,0.8445675592489996,0.007120357142857143,14000000
Primary_Producers,0.8445675592489996,0.0071252,15000000
Primary_Producers,0.8445675592489996,0.0071306875,16000000
Primary_Producers,0.8445675592489996,0.007129588235294118,17000000
Primary_Producers,0.8445675592489996,0.007135333333333333,18000000
Primary_Producers,0.8445675592489996,0.007142631578947368,19000000
Primary_Producers,0.8445675592489996,0.0071467,20000000
Primary_Producers,0.8445675592489996,0.007146380952380953,21000000
Primary_Producers,0.8445675592489996,0.007146181818181818,22000000
Primary_Producers,0.8445675592489996,0.007144173913043479,23000000
Primary_Producers,0.8445675592489996,0.007145291666666667,24000000
Primary_Producers,0.8445675592489996,0.00714508,25000000
Primary_Producers,0.8445675592489996,0.007147730769230769,26000000
Primary_Producers,0.8445675592489996,0.007150333333333333,27000000
Primary_Producers,0.8445675592489996,0.007155285714285714,28000000
Primary_Producers,0.8445675592489996,0.0071514827586206895,29000000
Primary_Producers,0.8445675592489996,0.007151233333333333,30000000
Primary_Producers,0.8445675592489996,0.007153741935483871,31000000
Primary_Producers,0.8445675592489996,0.00715190625,32000000
Primary_Producers,0.8445675592489996,0.0071572424242424245,33000000
Primary_Producers,0.8445675592489996,0.007158705882352941,34000000
Primary_Producers,0.8445675592489996,0.0071605714285714285,35000000
Primary_Producers,0.8445675592489996,0.007166861111111111,36000000
Primary_Producers,0.8445675592489996,0.0071697027027027025,37000000
Primary_Producers,0.8445675592489996,0.007169078947368421,38000000
Primary_Producers,0.8445675592489996,0.007167384615384615,39000000
Primary_Producers,0.8445675592489996,0.00716415,40000000
Primary_Producers,0.8445675592489996,0.0071663414634146345,41000000
Primary_Producers,0.8445675592489996,0.007165357142857143,42000000
Primary_Producers,0.8445675592489996,0.007164674418604651,43000000
Primary_Producers,0.8445675592489996,0.0071646136363636365,44000000
Primary_Producers,0.8445675592489996,0.007162444444444444,45000000
Primary_Producers,0.8445675592489996,0.007164239130434783,46000000
Primary_Producers,0.8445675592489996,0.007163085106382978,47000000
Primary_Producers,0.8445675592489996,0.0071662708333333335,48000000
Primary_Producers,0.8445675592489996,0.007167387755102041,49000000
Primary_Producers,0.8445675592489996,0.00716536,50000000
Primary_Producers,0.8445675592489996,0.0071685294117647055,51000000
Primary_Producers,0.8445675592489996,0.007169115384615385,52000000
Primary_Producers,0.8445675592489996,0.007167716981132075,53000000
Primary_Producers,0.8445675592489996,0.007167833333333333,54000000
Primary_Producers,0.8445675592489996,0.007166836363636363,55000000
Primary_Producers,0.8445675592489996,0.007167125,56000000
Primary_Producers,0.8445675592489996,0.007168964912280701,57000000
Primary_Producers,0.8445675592489996,0.0071679827586206895,58000000
Primary_Producers,0.8445675592489996,0.00716793220338983,59000000
Primary_Producers,0.8445675592489996,0.0071683833333333336,60000000
Primary_Producers,0.8445675592489996,0.0071704098360655735,61000000
Primary_Producers,0.8445675592489996,0.007170983870967742,62000000
Primary_Producers,0.8445675592489996,0.007169,63000000
Primary_Producers,0.8445675592489996,0.007168109375,64000000
Primary_Producers,0.8445675592489996,0.007168261538461539,65000000
Primary_Producers,0.8445675592489996,0.007168,66000000
Primary_Producers,0.8445675592489996,0.007169686567164179,67000000
Primary_Producers,0.8445675592489996,0.007170617647058824,68000000
Primary_Producers,0.8445675592489996,0.007172217391304348,69000000
Primary_Producers,0.8445675592489996,0.0071746,70000000
Primary_Producers,0.8445675592489996,0.007174887323943662,71000000
Primary_Producers,0.8445675592489996,0.007173722222222222,72000000
Primary_Producers,0.8445675592489996,0.007174013698630137,73000000
Primary_Producers,0.8445675592489996,0.00717522972972973,74000000
Primary_Producers,0.8445675592489996,0.00717292,75000000
Primary_Producers,0.8445675592489996,0.007172736842105263,76000000
Primary_Producers,0.8445675592489996,0.007173883116883117,77000000
Primary_Producers,0.8445675592489996,0.007173948717948718,78000000
Primary_Producers,0.8445675592489996,0.007175126582278481,79000000
Primary_Producers,0.8445675592489996,0.007174825,80000000
Primary_Producers,0.8445675592489996,0.007175283950617284,81000000
Primary_Producers,0.8445675592489996,0.007175378048780488,82000000
Primary_Producers,0.8445675592489996,0.007175289156626506,83000000
Primary_Producers,0.8445675592489996,0.007174619047619048,84000000
Primary_Producers,0.8445675592489996,0.007175070588235294,85000000
Primary_Producers,0.8445675592489996,0.007175802325581395,86000000
Primary_Producers,0.8445675592489996,0.007177988505747126,87000000
Primary_Producers,0.8445675592489996,0.007178409090909091,88000000
Primary_Producers,0.8445675592489996,0.007178786516853932,89000000
Primary_Producers,0.8445675592489996,0.007178055555555556,90000000
Primary_Producers,0.8445675592489996,0.007178483516483517,91000000
Primary_Producers,0.8445675592489996,0.007177989130434783,92000000
Primary_Producers,0.8445675592489996,0.007176344086021505,93000000
Primary_Producers,0.8445675592489996,0.007174308510638298,94000000
Primary_Producers,0.8445675592489996,0.007174894736842105,95000000
Primary_Producers,0.8445675592489996,0.007173270833333334,96000000
Primary_Producers,0.8445675592489996,0.007173051546391753,97000000
Primary_Producers,0.8445675592489996,0.007173540816326531,98000000
Primary_Producers,0.8445675592489996,0.007173636363636364,99000000
Primary_Producers,0.8445675592489996,0.00717351,100000000
