Herbivores,0.6122215876641919,3.0e-6,1000000
Herbivores,0.6122215876641919,3.0e-6,2000000
Herbivores,0.6122215876641919,3.0e-6,3000000
Herbivores,0.6122215876641919,3.25e-6,4000000
Herbivores,0.6122215876641919,3.4e-6,5000000
Herbivores,0.6122215876641919,3.5e-6,6000000
Herbivores,0.6122215876641919,3.857142857142857e-6,7000000
Herbivores,0.6122215876641919,3.625e-6,8000000
Herbivores,0.6122215876641919,3.3333333333333333e-6,9000000
Herbivores,0.6122215876641919,3.2e-6,10000000
Herbivores,0.6122215876641919,3.090909090909091e-6,11000000
Herbivores,0.6122215876641919,3.3333333333333333e-6,12000000
Herbivores,0.6122215876641919,3.230769230769231e-6,13000000
Herbivores,0.6122215876641919,3.142857142857143e-6,14000000
Herbivores,0.6122215876641919,3.066666666666667e-6,15000000
Herbivores,0.6122215876641919,3.1875e-6,16000000
Herbivores,0.6122215876641919,3.1176470588235293e-6,17000000
Herbivores,0.6122215876641919,3.2222222222222222e-6,18000000
Herbivores,0.6122215876641919,3.0526315789473684e-6,19000000
Herbivores,0.6122215876641919,3.1e-6,20000000
Herbivores,0.6122215876641919,3.0476190476190477e-6,21000000
Herbivores,0.6122215876641919,3.0454545454545455e-6,22000000
Herbivores,0.6122215876641919,3.0434782608695654e-6,23000000
Herbivores,0.6122215876641919,2.9583333333333335e-6,24000000
Herbivores,0.6122215876641919,2.92e-6,25000000
Herbivores,0.6122215876641919,3.0e-6,26000000
Herbivores,0.6122215876641919,3.0e-6,27000000
Herbivores,0.6122215876641919,3.0714285714285715e-6,28000000
Herbivores,0.6122215876641919,3.0e-6,29000000
Herbivores,0.6122215876641919,2.9666666666666665e-6,30000000
Herbivores,0.6122215876641919,2.967741935483871e-6,31000000
Herbivores,0.6122215876641919,3.0e-6,32000000
Herbivores,0.6122215876641919,3.0303030303030305e-6,33000000
Herbivores,0.6122215876641919,3.0e-6,34000000
Herbivores,0.6122215876641919,2.9714285714285716e-6,35000000
Herbivores,0.6122215876641919,2.972222222222222e-6,36000000
Herbivores,0.6122215876641919,2.972972972972973e-6,37000000
Herbivores,0.6122215876641919,2.9473684210526317e-6,38000000
Herbivores,0.6122215876641919,3.0e-6,39000000
Herbivores,0.6122215876641919,2.975e-6,40000000
Herbivores,0.6122215876641919,3.0e-6,41000000
Herbivores,0.6122215876641919,2.9523809523809525e-6,42000000
Herbivores,0.6122215876641919,3.0e-6,43000000
Herbivores,0.6122215876641919,3.0454545454545455e-6,44000000
Herbivores,0.6122215876641919,3.1333333333333335e-6,45000000
Herbivores,0.6122215876641919,3.217391304347826e-6,46000000
Herbivores,0.6122215876641919,3.2127659574468086e-6,47000000
Herbivores,0.6122215876641919,3.3125e-6,48000000
Herbivores,0.6122215876641919,3.2653061224489794e-6,49000000
Herbivores,0.6122215876641919,3.24e-6,50000000
Herbivores,0.6122215876641919,3.176470588235294e-6,51000000
Herbivores,0.6122215876641919,3.1346153846153846e-6,52000000
Herbivores,0.6122215876641919,3.2264150943396226e-6,53000000
Herbivores,0.6122215876641919,3.2592592592592594e-6,54000000
Herbivores,0.6122215876641919,3.3272727272727274e-6,55000000
Herbivores,0.6122215876641919,3.3214285714285716e-6,56000000
Herbivores,0.6122215876641919,3.3333333333333333e-6,57000000
Herbivores,0.6122215876641919,3.3448275862068967e-6,58000000
Herbivores,0.6122215876641919,3.3898305084745763e-6,59000000
Herbivores,0.6122215876641919,3.3833333333333333e-6,60000000
Herbivores,0.6122215876641919,3.3934426229508197e-6,61000000
Herbivores,0.6122215876641919,3.467741935483871e-6,62000000
Herbivores,0.6122215876641919,3.492063492063492e-6,63000000
Herbivores,0.6122215876641919,3.5e-6,64000000
Herbivores,0.6122215876641919,3.523076923076923e-6,65000000
Herbivores,0.6122215876641919,3.5e-6,66000000
Herbivores,0.6122215876641919,3.4925373134328357e-6,67000000
Herbivores,0.6122215876641919,3.514705882352941e-6,68000000
Herbivores,0.6122215876641919,3.463768115942029e-6,69000000
Herbivores,0.6122215876641919,3.5285714285714284e-6,70000000
Herbivores,0.6122215876641919,3.535211267605634e-6,71000000
Herbivores,0.6122215876641919,3.527777777777778e-6,72000000
Herbivores,0.6122215876641919,3.506849315068493e-6,73000000
Herbivores,0.6122215876641919,3.5135135135135134e-6,74000000
Herbivores,0.6122215876641919,3.5333333333333335e-6,75000000
Herbivores,0.6122215876641919,3.526315789473684e-6,76000000
Herbivores,0.6122215876641919,3.5064935064935066e-6,77000000
Herbivores,0.6122215876641919,3.5128205128205127e-6,78000000
Herbivores,0.6122215876641919,3.518987341772152e-6,79000000
Herbivores,0.6122215876641919,3.5375e-6,80000000
Herbivores,0.6122215876641919,3.54320987654321e-6,81000000
Herbivores,0.6122215876641919,3.548780487804878e-6,82000000
Herbivores,0.6122215876641919,3.566265060240964e-6,83000000
Herbivores,0.6122215876641919,3.6428571428571428e-6,84000000
Herbivores,0.6122215876641919,3.6705882352941176e-6,85000000
Herbivores,0.6122215876641919,3.6627906976744186e-6,86000000
Herbivores,0.6122215876641919,3.67816091954023e-6,87000000
Herbivores,0.6122215876641919,3.6704545454545454e-6,88000000
Herbivores,0.6122215876641919,3.6404494382022472e-6,89000000
Herbivores,0.6122215876641919,3.6222222222222222e-6,90000000
Herbivores,0.6122215876641919,3.6373626373626372e-6,91000000
Herbivores,0.6122215876641919,3.641304347826087e-6,92000000
Herbivores,0.6122215876641919,3.6451612903225805e-6,93000000
Herbivores,0.6122215876641919,3.6170212765957445e-6,94000000
Herbivores,0.6122215876641919,3.621052631578947e-6,95000000
Herbivores,0.6122215876641919,3.6145833333333334e-6,96000000
Herbivores,0.6122215876641919,3.597938144329897e-6,97000000
Herbivores,0.6122215876641919,3.6122448979591835e-6,98000000
Herbivores,0.6122215876641919,3.6161616161616163e-6,99000000
Herbivores,0.6122215876641919,3.65e-6,100000000
