Parasites,0.49398937657254677,0.027069,1000000
Parasites,0.49398937657254677,0.026867,2000000
Parasites,0.49398937657254677,0.026784333333333334,3000000
Parasites,0.49398937657254677,0.02672,4000000
Parasites,0.49398937657254677,0.026733,5000000
Parasites,0.49398937657254677,0.026789666666666666,6000000
Parasites,0.49398937657254677,0.02681542857142857,7000000
Parasites,0.49398937657254677,0.026817125,8000000
Parasites,0.49398937657254677,0.026826444444444444,9000000
Parasites,0.49398937657254677,0.0268131,10000000
Parasites,0.49398937657254677,0.026824636363636363,11000000
Parasites,0.49398937657254677,0.02682875,12000000
Parasites,0.49398937657254677,0.026832076923076924,13000000
Parasites,0.49398937657254677,0.026845642857142856,14000000
Parasites,0.49398937657254677,0.026851,15000000
Parasites,0.49398937657254677,0.026847875,16000000
Parasites,0.49398937657254677,0.026865117647058824,17000000
Parasites,0.49398937657254677,0.026859666666666667,18000000
Parasites,0.49398937657254677,0.026853947368421054,19000000
Parasites,0.49398937657254677,0.02685675,20000000
Parasites,0.49398937657254677,0.02686457142857143,21000000
Parasites,0.49398937657254677,0.0268625,22000000
Parasites,0.49398937657254677,0.02685317391304348,23000000
Parasites,0.49398937657254677,0.026851041666666665,24000000
Parasites,0.49398937657254677,0.02683856,25000000
Parasites,0.49398937657254677,0.02684069230769231,26000000
Parasites,0.49398937657254677,0.026849037037037036,27000000
Parasites,0.49398937657254677,0.026840535714285713,28000000
Parasites,0.49398937657254677,0.02685203448275862,29000000
Parasites,0.49398937657254677,0.0268477,30000000
Parasites,0.49398937657254677,0.026849806451612904,31000000
Parasites,0.49398937657254677,0.02684040625,32000000
Parasites,0.49398937657254677,0.026843939393939392,33000000
Parasites,0.49398937657254677,0.02684264705882353,34000000
Parasites,0.49398937657254677,0.02684517142857143,35000000
Parasites,0.49398937657254677,0.026848305555555556,36000000
Parasites,0.49398937657254677,0.026854675675675677,37000000
Parasites,0.49398937657254677,0.026849763157894738,38000000
Parasites,0.49398937657254677,0.026854846153846153,39000000
Parasites,0.49398937657254677,0.02685325,40000000
Parasites,0.49398937657254677,0.026858756097560974,41000000
Parasites,0.49398937657254677,0.026857476190476192,42000000
Parasites,0.49398937657254677,0.026853813953488372,43000000
Parasites,0.49398937657254677,0.026859681818181817,44000000
Parasites,0.49398937657254677,0.026859844444444444,45000000
Parasites,0.49398937657254677,0.026859065217391304,46000000
Parasites,0.49398937657254677,0.026859978723404256,47000000
Parasites,0.49398937657254677,0.026858333333333335,48000000
Parasites,0.49398937657254677,0.026858816326530612,49000000
Parasites,0.49398937657254677,0.0268567,50000000
Parasites,0.49398937657254677,0.026852960784313727,51000000
Parasites,0.49398937657254677,0.02685428846153846,52000000
Parasites,0.49398937657254677,0.026858150943396226,53000000
Parasites,0.49398937657254677,0.026859055555555556,54000000
Parasites,0.49398937657254677,0.02685930909090909,55000000
Parasites,0.49398937657254677,0.026859482142857143,56000000
Parasites,0.49398937657254677,0.02685880701754386,57000000
Parasites,0.49398937657254677,0.02685286206896552,58000000
Parasites,0.49398937657254677,0.02685371186440678,59000000
Parasites,0.49398937657254677,0.026853166666666668,60000000
Parasites,0.49398937657254677,0.026849311475409837,61000000
Parasites,0.49398937657254677,0.026848306451612902,62000000
Parasites,0.49398937657254677,0.02684411111111111,63000000
Parasites,0.49398937657254677,0.026843578125,64000000
Parasites,0.49398937657254677,0.0268474,65000000
Parasites,0.49398937657254677,0.026844242424242423,66000000
Parasites,0.49398937657254677,0.026845701492537313,67000000
Parasites,0.49398937657254677,0.026842058823529413,68000000
Parasites,0.49398937657254677,0.02684636231884058,69000000
Parasites,0.49398937657254677,0.02684754285714286,70000000
Parasites,0.49398937657254677,0.026849830985915493,71000000
Parasites,0.49398937657254677,0.026851930555555556,72000000
Parasites,0.49398937657254677,0.026855479452054794,73000000
Parasites,0.49398937657254677,0.026858716216216216,74000000
Parasites,0.49398937657254677,0.026855053333333333,75000000
Parasites,0.49398937657254677,0.02685786842105263,76000000
Parasites,0.49398937657254677,0.02686046753246753,77000000
Parasites,0.49398937657254677,0.026862179487179488,78000000
Parasites,0.49398937657254677,0.02686088607594937,79000000
Parasites,0.49398937657254677,0.0268541875,80000000
Parasites,0.49398937657254677,0.026855518518518518,81000000
Parasites,0.49398937657254677,0.026855573170731707,82000000
Parasites,0.49398937657254677,0.02685887951807229,83000000
Parasites,0.49398937657254677,0.02685945238095238,84000000
Parasites,0.49398937657254677,0.026862188235294116,85000000
Parasites,0.49398937657254677,0.02686063953488372,86000000
Parasites,0.49398937657254677,0.026863045977011495,87000000
Parasites,0.49398937657254677,0.026862431818181817,88000000
Parasites,0.49398937657254677,0.026859842696629214,89000000
Parasites,0.49398937657254677,0.0268611,90000000
Parasites,0.49398937657254677,0.02686079120879121,91000000
Parasites,0.49398937657254677,0.026861902173913044,92000000
Parasites,0.49398937657254677,0.026860204301075268,93000000
Parasites,0.49398937657254677,0.026857872340425533,94000000
Parasites,0.49398937657254677,0.026856494736842106,95000000
Parasites,0.49398937657254677,0.026856854166666666,96000000
Parasites,0.49398937657254677,0.026854432989690723,97000000
Parasites,0.49398937657254677,0.026852683673469387,98000000
Parasites,0.49398937657254677,0.026852757575757575,99000000
Parasites,0.49398937657254677,0.02685325,100000000
