Herbivores,0.6229508196721312,0.840333,1000000
Herbivores,0.6229508196721312,0.8405465,2000000
Herbivores,0.6229508196721312,0.8404956666666666,3000000
Herbivores,0.6229508196721312,0.84054575,4000000
Herbivores,0.6229508196721312,0.840447,5000000
Herbivores,0.6229508196721312,0.8404521666666667,6000000
Herbivores,0.6229508196721312,0.8405255714285714,7000000
Herbivores,0.6229508196721312,0.84054,8000000
Herbivores,0.6229508196721312,0.8405382222222222,9000000
Herbivores,0.6229508196721312,0.8405329,10000000
Herbivores,0.6229508196721312,0.8405418181818182,11000000
Herbivores,0.6229508196721312,0.8405180833333333,12000000
Herbivores,0.6229508196721312,0.8405016923076923,13000000
Herbivores,0.6229508196721312,0.8404751428571429,14000000
Herbivores,0.6229508196721312,0.8404987333333334,15000000
Herbivores,0.6229508196721312,0.84048375,16000000
Herbivores,0.6229508196721312,0.8404891176470588,17000000
Herbivores,0.6229508196721312,0.8405119444444444,18000000
Herbivores,0.6229508196721312,0.8404847894736842,19000000
Herbivores,0.6229508196721312,0.84049275,20000000
Herbivores,0.6229508196721312,0.8404876666666666,21000000
Herbivores,0.6229508196721312,0.8404504545454545,22000000
Herbivores,0.6229508196721312,0.8404398695652174,23000000
Herbivores,0.6229508196721312,0.8403977916666666,24000000
Herbivores,0.6229508196721312,0.84039,25000000
Herbivores,0.6229508196721312,0.8403702307692308,26000000
Herbivores,0.6229508196721312,0.8403806296296297,27000000
Herbivores,0.6229508196721312,0.8403917142857142,28000000
Herbivores,0.6229508196721312,0.840388,29000000
Herbivores,0.6229508196721312,0.8403897333333333,30000000
Herbivores,0.6229508196721312,0.8403999677419355,31000000
Herbivores,0.6229508196721312,0.840404125,32000000
Herbivores,0.6229508196721312,0.8404130303030303,33000000
Herbivores,0.6229508196721312,0.8404002647058824,34000000
Herbivores,0.6229508196721312,0.8404138285714285,35000000
Herbivores,0.6229508196721312,0.8404049722222222,36000000
Herbivores,0.6229508196721312,0.8403942972972973,37000000
Herbivores,0.6229508196721312,0.8403893421052632,38000000
Herbivores,0.6229508196721312,0.8403694615384616,39000000
Herbivores,0.6229508196721312,0.84035595,40000000
Herbivores,0.6229508196721312,0.8403465609756098,41000000
Herbivores,0.6229508196721312,0.8403581428571428,42000000
Herbivores,0.6229508196721312,0.8403501162790697,43000000
Herbivores,0.6229508196721312,0.8403559772727273,44000000
Herbivores,0.6229508196721312,0.8403640222222222,45000000
Herbivores,0.6229508196721312,0.8403601304347826,46000000
Herbivores,0.6229508196721312,0.8403625106382979,47000000
Herbivores,0.6229508196721312,0.840363875,48000000
Herbivores,0.6229508196721312,0.8403722040816326,49000000
Herbivores,0.6229508196721312,0.84037116,50000000
Herbivores,0.6229508196721312,0.8403704509803922,51000000
Herbivores,0.6229508196721312,0.8403586538461538,52000000
Herbivores,0.6229508196721312,0.8403625471698113,53000000
Herbivores,0.6229508196721312,0.8403664259259259,54000000
Herbivores,0.6229508196721312,0.8403726181818182,55000000
Herbivores,0.6229508196721312,0.8403689821428572,56000000
Herbivores,0.6229508196721312,0.8403757368421053,57000000
Herbivores,0.6229508196721312,0.8403700517241379,58000000
Herbivores,0.6229508196721312,0.8403613898305085,59000000
Herbivores,0.6229508196721312,0.8403639666666667,60000000
Herbivores,0.6229508196721312,0.8403640163934426,61000000
Herbivores,0.6229508196721312,0.8403678870967742,62000000
Herbivores,0.6229508196721312,0.8403763968253968,63000000
Herbivores,0.6229508196721312,0.840367765625,64000000
Herbivores,0.6229508196721312,0.8403642769230769,65000000
Herbivores,0.6229508196721312,0.8403651969696969,66000000
Herbivores,0.6229508196721312,0.8403617014925373,67000000
Herbivores,0.6229508196721312,0.8403701029411764,68000000
Herbivores,0.6229508196721312,0.840379695652174,69000000
Herbivores,0.6229508196721312,0.8403855142857143,70000000
Herbivores,0.6229508196721312,0.8403814366197183,71000000
Herbivores,0.6229508196721312,0.8403803611111111,72000000
Herbivores,0.6229508196721312,0.8403831506849315,73000000
Herbivores,0.6229508196721312,0.8403799324324325,74000000
Herbivores,0.6229508196721312,0.8403795866666667,75000000
Herbivores,0.6229508196721312,0.8403777631578947,76000000
Herbivores,0.6229508196721312,0.8403768571428571,77000000
Herbivores,0.6229508196721312,0.8403782820512821,78000000
Herbivores,0.6229508196721312,0.8403810126582278,79000000
Herbivores,0.6229508196721312,0.8403737,80000000
Herbivores,0.6229508196721312,0.8403648641975309,81000000
Herbivores,0.6229508196721312,0.8403688902439025,82000000
Herbivores,0.6229508196721312,0.8403745301204819,83000000
Herbivores,0.6229508196721312,0.8403724880952381,84000000
Herbivores,0.6229508196721312,0.8403712235294117,85000000
Herbivores,0.6229508196721312,0.8403691162790697,86000000
Herbivores,0.6229508196721312,0.8403714022988505,87000000
Herbivores,0.6229508196721312,0.8403723409090909,88000000
Herbivores,0.6229508196721312,0.8403670224719101,89000000
Herbivores,0.6229508196721312,0.8403660444444444,90000000
Herbivores,0.6229508196721312,0.8403597362637363,91000000
Herbivores,0.6229508196721312,0.8403612934782608,92000000
Herbivores,0.6229508196721312,0.840361311827957,93000000
Herbivores,0.6229508196721312,0.8403644680851063,94000000
Herbivores,0.6229508196721312,0.8403585263157894,95000000
Herbivores,0.6229508196721312,0.8403634270833333,96000000
Herbivores,0.6229508196721312,0.8403662164948453,97000000
Herbivores,0.6229508196721312,0.8403686326530613,98000000
Herbivores,0.6229508196721312,0.8403682626262626,99000000
Herbivores,0.6229508196721312,0.84036813,100000000
