Consumers,0.15000904977375565,2.7e-5,1000000
Consumers,0.15000904977375565,2.8e-5,2000000
Consumers,0.15000904977375565,2.5e-5,3000000
Consumers,0.15000904977375565,2.35e-5,4000000
Consumers,0.15000904977375565,2.38e-5,5000000
Consumers,0.15000904977375565,2.3666666666666668e-5,6000000
Consumers,0.15000904977375565,2.4285714285714285e-5,7000000
Consumers,0.15000904977375565,2.4e-5,8000000
Consumers,0.15000904977375565,2.4555555555555557e-5,9000000
Consumers,0.15000904977375565,2.53e-5,10000000
Consumers,0.15000904977375565,2.509090909090909e-5,11000000
Consumers,0.15000904977375565,2.5166666666666667e-5,12000000
Consumers,0.15000904977375565,2.5615384615384617e-5,13000000
Consumers,0.15000904977375565,2.5857142857142856e-5,14000000
Consumers,0.15000904977375565,2.58e-5,15000000
Consumers,0.15000904977375565,2.58125e-5,16000000
Consumers,0.15000904977375565,2.6e-5,17000000
Consumers,0.15000904977375565,2.588888888888889e-5,18000000
Consumers,0.15000904977375565,2.605263157894737e-5,19000000
Consumers,0.15000904977375565,2.57e-5,20000000
Consumers,0.15000904977375565,2.6e-5,21000000
Consumers,0.15000904977375565,2.5954545454545456e-5,22000000
Consumers,0.15000904977375565,2.5565217391304346e-5,23000000
Consumers,0.15000904977375565,2.5375e-5,24000000
Consumers,0.15000904977375565,2.524e-5,25000000
Consumers,0.15000904977375565,2.5307692307692307e-5,26000000
Consumers,0.15000904977375565,2.488888888888889e-5,27000000
Consumers,0.15000904977375565,2.507142857142857e-5,28000000
Consumers,0.15000904977375565,2.506896551724138e-5,29000000
Consumers,0.15000904977375565,2.4866666666666667e-5,30000000
Consumers,0.15000904977375565,2.4903225806451613e-5,31000000
Consumers,0.15000904977375565,2.509375e-5,32000000
Consumers,0.15000904977375565,2.524242424242424e-5,33000000
Consumers,0.15000904977375565,2.5088235294117646e-5,34000000
Consumers,0.15000904977375565,2.5114285714285713e-5,35000000
Consumers,0.15000904977375565,2.488888888888889e-5,36000000
Consumers,0.15000904977375565,2.481081081081081e-5,37000000
Consumers,0.15000904977375565,2.4605263157894736e-5,38000000
Consumers,0.15000904977375565,2.446153846153846e-5,39000000
Consumers,0.15000904977375565,2.4475e-5,40000000
Consumers,0.15000904977375565,2.4414634146341464e-5,41000000
Consumers,0.15000904977375565,2.445238095238095e-5,42000000
Consumers,0.15000904977375565,2.4488372093023256e-5,43000000
Consumers,0.15000904977375565,2.4568181818181817e-5,44000000
Consumers,0.15000904977375565,2.457777777777778e-5,45000000
Consumers,0.15000904977375565,2.4543478260869566e-5,46000000
Consumers,0.15000904977375565,2.4446808510638298e-5,47000000
Consumers,0.15000904977375565,2.4541666666666666e-5,48000000
Consumers,0.15000904977375565,2.4285714285714285e-5,49000000
Consumers,0.15000904977375565,2.424e-5,50000000
Consumers,0.15000904977375565,2.415686274509804e-5,51000000
Consumers,0.15000904977375565,2.423076923076923e-5,52000000
Consumers,0.15000904977375565,2.449056603773585e-5,53000000
Consumers,0.15000904977375565,2.4296296296296298e-5,54000000
Consumers,0.15000904977375565,2.4345454545454544e-5,55000000
Consumers,0.15000904977375565,2.4357142857142857e-5,56000000
Consumers,0.15000904977375565,2.4280701754385966e-5,57000000
Consumers,0.15000904977375565,2.425862068965517e-5,58000000
Consumers,0.15000904977375565,2.4305084745762713e-5,59000000
Consumers,0.15000904977375565,2.44e-5,60000000
Consumers,0.15000904977375565,2.440983606557377e-5,61000000
Consumers,0.15000904977375565,2.4419354838709676e-5,62000000
Consumers,0.15000904977375565,2.441269841269841e-5,63000000
Consumers,0.15000904977375565,2.434375e-5,64000000
Consumers,0.15000904977375565,2.433846153846154e-5,65000000
Consumers,0.15000904977375565,2.4318181818181818e-5,66000000
Consumers,0.15000904977375565,2.4238805970149253e-5,67000000
Consumers,0.15000904977375565,2.4294117647058824e-5,68000000
Consumers,0.15000904977375565,2.4304347826086956e-5,69000000
Consumers,0.15000904977375565,2.4328571428571427e-5,70000000
Consumers,0.15000904977375565,2.4408450704225352e-5,71000000
Consumers,0.15000904977375565,2.440277777777778e-5,72000000
Consumers,0.15000904977375565,2.4383561643835616e-5,73000000
Consumers,0.15000904977375565,2.439189189189189e-5,74000000
Consumers,0.15000904977375565,2.444e-5,75000000
Consumers,0.15000904977375565,2.4276315789473685e-5,76000000
Consumers,0.15000904977375565,2.4363636363636364e-5,77000000
Consumers,0.15000904977375565,2.4294871794871795e-5,78000000
Consumers,0.15000904977375565,2.4468354430379746e-5,79000000
Consumers,0.15000904977375565,2.44625e-5,80000000
Consumers,0.15000904977375565,2.437037037037037e-5,81000000
Consumers,0.15000904977375565,2.4463414634146343e-5,82000000
Consumers,0.15000904977375565,2.4433734939759036e-5,83000000
Consumers,0.15000904977375565,2.4416666666666666e-5,84000000
Consumers,0.15000904977375565,2.431764705882353e-5,85000000
Consumers,0.15000904977375565,2.4325581395348838e-5,86000000
Consumers,0.15000904977375565,2.4367816091954023e-5,87000000
Consumers,0.15000904977375565,2.4340909090909092e-5,88000000
Consumers,0.15000904977375565,2.4280898876404493e-5,89000000
Consumers,0.15000904977375565,2.44e-5,90000000
Consumers,0.15000904977375565,2.4373626373626373e-5,91000000
Consumers,0.15000904977375565,2.4358695652173913e-5,92000000
Consumers,0.15000904977375565,2.435483870967742e-5,93000000
Consumers,0.15000904977375565,2.4372340425531914e-5,94000000
Consumers,0.15000904977375565,2.44e-5,95000000
Consumers,0.15000904977375565,2.4447916666666667e-5,96000000
Consumers,0.15000904977375565,2.452577319587629e-5,97000000
Consumers,0.15000904977375565,2.4591836734693877e-5,98000000
Consumers,0.15000904977375565,2.4666666666666665e-5,99000000
Consumers,0.15000904977375565,2.466e-5,100000000
