Herbivores,0.6010127931769722,0.992824,1000000
Herbivores,0.6010127931769722,0.992834,2000000
Herbivores,0.6010127931769722,0.9928773333333333,3000000
Herbivores,0.6010127931769722,0.992874,4000000
Herbivores,0.6010127931769722,0.9928672,5000000
Herbivores,0.6010127931769722,0.9928741666666666,6000000
Herbivores,0.6010127931769722,0.9928627142857143,7000000
Herbivores,0.6010127931769722,0.992882625,8000000
Herbivores,0.6010127931769722,0.992882,9000000
Herbivores,0.6010127931769722,0.9928629,10000000
Herbivores,0.6010127931769722,0.9928643636363637,11000000
Herbivores,0.6010127931769722,0.9928836666666667,12000000
Herbivores,0.6010127931769722,0.9928758461538462,13000000
Herbivores,0.6010127931769722,0.9928749285714286,14000000
Herbivores,0.6010127931769722,0.9928768666666666,15000000
Herbivores,0.6010127931769722,0.9928778125,16000000
Herbivores,0.6010127931769722,0.9928776470588235,17000000
Herbivores,0.6010127931769722,0.9928819444444444,18000000
Herbivores,0.6010127931769722,0.99288,19000000
Herbivores,0.6010127931769722,0.9928844,20000000
Herbivores,0.6010127931769722,0.9928855714285715,21000000
Herbivores,0.6010127931769722,0.9928833636363636,22000000
Herbivores,0.6010127931769722,0.9928837391304348,23000000
Herbivores,0.6010127931769722,0.9928822083333333,24000000
Herbivores,0.6010127931769722,0.99288072,25000000
Herbivores,0.6010127931769722,0.9928770384615384,26000000
Herbivores,0.6010127931769722,0.9928727407407407,27000000
Herbivores,0.6010127931769722,0.9928718214285714,28000000
Herbivores,0.6010127931769722,0.9928712758620689,29000000
Herbivores,0.6010127931769722,0.9928692333333333,30000000
Herbivores,0.6010127931769722,0.9928732258064517,31000000
Herbivores,0.6010127931769722,0.99287709375,32000000
Herbivores,0.6010127931769722,0.9928771818181819,33000000
Herbivores,0.6010127931769722,0.9928837352941177,34000000
Herbivores,0.6010127931769722,0.9928858285714286,35000000
Herbivores,0.6010127931769722,0.9928898888888888,36000000
Herbivores,0.6010127931769722,0.9928915675675676,37000000
Herbivores,0.6010127931769722,0.9928908947368421,38000000
Herbivores,0.6010127931769722,0.9928911538461539,39000000
Herbivores,0.6010127931769722,0.9928927,40000000
Herbivores,0.6010127931769722,0.9928898536585365,41000000
Herbivores,0.6010127931769722,0.9928900714285714,42000000
Herbivores,0.6010127931769722,0.9928864418604652,43000000
Herbivores,0.6010127931769722,0.9928847045454545,44000000
Herbivores,0.6010127931769722,0.9928846,45000000
Herbivores,0.6010127931769722,0.9928832391304347,46000000
Herbivores,0.6010127931769722,0.9928826595744681,47000000
Herbivores,0.6010127931769722,0.9928819375,48000000
Herbivores,0.6010127931769722,0.9928831836734694,49000000
Herbivores,0.6010127931769722,0.99288526,50000000
Herbivores,0.6010127931769722,0.9928826078431373,51000000
Herbivores,0.6010127931769722,0.9928830384615385,52000000
Herbivores,0.6010127931769722,0.9928817924528301,53000000
Herbivores,0.6010127931769722,0.9928816666666667,54000000
Herbivores,0.6010127931769722,0.9928822727272727,55000000
Herbivores,0.6010127931769722,0.9928823214285715,56000000
Herbivores,0.6010127931769722,0.9928819649122808,57000000
Herbivores,0.6010127931769722,0.9928790344827586,58000000
Herbivores,0.6010127931769722,0.9928765254237288,59000000
Herbivores,0.6010127931769722,0.9928772166666666,60000000
Herbivores,0.6010127931769722,0.992876,61000000
Herbivores,0.6010127931769722,0.992875629032258,62000000
Herbivores,0.6010127931769722,0.9928754444444444,63000000
Herbivores,0.6010127931769722,0.992877578125,64000000
Herbivores,0.6010127931769722,0.9928747846153846,65000000
Herbivores,0.6010127931769722,0.9928767575757576,66000000
Herbivores,0.6010127931769722,0.9928748507462687,67000000
Herbivores,0.6010127931769722,0.9928766911764706,68000000
Herbivores,0.6010127931769722,0.9928770579710144,69000000
Herbivores,0.6010127931769722,0.9928773714285715,70000000
Herbivores,0.6010127931769722,0.9928787183098592,71000000
Herbivores,0.6010127931769722,0.9928811111111111,72000000
Herbivores,0.6010127931769722,0.992882205479452,73000000
Herbivores,0.6010127931769722,0.9928828513513513,74000000
Herbivores,0.6010127931769722,0.9928834933333334,75000000
Herbivores,0.6010127931769722,0.9928843289473684,76000000
Herbivores,0.6010127931769722,0.9928861038961039,77000000
Herbivores,0.6010127931769722,0.9928867692307692,78000000
Herbivores,0.6010127931769722,0.9928864050632912,79000000
Herbivores,0.6010127931769722,0.99288745,80000000
Herbivores,0.6010127931769722,0.9928851358024692,81000000
Herbivores,0.6010127931769722,0.9928855853658537,82000000
Herbivores,0.6010127931769722,0.9928857710843374,83000000
Herbivores,0.6010127931769722,0.9928852857142857,84000000
Herbivores,0.6010127931769722,0.9928847882352941,85000000
Herbivores,0.6010127931769722,0.9928838953488373,86000000
Herbivores,0.6010127931769722,0.9928831724137931,87000000
Herbivores,0.6010127931769722,0.9928826363636364,88000000
Herbivores,0.6010127931769722,0.9928826853932584,89000000
Herbivores,0.6010127931769722,0.9928819333333333,90000000
Herbivores,0.6010127931769722,0.9928827252747253,91000000
Herbivores,0.6010127931769722,0.9928825326086956,92000000
Herbivores,0.6010127931769722,0.9928826344086021,93000000
Herbivores,0.6010127931769722,0.992882744680851,94000000
Herbivores,0.6010127931769722,0.9928814736842105,95000000
Herbivores,0.6010127931769722,0.9928808854166666,96000000
Herbivores,0.6010127931769722,0.992882,97000000
Herbivores,0.6010127931769722,0.9928808469387755,98000000
Herbivores,0.6010127931769722,0.9928815656565656,99000000
Herbivores,0.6010127931769722,0.99288178,100000000
