Herbivores,0.40096082779009606,0.998165,1000000
Herbivores,0.40096082779009606,0.9982235,2000000
Herbivores,0.40096082779009606,0.99819,3000000
Herbivores,0.40096082779009606,0.99819475,4000000
Herbivores,0.40096082779009606,0.998197,5000000
Herbivores,0.40096082779009606,0.9982118333333333,6000000
Herbivores,0.40096082779009606,0.9982128571428571,7000000
Herbivores,0.40096082779009606,0.99821325,8000000
Herbivores,0.40096082779009606,0.9982113333333333,9000000
Herbivores,0.40096082779009606,0.9982054,10000000
Herbivores,0.40096082779009606,0.9981965454545455,11000000
Herbivores,0.40096082779009606,0.9981901666666667,12000000
Herbivores,0.40096082779009606,0.9981885384615384,13000000
Herbivores,0.40096082779009606,0.9981842142857142,14000000
Herbivores,0.40096082779009606,0.9981866,15000000
Herbivores,0.40096082779009606,0.9981866875,16000000
Herbivores,0.40096082779009606,0.9981906470588235,17000000
Herbivores,0.40096082779009606,0.9981923333333333,18000000
Herbivores,0.40096082779009606,0.998193947368421,19000000
Herbivores,0.40096082779009606,0.99819555,20000000
Herbivores,0.40096082779009606,0.9981990476190477,21000000
Herbivores,0.40096082779009606,0.9981990454545454,22000000
Herbivores,0.40096082779009606,0.9982003043478261,23000000
Herbivores,0.40096082779009606,0.9982000833333333,24000000
Herbivores,0.40096082779009606,0.9981998,25000000
Herbivores,0.40096082779009606,0.9981995769230769,26000000
Herbivores,0.40096082779009606,0.998198925925926,27000000
Herbivores,0.40096082779009606,0.9982016071428571,28000000
Herbivores,0.40096082779009606,0.9982008275862069,29000000
Herbivores,0.40096082779009606,0.9982002333333333,30000000
Herbivores,0.40096082779009606,0.9981984193548387,31000000
Herbivores,0.40096082779009606,0.99819934375,32000000
Herbivores,0.40096082779009606,0.9981984848484848,33000000
Herbivores,0.40096082779009606,0.9981976176470588,34000000
Herbivores,0.40096082779009606,0.9981964571428571,35000000
Herbivores,0.40096082779009606,0.9981958611111111,36000000
Herbivores,0.40096082779009606,0.9981956756756757,37000000
Herbivores,0.40096082779009606,0.9981954210526316,38000000
Herbivores,0.40096082779009606,0.9981947435897436,39000000
Herbivores,0.40096082779009606,0.9981943,40000000
Herbivores,0.40096082779009606,0.9981952926829268,41000000
Herbivores,0.40096082779009606,0.9981948333333334,42000000
Herbivores,0.40096082779009606,0.9981958139534883,43000000
Herbivores,0.40096082779009606,0.9981958863636363,44000000
Herbivores,0.40096082779009606,0.9981961777777778,45000000
Herbivores,0.40096082779009606,0.9981949130434783,46000000
Herbivores,0.40096082779009606,0.9981944468085107,47000000
Herbivores,0.40096082779009606,0.9981939791666666,48000000
Herbivores,0.40096082779009606,0.9981921632653061,49000000
Herbivores,0.40096082779009606,0.99819252,50000000
Herbivores,0.40096082779009606,0.9981922156862745,51000000
Herbivores,0.40096082779009606,0.99819125,52000000
Herbivores,0.40096082779009606,0.9981909811320755,53000000
Herbivores,0.40096082779009606,0.998193,54000000
Herbivores,0.40096082779009606,0.9981929818181818,55000000
Herbivores,0.40096082779009606,0.9981929107142857,56000000
Herbivores,0.40096082779009606,0.9981922105263158,57000000
Herbivores,0.40096082779009606,0.9981925517241379,58000000
Herbivores,0.40096082779009606,0.9981922372881356,59000000
Herbivores,0.40096082779009606,0.9981928333333333,60000000
Herbivores,0.40096082779009606,0.9981928032786885,61000000
Herbivores,0.40096082779009606,0.998193435483871,62000000
Herbivores,0.40096082779009606,0.9981941111111111,63000000
Herbivores,0.40096082779009606,0.998195078125,64000000
Herbivores,0.40096082779009606,0.998195076923077,65000000
Herbivores,0.40096082779009606,0.9981955,66000000
Herbivores,0.40096082779009606,0.998195223880597,67000000
Herbivores,0.40096082779009606,0.9981941617647059,68000000
Herbivores,0.40096082779009606,0.9981931304347826,69000000
Herbivores,0.40096082779009606,0.9981923428571429,70000000
Herbivores,0.40096082779009606,0.9981922394366197,71000000
Herbivores,0.40096082779009606,0.9981923611111111,72000000
Herbivores,0.40096082779009606,0.998192,73000000
Herbivores,0.40096082779009606,0.9981914864864865,74000000
Herbivores,0.40096082779009606,0.9981925466666667,75000000
Herbivores,0.40096082779009606,0.9981926447368421,76000000
Herbivores,0.40096082779009606,0.998192896103896,77000000
Herbivores,0.40096082779009606,0.9981919102564103,78000000
Herbivores,0.40096082779009606,0.9981918860759493,79000000
Herbivores,0.40096082779009606,0.9981927625,80000000
Herbivores,0.40096082779009606,0.9981926666666666,81000000
Herbivores,0.40096082779009606,0.998192243902439,82000000
Herbivores,0.40096082779009606,0.9981921204819277,83000000
Herbivores,0.40096082779009606,0.9981918928571428,84000000
Herbivores,0.40096082779009606,0.9981919882352941,85000000
Herbivores,0.40096082779009606,0.9981927674418605,86000000
Herbivores,0.40096082779009606,0.9981929540229885,87000000
Herbivores,0.40096082779009606,0.9981928068181818,88000000
Herbivores,0.40096082779009606,0.9981926966292135,89000000
Herbivores,0.40096082779009606,0.9981927111111111,90000000
Herbivores,0.40096082779009606,0.9981922417582417,91000000
Herbivores,0.40096082779009606,0.9981922826086956,92000000
Herbivores,0.40096082779009606,0.9981920967741935,93000000
Herbivores,0.40096082779009606,0.9981919468085106,94000000
Herbivores,0.40096082779009606,0.9981925684210526,95000000
Herbivores,0.40096082779009606,0.99819265625,96000000
Herbivores,0.40096082779009606,0.9981928865979381,97000000
Herbivores,0.40096082779009606,0.9981923163265306,98000000
Herbivores,0.40096082779009606,0.9981928080808081,99000000
Herbivores,0.40096082779009606,0.99819296,100000000
