Parasites,0.41989279332936275,0.609097,1000000
Parasites,0.41989279332936275,0.6090675,2000000
Parasites,0.41989279332936275,0.6091673333333333,3000000
Parasites,0.41989279332936275,0.60930075,4000000
Parasites,0.41989279332936275,0.6091248,5000000
Parasites,0.41989279332936275,0.6092396666666666,6000000
Parasites,0.41989279332936275,0.6093781428571429,7000000
Parasites,0.41989279332936275,0.6093775,8000000
Parasites,0.41989279332936275,0.6092934444444444,9000000
Parasites,0.41989279332936275,0.609262,10000000
Parasites,0.41989279332936275,0.6092445454545454,11000000
Parasites,0.41989279332936275,0.6092789166666667,12000000
Parasites,0.41989279332936275,0.6092590769230769,13000000
Parasites,0.41989279332936275,0.609238,14000000
Parasites,0.41989279332936275,0.609236,15000000
Parasites,0.41989279332936275,0.6092569375,16000000
Parasites,0.41989279332936275,0.6092905882352941,17000000
Parasites,0.41989279332936275,0.6092576111111111,18000000
Parasites,0.41989279332936275,0.6092569473684211,19000000
Parasites,0.41989279332936275,0.6092856,20000000
Parasites,0.41989279332936275,0.6092475714285714,21000000
Parasites,0.41989279332936275,0.6092603636363636,22000000
Parasites,0.41989279332936275,0.6092539565217391,23000000
Parasites,0.41989279332936275,0.6092233333333333,24000000
Parasites,0.41989279332936275,0.60923156,25000000
Parasites,0.41989279332936275,0.6092438846153846,26000000
Parasites,0.41989279332936275,0.6092338148148149,27000000
Parasites,0.41989279332936275,0.60922725,28000000
Parasites,0.41989279332936275,0.6092490689655172,29000000
Parasites,0.41989279332936275,0.609276,30000000
Parasites,0.41989279332936275,0.609279806451613,31000000
Parasites,0.41989279332936275,0.60927609375,32000000
Parasites,0.41989279332936275,0.6092830303030303,33000000
Parasites,0.41989279332936275,0.6092926764705883,34000000
Parasites,0.41989279332936275,0.6092854571428571,35000000
Parasites,0.41989279332936275,0.6092773888888889,36000000
Parasites,0.41989279332936275,0.6092971081081081,37000000
Parasites,0.41989279332936275,0.6092961842105263,38000000
Parasites,0.41989279332936275,0.6092932564102564,39000000
Parasites,0.41989279332936275,0.609296025,40000000
Parasites,0.41989279332936275,0.6092821219512196,41000000
Parasites,0.41989279332936275,0.6092863571428572,42000000
Parasites,0.41989279332936275,0.6092935813953488,43000000
Parasites,0.41989279332936275,0.6092743181818182,44000000
Parasites,0.41989279332936275,0.6092748666666666,45000000
Parasites,0.41989279332936275,0.609278304347826,46000000
Parasites,0.41989279332936275,0.6092764255319149,47000000
Parasites,0.41989279332936275,0.609287,48000000
Parasites,0.41989279332936275,0.6092868775510204,49000000
Parasites,0.41989279332936275,0.60928198,50000000
Parasites,0.41989279332936275,0.609283431372549,51000000
Parasites,0.41989279332936275,0.60928425,52000000
Parasites,0.41989279332936275,0.6092806792452831,53000000
Parasites,0.41989279332936275,0.6092689444444445,54000000
Parasites,0.41989279332936275,0.6092662909090909,55000000
Parasites,0.41989279332936275,0.6092567678571429,56000000
Parasites,0.41989279332936275,0.6092514736842105,57000000
Parasites,0.41989279332936275,0.6092472241379311,58000000
Parasites,0.41989279332936275,0.6092486101694915,59000000
Parasites,0.41989279332936275,0.6092546166666667,60000000
Parasites,0.41989279332936275,0.6092655737704918,61000000
Parasites,0.41989279332936275,0.6092581774193548,62000000
Parasites,0.41989279332936275,0.6092564285714286,63000000
Parasites,0.41989279332936275,0.609249875,64000000
Parasites,0.41989279332936275,0.6092481076923076,65000000
Parasites,0.41989279332936275,0.6092406818181818,66000000
Parasites,0.41989279332936275,0.6092318507462686,67000000
Parasites,0.41989279332936275,0.6092320441176471,68000000
Parasites,0.41989279332936275,0.6092291739130434,69000000
Parasites,0.41989279332936275,0.6092391714285714,70000000
Parasites,0.41989279332936275,0.6092410563380282,71000000
Parasites,0.41989279332936275,0.6092433055555555,72000000
Parasites,0.41989279332936275,0.6092379863013698,73000000
Parasites,0.41989279332936275,0.6092410810810811,74000000
Parasites,0.41989279332936275,0.609236,75000000
Parasites,0.41989279332936275,0.6092294342105263,76000000
Parasites,0.41989279332936275,0.6092342597402597,77000000
Parasites,0.41989279332936275,0.6092310512820512,78000000
Parasites,0.41989279332936275,0.6092297088607594,79000000
Parasites,0.41989279332936275,0.6092261875,80000000
Parasites,0.41989279332936275,0.6092106913580246,81000000
Parasites,0.41989279332936275,0.6092125975609756,82000000
Parasites,0.41989279332936275,0.6092295542168674,83000000
Parasites,0.41989279332936275,0.6092344285714286,84000000
Parasites,0.41989279332936275,0.6092365647058824,85000000
Parasites,0.41989279332936275,0.6092383139534884,86000000
Parasites,0.41989279332936275,0.6092390229885057,87000000
Parasites,0.41989279332936275,0.6092280795454545,88000000
Parasites,0.41989279332936275,0.609235382022472,89000000
Parasites,0.41989279332936275,0.6092348666666667,90000000
Parasites,0.41989279332936275,0.6092372197802198,91000000
Parasites,0.41989279332936275,0.6092285543478261,92000000
Parasites,0.41989279332936275,0.6092328172043011,93000000
Parasites,0.41989279332936275,0.6092379361702127,94000000
Parasites,0.41989279332936275,0.6092393578947368,95000000
Parasites,0.41989279332936275,0.6092324479166666,96000000
Parasites,0.41989279332936275,0.6092361958762886,97000000
Parasites,0.41989279332936275,0.6092353673469387,98000000
Parasites,0.41989279332936275,0.6092364646464646,99000000
Parasites,0.41989279332936275,0.60923692,100000000
