Parasites,0.41955555555555557,0.645032,1000000
Parasites,0.41955555555555557,0.645333,2000000
Parasites,0.41955555555555557,0.6450386666666666,3000000
Parasites,0.41955555555555557,0.64495225,4000000
Parasites,0.41955555555555557,0.6449082,5000000
Parasites,0.41955555555555557,0.6448588333333334,6000000
Parasites,0.41955555555555557,0.6448411428571429,7000000
Parasites,0.41955555555555557,0.644903875,8000000
Parasites,0.41955555555555557,0.6449447777777778,9000000
Parasites,0.41955555555555557,0.6449123,10000000
Parasites,0.41955555555555557,0.6449781818181818,11000000
Parasites,0.41955555555555557,0.6450235833333333,12000000
Parasites,0.41955555555555557,0.6450158461538461,13000000
Parasites,0.41955555555555557,0.6449929285714285,14000000
Parasites,0.41955555555555557,0.6450612666666666,15000000
Parasites,0.41955555555555557,0.645061375,16000000
Parasites,0.41955555555555557,0.6450554705882353,17000000
Parasites,0.41955555555555557,0.6450326111111111,18000000
Parasites,0.41955555555555557,0.6450545263157895,19000000
Parasites,0.41955555555555557,0.6450915,20000000
Parasites,0.41955555555555557,0.6450848571428571,21000000
Parasites,0.41955555555555557,0.6450582727272727,22000000
Parasites,0.41955555555555557,0.645035652173913,23000000
Parasites,0.41955555555555557,0.6450254583333334,24000000
Parasites,0.41955555555555557,0.64502512,25000000
Parasites,0.41955555555555557,0.6450017307692307,26000000
Parasites,0.41955555555555557,0.6449955555555555,27000000
Parasites,0.41955555555555557,0.64498325,28000000
Parasites,0.41955555555555557,0.644974551724138,29000000
Parasites,0.41955555555555557,0.6449729333333334,30000000
Parasites,0.41955555555555557,0.6449513225806451,31000000
Parasites,0.41955555555555557,0.6449619375,32000000
Parasites,0.41955555555555557,0.6449651818181819,33000000
Parasites,0.41955555555555557,0.6449631764705882,34000000
Parasites,0.41955555555555557,0.6449759428571429,35000000
Parasites,0.41955555555555557,0.6449895,36000000
Parasites,0.41955555555555557,0.6450142702702703,37000000
Parasites,0.41955555555555557,0.645025447368421,38000000
Parasites,0.41955555555555557,0.6450182564102565,39000000
Parasites,0.41955555555555557,0.6449958,40000000
Parasites,0.41955555555555557,0.645004756097561,41000000
Parasites,0.41955555555555557,0.645002,42000000
Parasites,0.41955555555555557,0.6450110465116279,43000000
Parasites,0.41955555555555557,0.6449888636363637,44000000
Parasites,0.41955555555555557,0.6449962666666667,45000000
Parasites,0.41955555555555557,0.6449839782608696,46000000
Parasites,0.41955555555555557,0.644980829787234,47000000
Parasites,0.41955555555555557,0.6449887083333333,48000000
Parasites,0.41955555555555557,0.6449763265306122,49000000
Parasites,0.41955555555555557,0.64497486,50000000
Parasites,0.41955555555555557,0.6449752941176471,51000000
Parasites,0.41955555555555557,0.6449673846153846,52000000
Parasites,0.41955555555555557,0.6449605849056603,53000000
Parasites,0.41955555555555557,0.644955537037037,54000000
Parasites,0.41955555555555557,0.6449533454545454,55000000
Parasites,0.41955555555555557,0.6449426428571429,56000000
Parasites,0.41955555555555557,0.6449307192982456,57000000
Parasites,0.41955555555555557,0.6449349482758621,58000000
Parasites,0.41955555555555557,0.6449405423728813,59000000
Parasites,0.41955555555555557,0.64495065,60000000
Parasites,0.41955555555555557,0.6449469180327869,61000000
Parasites,0.41955555555555557,0.644951129032258,62000000
Parasites,0.41955555555555557,0.6449520634920635,63000000
Parasites,0.41955555555555557,0.644943109375,64000000
Parasites,0.41955555555555557,0.6449449538461538,65000000
Parasites,0.41955555555555557,0.6449447121212121,66000000
Parasites,0.41955555555555557,0.6449537164179104,67000000
Parasites,0.41955555555555557,0.6449491323529412,68000000
Parasites,0.41955555555555557,0.6449479130434783,69000000
Parasites,0.41955555555555557,0.6449539571428572,70000000
Parasites,0.41955555555555557,0.6449482676056338,71000000
Parasites,0.41955555555555557,0.6449366944444445,72000000
Parasites,0.41955555555555557,0.6449338082191781,73000000
Parasites,0.41955555555555557,0.6449332972972973,74000000
Parasites,0.41955555555555557,0.64493544,75000000
Parasites,0.41955555555555557,0.6449342894736843,76000000
Parasites,0.41955555555555557,0.644940012987013,77000000
Parasites,0.41955555555555557,0.6449455256410257,78000000
Parasites,0.41955555555555557,0.6449418860759494,79000000
Parasites,0.41955555555555557,0.644928775,80000000
Parasites,0.41955555555555557,0.6449231358024692,81000000
Parasites,0.41955555555555557,0.6449203414634146,82000000
Parasites,0.41955555555555557,0.6449364578313252,83000000
Parasites,0.41955555555555557,0.6449307738095238,84000000
Parasites,0.41955555555555557,0.6449390823529412,85000000
Parasites,0.41955555555555557,0.6449445813953488,86000000
Parasites,0.41955555555555557,0.644955367816092,87000000
Parasites,0.41955555555555557,0.6449483636363637,88000000
Parasites,0.41955555555555557,0.6449459662921349,89000000
Parasites,0.41955555555555557,0.6449449777777778,90000000
Parasites,0.41955555555555557,0.6449357692307692,91000000
Parasites,0.41955555555555557,0.6449365869565218,92000000
Parasites,0.41955555555555557,0.6449360967741935,93000000
Parasites,0.41955555555555557,0.6449402021276596,94000000
Parasites,0.41955555555555557,0.6449481368421053,95000000
Parasites,0.41955555555555557,0.6449582916666666,96000000
Parasites,0.41955555555555557,0.6449584020618556,97000000
Parasites,0.41955555555555557,0.6449635612244898,98000000
Parasites,0.41955555555555557,0.6449574141414142,99000000
Parasites,0.41955555555555557,0.64495938,100000000
