Primary_Producers,0.6561043802423113,0.000306,1000000
Primary_Producers,0.6561043802423113,0.000305,2000000
Primary_Producers,0.6561043802423113,0.000306,3000000
Primary_Producers,0.6561043802423113,0.000304,4000000
Primary_Producers,0.6561043802423113,0.000295,5000000
Primary_Producers,0.6561043802423113,0.00029383333333333334,6000000
Primary_Producers,0.6561043802423113,0.00029757142857142856,7000000
Primary_Producers,0.6561043802423113,0.000296625,8000000
Primary_Producers,0.6561043802423113,0.00030022222222222223,9000000
Primary_Producers,0.6561043802423113,0.0002995,10000000
Primary_Producers,0.6561043802423113,0.0003000909090909091,11000000
Primary_Producers,0.6561043802423113,0.00030208333333333335,12000000
Primary_Producers,0.6561043802423113,0.0003033076923076923,13000000
Primary_Producers,0.6561043802423113,0.0003047857142857143,14000000
Primary_Producers,0.6561043802423113,0.00030493333333333334,15000000
Primary_Producers,0.6561043802423113,0.0003050625,16000000
Primary_Producers,0.6561043802423113,0.0003056470588235294,17000000
Primary_Producers,0.6561043802423113,0.00030711111111111114,18000000
Primary_Producers,0.6561043802423113,0.0003072105263157895,19000000
Primary_Producers,0.6561043802423113,0.0003066,20000000
Primary_Producers,0.6561043802423113,0.0003051428571428571,21000000
Primary_Producers,0.6561043802423113,0.00030490909090909093,22000000
Primary_Producers,0.6561043802423113,0.0003049565217391304,23000000
Primary_Producers,0.6561043802423113,0.0003045,24000000
Primary_Producers,0.6561043802423113,0.00030392,25000000
Primary_Producers,0.6561043802423113,0.00030284615384615387,26000000
Primary_Producers,0.6561043802423113,0.00030292592592592594,27000000
Primary_Producers,0.6561043802423113,0.0003023214285714286,28000000
Primary_Producers,0.6561043802423113,0.0003013448275862069,29000000
Primary_Producers,0.6561043802423113,0.0003017333333333333,30000000
Primary_Producers,0.6561043802423113,0.00030183870967741933,31000000
Primary_Producers,0.6561043802423113,0.00030240625,32000000
Primary_Producers,0.6561043802423113,0.00030303030303030303,33000000
Primary_Producers,0.6561043802423113,0.00030305882352941175,34000000
Primary_Producers,0.6561043802423113,0.00030288571428571426,35000000
Primary_Producers,0.6561043802423113,0.0003027777777777778,36000000
Primary_Producers,0.6561043802423113,0.0003037567567567568,37000000
Primary_Producers,0.6561043802423113,0.0003037894736842105,38000000
Primary_Producers,0.6561043802423113,0.00030456410256410256,39000000
Primary_Producers,0.6561043802423113,0.000305,40000000
Primary_Producers,0.6561043802423113,0.0003054390243902439,41000000
Primary_Producers,0.6561043802423113,0.00030566666666666665,42000000
Primary_Producers,0.6561043802423113,0.00030586046511627907,43000000
Primary_Producers,0.6561043802423113,0.0003064772727272727,44000000
Primary_Producers,0.6561043802423113,0.00030584444444444446,45000000
Primary_Producers,0.6561043802423113,0.0003052173913043478,46000000
Primary_Producers,0.6561043802423113,0.000305,47000000
Primary_Producers,0.6561043802423113,0.0003046041666666667,48000000
Primary_Producers,0.6561043802423113,0.00030481632653061224,49000000
Primary_Producers,0.6561043802423113,0.00030448,50000000
Primary_Producers,0.6561043802423113,0.0003039607843137255,51000000
Primary_Producers,0.6561043802423113,0.00030371153846153845,52000000
Primary_Producers,0.6561043802423113,0.00030384905660377356,53000000
Primary_Producers,0.6561043802423113,0.0003041111111111111,54000000
Primary_Producers,0.6561043802423113,0.0003041090909090909,55000000
Primary_Producers,0.6561043802423113,0.0003045,56000000
Primary_Producers,0.6561043802423113,0.0003043859649122807,57000000
Primary_Producers,0.6561043802423113,0.00030448275862068967,58000000
Primary_Producers,0.6561043802423113,0.0003051694915254237,59000000
Primary_Producers,0.6561043802423113,0.0003049833333333333,60000000
Primary_Producers,0.6561043802423113,0.00030498360655737707,61000000
Primary_Producers,0.6561043802423113,0.0003047258064516129,62000000
Primary_Producers,0.6561043802423113,0.0003046666666666667,63000000
Primary_Producers,0.6561043802423113,0.000304203125,64000000
Primary_Producers,0.6561043802423113,0.0003041230769230769,65000000
Primary_Producers,0.6561043802423113,0.0003043939393939394,66000000
Primary_Producers,0.6561043802423113,0.0003044776119402985,67000000
Primary_Producers,0.6561043802423113,0.0003042058823529412,68000000
Primary_Producers,0.6561043802423113,0.00030446376811594204,69000000
Primary_Producers,0.6561043802423113,0.0003047714285714286,70000000
Primary_Producers,0.6561043802423113,0.00030480281690140846,71000000
Primary_Producers,0.6561043802423113,0.0003051111111111111,72000000
Primary_Producers,0.6561043802423113,0.00030484931506849315,73000000
Primary_Producers,0.6561043802423113,0.0003047027027027027,74000000
Primary_Producers,0.6561043802423113,0.00030444,75000000
Primary_Producers,0.6561043802423113,0.0003044473684210526,76000000
Primary_Producers,0.6561043802423113,0.0003042987012987013,77000000
Primary_Producers,0.6561043802423113,0.0003042692307692308,78000000
Primary_Producers,0.6561043802423113,0.00030454430379746837,79000000
Primary_Producers,0.6561043802423113,0.0003045625,80000000
Primary_Producers,0.6561043802423113,0.00030474074074074073,81000000
Primary_Producers,0.6561043802423113,0.00030447560975609757,82000000
Primary_Producers,0.6561043802423113,0.0003046265060240964,83000000
Primary_Producers,0.6561043802423113,0.0003048095238095238,84000000
Primary_Producers,0.6561043802423113,0.0003048470588235294,85000000
Primary_Producers,0.6561043802423113,0.00030480232558139535,86000000
Primary_Producers,0.6561043802423113,0.0003046551724137931,87000000
Primary_Producers,0.6561043802423113,0.00030461363636363634,88000000
Primary_Producers,0.6561043802423113,0.00030425842696629214,89000000
Primary_Producers,0.6561043802423113,0.0003043,90000000
Primary_Producers,0.6561043802423113,0.00030403296703296703,91000000
Primary_Producers,0.6561043802423113,0.0003040217391304348,92000000
Primary_Producers,0.6561043802423113,0.0003041182795698925,93000000
Primary_Producers,0.6561043802423113,0.00030393617021276596,94000000
Primary_Producers,0.6561043802423113,0.00030396842105263156,95000000
Primary_Producers,0.6561043802423113,0.0003038541666666667,96000000
Primary_Producers,0.6561043802423113,0.0003035567010309278,97000000
Primary_Producers,0.6561043802423113,0.00030353061224489794,98000000
Primary_Producers,0.6561043802423113,0.0003033030303030303,99000000
Primary_Producers,0.6561043802423113,0.00030331,100000000
