Parasites,0.3522727272727273,7.0e-6,1000000
Parasites,0.3522727272727273,8.0e-6,2000000
Parasites,0.3522727272727273,7.666666666666667e-6,3000000
Parasites,0.3522727272727273,9.25e-6,4000000
Parasites,0.3522727272727273,1.0e-5,5000000
Parasites,0.3522727272727273,9.666666666666667e-6,6000000
Parasites,0.3522727272727273,1.0285714285714286e-5,7000000
Parasites,0.3522727272727273,1.0375e-5,8000000
Parasites,0.3522727272727273,9.888888888888889e-6,9000000
Parasites,0.3522727272727273,1.02e-5,10000000
Parasites,0.3522727272727273,1.0e-5,11000000
Parasites,0.3522727272727273,1.0e-5,12000000
Parasites,0.3522727272727273,9.923076923076923e-6,13000000
Parasites,0.3522727272727273,9.642857142857142e-6,14000000
Parasites,0.3522727272727273,9.466666666666667e-6,15000000
Parasites,0.3522727272727273,9.6875e-6,16000000
Parasites,0.3522727272727273,9.705882352941177e-6,17000000
Parasites,0.3522727272727273,9.444444444444445e-6,18000000
Parasites,0.3522727272727273,9.473684210526315e-6,19000000
Parasites,0.3522727272727273,9.65e-6,20000000
Parasites,0.3522727272727273,9.666666666666667e-6,21000000
Parasites,0.3522727272727273,9.772727272727273e-6,22000000
Parasites,0.3522727272727273,9.521739130434782e-6,23000000
Parasites,0.3522727272727273,9.5e-6,24000000
Parasites,0.3522727272727273,9.44e-6,25000000
Parasites,0.3522727272727273,9.384615384615385e-6,26000000
Parasites,0.3522727272727273,9.370370370370371e-6,27000000
Parasites,0.3522727272727273,9.214285714285715e-6,28000000
Parasites,0.3522727272727273,9.206896551724138e-6,29000000
Parasites,0.3522727272727273,9.2e-6,30000000
Parasites,0.3522727272727273,9.290322580645161e-6,31000000
Parasites,0.3522727272727273,9.21875e-6,32000000
Parasites,0.3522727272727273,9.303030303030303e-6,33000000
Parasites,0.3522727272727273,9.470588235294117e-6,34000000
Parasites,0.3522727272727273,9.657142857142857e-6,35000000
Parasites,0.3522727272727273,9.527777777777778e-6,36000000
Parasites,0.3522727272727273,9.486486486486487e-6,37000000
Parasites,0.3522727272727273,9.421052631578947e-6,38000000
Parasites,0.3522727272727273,9.333333333333333e-6,39000000
Parasites,0.3522727272727273,9.475e-6,40000000
Parasites,0.3522727272727273,9.634146341463415e-6,41000000
Parasites,0.3522727272727273,9.523809523809523e-6,42000000
Parasites,0.3522727272727273,9.534883720930232e-6,43000000
Parasites,0.3522727272727273,9.477272727272727e-6,44000000
Parasites,0.3522727272727273,9.444444444444445e-6,45000000
Parasites,0.3522727272727273,9.413043478260869e-6,46000000
Parasites,0.3522727272727273,9.27659574468085e-6,47000000
Parasites,0.3522727272727273,9.25e-6,48000000
Parasites,0.3522727272727273,9.224489795918367e-6,49000000
Parasites,0.3522727272727273,9.28e-6,50000000
Parasites,0.3522727272727273,9.333333333333333e-6,51000000
Parasites,0.3522727272727273,9.403846153846154e-6,52000000
Parasites,0.3522727272727273,9.433962264150944e-6,53000000
Parasites,0.3522727272727273,9.407407407407408e-6,54000000
Parasites,0.3522727272727273,9.363636363636363e-6,55000000
Parasites,0.3522727272727273,9.357142857142857e-6,56000000
Parasites,0.3522727272727273,9.456140350877193e-6,57000000
Parasites,0.3522727272727273,9.396551724137931e-6,58000000
Parasites,0.3522727272727273,9.322033898305085e-6,59000000
Parasites,0.3522727272727273,9.25e-6,60000000
Parasites,0.3522727272727273,9.21311475409836e-6,61000000
Parasites,0.3522727272727273,9.35483870967742e-6,62000000
Parasites,0.3522727272727273,9.34920634920635e-6,63000000
Parasites,0.3522727272727273,9.296875e-6,64000000
Parasites,0.3522727272727273,9.261538461538461e-6,65000000
Parasites,0.3522727272727273,9.227272727272728e-6,66000000
Parasites,0.3522727272727273,9.253731343283582e-6,67000000
Parasites,0.3522727272727273,9.205882352941177e-6,68000000
Parasites,0.3522727272727273,9.231884057971015e-6,69000000
Parasites,0.3522727272727273,9.242857142857143e-6,70000000
Parasites,0.3522727272727273,9.23943661971831e-6,71000000
Parasites,0.3522727272727273,9.236111111111112e-6,72000000
Parasites,0.3522727272727273,9.21917808219178e-6,73000000
Parasites,0.3522727272727273,9.162162162162162e-6,74000000
Parasites,0.3522727272727273,9.16e-6,75000000
Parasites,0.3522727272727273,9.13157894736842e-6,76000000
Parasites,0.3522727272727273,9.116883116883117e-6,77000000
Parasites,0.3522727272727273,9.115384615384615e-6,78000000
Parasites,0.3522727272727273,9.151898734177216e-6,79000000
Parasites,0.3522727272727273,9.15e-6,80000000
Parasites,0.3522727272727273,9.11111111111111e-6,81000000
Parasites,0.3522727272727273,9.085365853658536e-6,82000000
Parasites,0.3522727272727273,9.072289156626507e-6,83000000
Parasites,0.3522727272727273,9.095238095238095e-6,84000000
Parasites,0.3522727272727273,9.08235294117647e-6,85000000
Parasites,0.3522727272727273,9.116279069767441e-6,86000000
Parasites,0.3522727272727273,9.080459770114942e-6,87000000
Parasites,0.3522727272727273,9.079545454545455e-6,88000000
Parasites,0.3522727272727273,9.101123595505619e-6,89000000
Parasites,0.3522727272727273,9.155555555555555e-6,90000000
Parasites,0.3522727272727273,9.12087912087912e-6,91000000
Parasites,0.3522727272727273,9.152173913043478e-6,92000000
Parasites,0.3522727272727273,9.150537634408602e-6,93000000
Parasites,0.3522727272727273,9.191489361702128e-6,94000000
Parasites,0.3522727272727273,9.210526315789474e-6,95000000
Parasites,0.3522727272727273,9.1875e-6,96000000
Parasites,0.3522727272727273,9.195876288659794e-6,97000000
Parasites,0.3522727272727273,9.173469387755101e-6,98000000
Parasites,0.3522727272727273,9.131313131313132e-6,99000000
Parasites,0.3522727272727273,9.13e-6,100000000
