Consumers,0.3214412630723931,1.0e-5,1000000
Consumers,0.3214412630723931,9.0e-6,2000000
Consumers,0.3214412630723931,9.666666666666667e-6,3000000
Consumers,0.3214412630723931,9.5e-6,4000000
Consumers,0.3214412630723931,1.08e-5,5000000
Consumers,0.3214412630723931,1.1333333333333334e-5,6000000
Consumers,0.3214412630723931,1.2714285714285714e-5,7000000
Consumers,0.3214412630723931,1.2875e-5,8000000
Consumers,0.3214412630723931,1.2222222222222222e-5,9000000
Consumers,0.3214412630723931,1.34e-5,10000000
Consumers,0.3214412630723931,1.3090909090909092e-5,11000000
Consumers,0.3214412630723931,1.3333333333333333e-5,12000000
Consumers,0.3214412630723931,1.3e-5,13000000
Consumers,0.3214412630723931,1.3214285714285714e-5,14000000
Consumers,0.3214412630723931,1.32e-5,15000000
Consumers,0.3214412630723931,1.33125e-5,16000000
Consumers,0.3214412630723931,1.3411764705882353e-5,17000000
Consumers,0.3214412630723931,1.3333333333333333e-5,18000000
Consumers,0.3214412630723931,1.3157894736842106e-5,19000000
Consumers,0.3214412630723931,1.33e-5,20000000
Consumers,0.3214412630723931,1.3380952380952382e-5,21000000
Consumers,0.3214412630723931,1.3772727272727272e-5,22000000
Consumers,0.3214412630723931,1.3608695652173913e-5,23000000
Consumers,0.3214412630723931,1.3625e-5,24000000
Consumers,0.3214412630723931,1.364e-5,25000000
Consumers,0.3214412630723931,1.3653846153846154e-5,26000000
Consumers,0.3214412630723931,1.3592592592592592e-5,27000000
Consumers,0.3214412630723931,1.3535714285714286e-5,28000000
Consumers,0.3214412630723931,1.3655172413793104e-5,29000000
Consumers,0.3214412630723931,1.3733333333333333e-5,30000000
Consumers,0.3214412630723931,1.3741935483870968e-5,31000000
Consumers,0.3214412630723931,1.36875e-5,32000000
Consumers,0.3214412630723931,1.3787878787878787e-5,33000000
Consumers,0.3214412630723931,1.3676470588235295e-5,34000000
Consumers,0.3214412630723931,1.36e-5,35000000
Consumers,0.3214412630723931,1.3694444444444445e-5,36000000
Consumers,0.3214412630723931,1.3675675675675675e-5,37000000
Consumers,0.3214412630723931,1.3526315789473685e-5,38000000
Consumers,0.3214412630723931,1.3538461538461539e-5,39000000
Consumers,0.3214412630723931,1.3475e-5,40000000
Consumers,0.3214412630723931,1.3268292682926829e-5,41000000
Consumers,0.3214412630723931,1.3238095238095238e-5,42000000
Consumers,0.3214412630723931,1.3255813953488372e-5,43000000
Consumers,0.3214412630723931,1.3090909090909092e-5,44000000
Consumers,0.3214412630723931,1.3288888888888889e-5,45000000
Consumers,0.3214412630723931,1.3282608695652173e-5,46000000
Consumers,0.3214412630723931,1.3319148936170213e-5,47000000
Consumers,0.3214412630723931,1.3416666666666666e-5,48000000
Consumers,0.3214412630723931,1.3489795918367347e-5,49000000
Consumers,0.3214412630723931,1.352e-5,50000000
Consumers,0.3214412630723931,1.3470588235294118e-5,51000000
Consumers,0.3214412630723931,1.3461538461538462e-5,52000000
Consumers,0.3214412630723931,1.3433962264150943e-5,53000000
Consumers,0.3214412630723931,1.3333333333333333e-5,54000000
Consumers,0.3214412630723931,1.3345454545454546e-5,55000000
Consumers,0.3214412630723931,1.3392857142857142e-5,56000000
Consumers,0.3214412630723931,1.343859649122807e-5,57000000
Consumers,0.3214412630723931,1.343103448275862e-5,58000000
Consumers,0.3214412630723931,1.3406779661016949e-5,59000000
Consumers,0.3214412630723931,1.345e-5,60000000
Consumers,0.3214412630723931,1.3459016393442623e-5,61000000
Consumers,0.3214412630723931,1.3483870967741935e-5,62000000
Consumers,0.3214412630723931,1.3412698412698413e-5,63000000
Consumers,0.3214412630723931,1.3421875e-5,64000000
Consumers,0.3214412630723931,1.3384615384615384e-5,65000000
Consumers,0.3214412630723931,1.35e-5,66000000
Consumers,0.3214412630723931,1.3432835820895522e-5,67000000
Consumers,0.3214412630723931,1.3485294117647059e-5,68000000
Consumers,0.3214412630723931,1.346376811594203e-5,69000000
Consumers,0.3214412630723931,1.3514285714285714e-5,70000000
Consumers,0.3214412630723931,1.3535211267605634e-5,71000000
Consumers,0.3214412630723931,1.3597222222222222e-5,72000000
Consumers,0.3214412630723931,1.3589041095890412e-5,73000000
Consumers,0.3214412630723931,1.3702702702702703e-5,74000000
Consumers,0.3214412630723931,1.3733333333333333e-5,75000000
Consumers,0.3214412630723931,1.375e-5,76000000
Consumers,0.3214412630723931,1.3844155844155845e-5,77000000
Consumers,0.3214412630723931,1.3756410256410256e-5,78000000
Consumers,0.3214412630723931,1.3734177215189874e-5,79000000
Consumers,0.3214412630723931,1.3775e-5,80000000
Consumers,0.3214412630723931,1.371604938271605e-5,81000000
Consumers,0.3214412630723931,1.3768292682926829e-5,82000000
Consumers,0.3214412630723931,1.3710843373493976e-5,83000000
Consumers,0.3214412630723931,1.3738095238095238e-5,84000000
Consumers,0.3214412630723931,1.3752941176470589e-5,85000000
Consumers,0.3214412630723931,1.3686046511627907e-5,86000000
Consumers,0.3214412630723931,1.3655172413793104e-5,87000000
Consumers,0.3214412630723931,1.3715909090909092e-5,88000000
Consumers,0.3214412630723931,1.3741573033707864e-5,89000000
Consumers,0.3214412630723931,1.3722222222222222e-5,90000000
Consumers,0.3214412630723931,1.3703296703296703e-5,91000000
Consumers,0.3214412630723931,1.3706521739130436e-5,92000000
Consumers,0.3214412630723931,1.3763440860215054e-5,93000000
Consumers,0.3214412630723931,1.3797872340425532e-5,94000000
Consumers,0.3214412630723931,1.3821052631578947e-5,95000000
Consumers,0.3214412630723931,1.384375e-5,96000000
Consumers,0.3214412630723931,1.3855670103092783e-5,97000000
Consumers,0.3214412630723931,1.3816326530612244e-5,98000000
Consumers,0.3214412630723931,1.3818181818181818e-5,99000000
Consumers,0.3214412630723931,1.387e-5,100000000
