Herbivores,0.40530058177117,0.999881,1000000
Herbivores,0.40530058177117,0.999895,2000000
Herbivores,0.40530058177117,0.999891,3000000
Herbivores,0.40530058177117,0.99989225,4000000
Herbivores,0.40530058177117,0.999891,5000000
Herbivores,0.40530058177117,0.9998898333333334,6000000
Herbivores,0.40530058177117,0.9998918571428571,7000000
Herbivores,0.40530058177117,0.99989325,8000000
Herbivores,0.40530058177117,0.999893,9000000
Herbivores,0.40530058177117,0.9998927,10000000
Herbivores,0.40530058177117,0.9998944545454546,11000000
Herbivores,0.40530058177117,0.9998954166666667,12000000
Herbivores,0.40530058177117,0.9998959230769231,13000000
Herbivores,0.40530058177117,0.9998963571428572,14000000
Herbivores,0.40530058177117,0.9998964666666667,15000000
Herbivores,0.40530058177117,0.9998960625,16000000
Herbivores,0.40530058177117,0.9998961176470588,17000000
Herbivores,0.40530058177117,0.9998958888888889,18000000
Herbivores,0.40530058177117,0.999896052631579,19000000
Herbivores,0.40530058177117,0.9998961,20000000
Herbivores,0.40530058177117,0.999896761904762,21000000
Herbivores,0.40530058177117,0.9998969090909091,22000000
Herbivores,0.40530058177117,0.9998969130434783,23000000
Herbivores,0.40530058177117,0.999896625,24000000
Herbivores,0.40530058177117,0.99989664,25000000
Herbivores,0.40530058177117,0.9998967307692308,26000000
Herbivores,0.40530058177117,0.9998966666666667,27000000
Herbivores,0.40530058177117,0.9998969642857143,28000000
Herbivores,0.40530058177117,0.9998968275862069,29000000
Herbivores,0.40530058177117,0.9998966666666667,30000000
Herbivores,0.40530058177117,0.9998966129032258,31000000
Herbivores,0.40530058177117,0.99989621875,32000000
Herbivores,0.40530058177117,0.999896696969697,33000000
Herbivores,0.40530058177117,0.9998971176470588,34000000
Herbivores,0.40530058177117,0.9998974,35000000
Herbivores,0.40530058177117,0.9998979166666667,36000000
Herbivores,0.40530058177117,0.9998984864864865,37000000
Herbivores,0.40530058177117,0.9998984210526316,38000000
Herbivores,0.40530058177117,0.9998981538461539,39000000
Herbivores,0.40530058177117,0.9998984,40000000
Herbivores,0.40530058177117,0.9998983170731708,41000000
Herbivores,0.40530058177117,0.9998983333333333,42000000
Herbivores,0.40530058177117,0.999898488372093,43000000
Herbivores,0.40530058177117,0.9998981363636363,44000000
Herbivores,0.40530058177117,0.9998982888888889,45000000
Herbivores,0.40530058177117,0.9998983260869565,46000000
Herbivores,0.40530058177117,0.999898574468085,47000000
Herbivores,0.40530058177117,0.9998985,48000000
Herbivores,0.40530058177117,0.999898612244898,49000000
Herbivores,0.40530058177117,0.99989852,50000000
Herbivores,0.40530058177117,0.999898274509804,51000000
Herbivores,0.40530058177117,0.9998983269230769,52000000
Herbivores,0.40530058177117,0.9998984339622642,53000000
Herbivores,0.40530058177117,0.9998983888888889,54000000
Herbivores,0.40530058177117,0.9998986727272727,55000000
Herbivores,0.40530058177117,0.9998983392857143,56000000
Herbivores,0.40530058177117,0.9998983859649123,57000000
Herbivores,0.40530058177117,0.9998980862068966,58000000
Herbivores,0.40530058177117,0.9998982372881355,59000000
Herbivores,0.40530058177117,0.9998983166666666,60000000
Herbivores,0.40530058177117,0.9998982295081967,61000000
Herbivores,0.40530058177117,0.9998984032258065,62000000
Herbivores,0.40530058177117,0.9998985079365079,63000000
Herbivores,0.40530058177117,0.999898578125,64000000
Herbivores,0.40530058177117,0.9998983230769231,65000000
Herbivores,0.40530058177117,0.9998980909090909,66000000
Herbivores,0.40530058177117,0.999898,67000000
Herbivores,0.40530058177117,0.9998980882352941,68000000
Herbivores,0.40530058177117,0.9998979855072464,69000000
Herbivores,0.40530058177117,0.999898,70000000
Herbivores,0.40530058177117,0.999897985915493,71000000
Herbivores,0.40530058177117,0.9998980833333333,72000000
Herbivores,0.40530058177117,0.9998982602739726,73000000
Herbivores,0.40530058177117,0.9998982837837838,74000000
Herbivores,0.40530058177117,0.9998983066666667,75000000
Herbivores,0.40530058177117,0.9998985526315789,76000000
Herbivores,0.40530058177117,0.9998986103896104,77000000
Herbivores,0.40530058177117,0.9998987564102564,78000000
Herbivores,0.40530058177117,0.9998985569620253,79000000
Herbivores,0.40530058177117,0.9998985125,80000000
Herbivores,0.40530058177117,0.9998985432098766,81000000
Herbivores,0.40530058177117,0.9998984390243902,82000000
Herbivores,0.40530058177117,0.999898156626506,83000000
Herbivores,0.40530058177117,0.9998981785714286,84000000
Herbivores,0.40530058177117,0.9998981411764706,85000000
Herbivores,0.40530058177117,0.9998981627906977,86000000
Herbivores,0.40530058177117,0.999898264367816,87000000
Herbivores,0.40530058177117,0.9998982159090909,88000000
Herbivores,0.40530058177117,0.9998982247191012,89000000
Herbivores,0.40530058177117,0.9998982333333334,90000000
Herbivores,0.40530058177117,0.9998983516483516,91000000
Herbivores,0.40530058177117,0.999898554347826,92000000
Herbivores,0.40530058177117,0.9998985268817204,93000000
Herbivores,0.40530058177117,0.9998984468085106,94000000
Herbivores,0.40530058177117,0.9998985368421053,95000000
Herbivores,0.40530058177117,0.99989871875,96000000
Herbivores,0.40530058177117,0.9998987525773196,97000000
Herbivores,0.40530058177117,0.9998988265306122,98000000
Herbivores,0.40530058177117,0.9998989696969697,99000000
Herbivores,0.40530058177117,0.99989889,100000000
