Primary_Producers,0.8032786885245902,0.321395,1000000
Primary_Producers,0.8032786885245902,0.3214535,2000000
Primary_Producers,0.8032786885245902,0.321154,3000000
Primary_Producers,0.8032786885245902,0.32123125,4000000
Primary_Producers,0.8032786885245902,0.3211436,5000000
Primary_Producers,0.8032786885245902,0.3211675,6000000
Primary_Producers,0.8032786885245902,0.3211941428571429,7000000
Primary_Producers,0.8032786885245902,0.32117925,8000000
Primary_Producers,0.8032786885245902,0.321166,9000000
Primary_Producers,0.8032786885245902,0.3211993,10000000
Primary_Producers,0.8032786885245902,0.32114390909090906,11000000
Primary_Producers,0.8032786885245902,0.32116133333333335,12000000
Primary_Producers,0.8032786885245902,0.32117361538461536,13000000
Primary_Producers,0.8032786885245902,0.3212527857142857,14000000
Primary_Producers,0.8032786885245902,0.3212642,15000000
Primary_Producers,0.8032786885245902,0.321282,16000000
Primary_Producers,0.8032786885245902,0.3212810588235294,17000000
Primary_Producers,0.8032786885245902,0.32123383333333333,18000000
Primary_Producers,0.8032786885245902,0.3212001578947368,19000000
Primary_Producers,0.8032786885245902,0.3212153,20000000
Primary_Producers,0.8032786885245902,0.3212215238095238,21000000
Primary_Producers,0.8032786885245902,0.3212095,22000000
Primary_Producers,0.8032786885245902,0.32117178260869567,23000000
Primary_Producers,0.8032786885245902,0.321134125,24000000
Primary_Producers,0.8032786885245902,0.32112772,25000000
Primary_Producers,0.8032786885245902,0.3211458846153846,26000000
Primary_Producers,0.8032786885245902,0.32114411111111113,27000000
Primary_Producers,0.8032786885245902,0.32114064285714283,28000000
Primary_Producers,0.8032786885245902,0.32113365517241377,29000000
Primary_Producers,0.8032786885245902,0.32112826666666666,30000000
Primary_Producers,0.8032786885245902,0.3211439677419355,31000000
Primary_Producers,0.8032786885245902,0.32113621875,32000000
Primary_Producers,0.8032786885245902,0.32111524242424244,33000000
Primary_Producers,0.8032786885245902,0.32112732352941176,34000000
Primary_Producers,0.8032786885245902,0.3211288,35000000
Primary_Producers,0.8032786885245902,0.32112558333333335,36000000
Primary_Producers,0.8032786885245902,0.32112237837837837,37000000
Primary_Producers,0.8032786885245902,0.32111244736842104,38000000
Primary_Producers,0.8032786885245902,0.3211140769230769,39000000
Primary_Producers,0.8032786885245902,0.32111005,40000000
Primary_Producers,0.8032786885245902,0.32110851219512193,41000000
Primary_Producers,0.8032786885245902,0.3211247380952381,42000000
Primary_Producers,0.8032786885245902,0.3211451395348837,43000000
Primary_Producers,0.8032786885245902,0.32115011363636364,44000000
Primary_Producers,0.8032786885245902,0.32115824444444446,45000000
Primary_Producers,0.8032786885245902,0.32115778260869565,46000000
Primary_Producers,0.8032786885245902,0.3211571276595745,47000000
Primary_Producers,0.8032786885245902,0.32116060416666664,48000000
Primary_Producers,0.8032786885245902,0.321161612244898,49000000
Primary_Producers,0.8032786885245902,0.32116332,50000000
Primary_Producers,0.8032786885245902,0.3211655294117647,51000000
Primary_Producers,0.8032786885245902,0.32118682692307693,52000000
Primary_Producers,0.8032786885245902,0.3211761320754717,53000000
Primary_Producers,0.8032786885245902,0.3211808888888889,54000000
Primary_Producers,0.8032786885245902,0.3211808,55000000
Primary_Producers,0.8032786885245902,0.321173875,56000000
Primary_Producers,0.8032786885245902,0.32116805263157894,57000000
Primary_Producers,0.8032786885245902,0.3211658965517241,58000000
Primary_Producers,0.8032786885245902,0.3211698474576271,59000000
Primary_Producers,0.8032786885245902,0.3211753666666667,60000000
Primary_Producers,0.8032786885245902,0.3211673442622951,61000000
Primary_Producers,0.8032786885245902,0.32116191935483873,62000000
Primary_Producers,0.8032786885245902,0.3211533015873016,63000000
Primary_Producers,0.8032786885245902,0.32115571875,64000000
Primary_Producers,0.8032786885245902,0.3211527846153846,65000000
Primary_Producers,0.8032786885245902,0.3211470454545455,66000000
Primary_Producers,0.8032786885245902,0.32115782089552236,67000000
Primary_Producers,0.8032786885245902,0.32114725,68000000
Primary_Producers,0.8032786885245902,0.3211422028985507,69000000
Primary_Producers,0.8032786885245902,0.32113395714285714,70000000
Primary_Producers,0.8032786885245902,0.3211317464788732,71000000
Primary_Producers,0.8032786885245902,0.3211263888888889,72000000
Primary_Producers,0.8032786885245902,0.32112750684931507,73000000
Primary_Producers,0.8032786885245902,0.32112858108108105,74000000
Primary_Producers,0.8032786885245902,0.32112188,75000000
Primary_Producers,0.8032786885245902,0.32112975,76000000
Primary_Producers,0.8032786885245902,0.32113192207792207,77000000
Primary_Producers,0.8032786885245902,0.3211205,78000000
Primary_Producers,0.8032786885245902,0.321120835443038,79000000
Primary_Producers,0.8032786885245902,0.3211132,80000000
Primary_Producers,0.8032786885245902,0.3211042592592593,81000000
Primary_Producers,0.8032786885245902,0.3211035487804878,82000000
Primary_Producers,0.8032786885245902,0.3211022409638554,83000000
Primary_Producers,0.8032786885245902,0.32109569047619047,84000000
Primary_Producers,0.8032786885245902,0.32109450588235294,85000000
Primary_Producers,0.8032786885245902,0.32109487209302323,86000000
Primary_Producers,0.8032786885245902,0.3211006551724138,87000000
Primary_Producers,0.8032786885245902,0.3211019318181818,88000000
Primary_Producers,0.8032786885245902,0.32109844943820226,89000000
Primary_Producers,0.8032786885245902,0.32109534444444443,90000000
Primary_Producers,0.8032786885245902,0.3210787802197802,91000000
Primary_Producers,0.8032786885245902,0.3210794347826087,92000000
Primary_Producers,0.8032786885245902,0.3210881397849462,93000000
Primary_Producers,0.8032786885245902,0.3210911914893617,94000000
Primary_Producers,0.8032786885245902,0.3210940105263158,95000000
Primary_Producers,0.8032786885245902,0.3210960625,96000000
Primary_Producers,0.8032786885245902,0.3211002371134021,97000000
Primary_Producers,0.8032786885245902,0.32110523469387753,98000000
Primary_Producers,0.8032786885245902,0.32110777777777777,99000000
Primary_Producers,0.8032786885245902,0.32110469,100000000
