Herbivores,0.6851949420442571,0.0,1000000
Herbivores,0.6851949420442571,0.0,2000000
Herbivores,0.6851949420442571,0.0,3000000
Herbivores,0.6851949420442571,0.0,4000000
Herbivores,0.6851949420442571,0.0,5000000
Herbivores,0.6851949420442571,0.0,6000000
Herbivores,0.6851949420442571,0.0,7000000
Herbivores,0.6851949420442571,0.0,8000000
Herbivores,0.6851949420442571,0.0,9000000
Herbivores,0.6851949420442571,0.0,10000000
Herbivores,0.6851949420442571,0.0,11000000
Herbivores,0.6851949420442571,0.0,12000000
Herbivores,0.6851949420442571,0.0,13000000
Herbivores,0.6851949420442571,0.0,14000000
Herbivores,0.6851949420442571,0.0,15000000
Herbivores,0.6851949420442571,0.0,16000000
Herbivores,0.6851949420442571,0.0,17000000
Herbivores,0.6851949420442571,0.0,18000000
Herbivores,0.6851949420442571,0.0,19000000
Herbivores,0.6851949420442571,0.0,20000000
Herbivores,0.6851949420442571,0.0,21000000
Herbivores,0.6851949420442571,0.0,22000000
Herbivores,0.6851949420442571,0.0,23000000
Herbivores,0.6851949420442571,0.0,24000000
Herbivores,0.6851949420442571,0.0,25000000
Herbivores,0.6851949420442571,0.0,26000000
Herbivores,0.6851949420442571,0.0,27000000
Herbivores,0.6851949420442571,0.0,28000000
Herbivores,0.6851949420442571,0.0,29000000
Herbivores,0.6851949420442571,0.0,30000000
Herbivores,0.6851949420442571,3.2258064516129035e-8,31000000
Herbivores,0.6851949420442571,3.125e-8,32000000
Herbivores,0.6851949420442571,3.0303030303030305e-8,33000000
Herbivores,0.6851949420442571,2.9411764705882354e-8,34000000
Herbivores,0.6851949420442571,2.8571428571428572e-8,35000000
Herbivores,0.6851949420442571,2.7777777777777777e-8,36000000
Herbivores,0.6851949420442571,2.7027027027027028e-8,37000000
Herbivores,0.6851949420442571,2.631578947368421e-8,38000000
Herbivores,0.6851949420442571,2.564102564102564e-8,39000000
Herbivores,0.6851949420442571,2.5e-8,40000000
Herbivores,0.6851949420442571,2.4390243902439023e-8,41000000
Herbivores,0.6851949420442571,2.380952380952381e-8,42000000
Herbivores,0.6851949420442571,2.3255813953488372e-8,43000000
Herbivores,0.6851949420442571,2.272727272727273e-8,44000000
Herbivores,0.6851949420442571,2.2222222222222224e-8,45000000
Herbivores,0.6851949420442571,2.173913043478261e-8,46000000
Herbivores,0.6851949420442571,2.127659574468085e-8,47000000
Herbivores,0.6851949420442571,2.0833333333333335e-8,48000000
Herbivores,0.6851949420442571,2.0408163265306123e-8,49000000
Herbivores,0.6851949420442571,2.0e-8,50000000
Herbivores,0.6851949420442571,1.9607843137254902e-8,51000000
Herbivores,0.6851949420442571,1.923076923076923e-8,52000000
Herbivores,0.6851949420442571,1.8867924528301887e-8,53000000
Herbivores,0.6851949420442571,1.8518518518518518e-8,54000000
Herbivores,0.6851949420442571,1.818181818181818e-8,55000000
Herbivores,0.6851949420442571,1.7857142857142856e-8,56000000
Herbivores,0.6851949420442571,1.754385964912281e-8,57000000
Herbivores,0.6851949420442571,1.724137931034483e-8,58000000
Herbivores,0.6851949420442571,1.6949152542372882e-8,59000000
Herbivores,0.6851949420442571,1.6666666666666667e-8,60000000
Herbivores,0.6851949420442571,1.639344262295082e-8,61000000
Herbivores,0.6851949420442571,1.6129032258064518e-8,62000000
Herbivores,0.6851949420442571,1.5873015873015872e-8,63000000
Herbivores,0.6851949420442571,3.125e-8,64000000
Herbivores,0.6851949420442571,3.076923076923077e-8,65000000
Herbivores,0.6851949420442571,3.0303030303030305e-8,66000000
Herbivores,0.6851949420442571,2.9850746268656714e-8,67000000
Herbivores,0.6851949420442571,2.9411764705882354e-8,68000000
Herbivores,0.6851949420442571,2.898550724637681e-8,69000000
Herbivores,0.6851949420442571,2.8571428571428572e-8,70000000
Herbivores,0.6851949420442571,2.816901408450704e-8,71000000
Herbivores,0.6851949420442571,2.7777777777777777e-8,72000000
Herbivores,0.6851949420442571,2.7397260273972602e-8,73000000
Herbivores,0.6851949420442571,2.7027027027027028e-8,74000000
Herbivores,0.6851949420442571,2.6666666666666667e-8,75000000
Herbivores,0.6851949420442571,2.631578947368421e-8,76000000
Herbivores,0.6851949420442571,2.5974025974025973e-8,77000000
Herbivores,0.6851949420442571,2.564102564102564e-8,78000000
Herbivores,0.6851949420442571,2.531645569620253e-8,79000000
Herbivores,0.6851949420442571,2.5e-8,80000000
Herbivores,0.6851949420442571,2.469135802469136e-8,81000000
Herbivores,0.6851949420442571,2.4390243902439023e-8,82000000
Herbivores,0.6851949420442571,2.4096385542168673e-8,83000000
Herbivores,0.6851949420442571,2.380952380952381e-8,84000000
Herbivores,0.6851949420442571,2.352941176470588e-8,85000000
Herbivores,0.6851949420442571,2.3255813953488372e-8,86000000
Herbivores,0.6851949420442571,2.2988505747126436e-8,87000000
Herbivores,0.6851949420442571,2.272727272727273e-8,88000000
Herbivores,0.6851949420442571,2.247191011235955e-8,89000000
Herbivores,0.6851949420442571,2.2222222222222224e-8,90000000
Herbivores,0.6851949420442571,2.1978021978021977e-8,91000000
Herbivores,0.6851949420442571,2.173913043478261e-8,92000000
Herbivores,0.6851949420442571,2.1505376344086022e-8,93000000
Herbivores,0.6851949420442571,2.127659574468085e-8,94000000
Herbivores,0.6851949420442571,2.1052631578947368e-8,95000000
Herbivores,0.6851949420442571,2.0833333333333335e-8,96000000
Herbivores,0.6851949420442571,2.061855670103093e-8,97000000
Herbivores,0.6851949420442571,2.0408163265306123e-8,98000000
Herbivores,0.6851949420442571,2.02020202020202e-8,99000000
Herbivores,0.6851949420442571,2.0e-8,100000000
