Herbivores,0.20683760683760682,0.637432,1000000
Herbivores,0.20683760683760682,0.6378735,2000000
Herbivores,0.20683760683760682,0.6377896666666667,3000000
Herbivores,0.20683760683760682,0.63784825,4000000
Herbivores,0.20683760683760682,0.6378568,5000000
Herbivores,0.20683760683760682,0.6378323333333333,6000000
Herbivores,0.20683760683760682,0.6379258571428571,7000000
Herbivores,0.20683760683760682,0.6379615,8000000
Herbivores,0.20683760683760682,0.6379232222222222,9000000
Herbivores,0.20683760683760682,0.6379181,10000000
Herbivores,0.20683760683760682,0.6380040909090909,11000000
Herbivores,0.20683760683760682,0.6379891666666667,12000000
Herbivores,0.20683760683760682,0.6379923076923077,13000000
Herbivores,0.20683760683760682,0.6379732857142857,14000000
Herbivores,0.20683760683760682,0.6380217333333333,15000000
Herbivores,0.20683760683760682,0.638088125,16000000
Herbivores,0.20683760683760682,0.6380704705882353,17000000
Herbivores,0.20683760683760682,0.6381116666666666,18000000
Herbivores,0.20683760683760682,0.6380903157894737,19000000
Herbivores,0.20683760683760682,0.63813115,20000000
Herbivores,0.20683760683760682,0.6381046190476191,21000000
Herbivores,0.20683760683760682,0.638067909090909,22000000
Herbivores,0.20683760683760682,0.638063347826087,23000000
Herbivores,0.20683760683760682,0.6380360416666667,24000000
Herbivores,0.20683760683760682,0.6380192,25000000
Herbivores,0.20683760683760682,0.6380110384615385,26000000
Herbivores,0.20683760683760682,0.6379898148148148,27000000
Herbivores,0.20683760683760682,0.6379943571428571,28000000
Herbivores,0.20683760683760682,0.6379955172413793,29000000
Herbivores,0.20683760683760682,0.6380079666666667,30000000
Herbivores,0.20683760683760682,0.6380128387096774,31000000
Herbivores,0.20683760683760682,0.63801134375,32000000
Herbivores,0.20683760683760682,0.6380083636363636,33000000
Herbivores,0.20683760683760682,0.6380308823529411,34000000
Herbivores,0.20683760683760682,0.6379999714285715,35000000
Herbivores,0.20683760683760682,0.6379998055555556,36000000
Herbivores,0.20683760683760682,0.6379958378378379,37000000
Herbivores,0.20683760683760682,0.637992052631579,38000000
Herbivores,0.20683760683760682,0.637973923076923,39000000
Herbivores,0.20683760683760682,0.637981975,40000000
Herbivores,0.20683760683760682,0.6379771951219512,41000000
Herbivores,0.20683760683760682,0.637989380952381,42000000
Herbivores,0.20683760683760682,0.6380222558139534,43000000
Herbivores,0.20683760683760682,0.6380043409090909,44000000
Herbivores,0.20683760683760682,0.6380104444444444,45000000
Herbivores,0.20683760683760682,0.6380181739130435,46000000
Herbivores,0.20683760683760682,0.6380117021276596,47000000
Herbivores,0.20683760683760682,0.638016125,48000000
Herbivores,0.20683760683760682,0.6380145102040816,49000000
Herbivores,0.20683760683760682,0.63802116,50000000
Herbivores,0.20683760683760682,0.638027568627451,51000000
Herbivores,0.20683760683760682,0.6380195576923077,52000000
Herbivores,0.20683760683760682,0.6380158301886792,53000000
Herbivores,0.20683760683760682,0.6380178703703704,54000000
Herbivores,0.20683760683760682,0.6380318,55000000
Herbivores,0.20683760683760682,0.6380271071428572,56000000
Herbivores,0.20683760683760682,0.6380331052631579,57000000
Herbivores,0.20683760683760682,0.6380279827586207,58000000
Herbivores,0.20683760683760682,0.6380368983050847,59000000
Herbivores,0.20683760683760682,0.6380336333333333,60000000
Herbivores,0.20683760683760682,0.6380334262295082,61000000
Herbivores,0.20683760683760682,0.638018564516129,62000000
Herbivores,0.20683760683760682,0.638030873015873,63000000
Herbivores,0.20683760683760682,0.638017734375,64000000
Herbivores,0.20683760683760682,0.6380195846153847,65000000
Herbivores,0.20683760683760682,0.6380160606060606,66000000
Herbivores,0.20683760683760682,0.6380273432835821,67000000
Herbivores,0.20683760683760682,0.6380299117647059,68000000
Herbivores,0.20683760683760682,0.6380261449275363,69000000
Herbivores,0.20683760683760682,0.6380326857142857,70000000
Herbivores,0.20683760683760682,0.638034690140845,71000000
Herbivores,0.20683760683760682,0.6380353472222222,72000000
Herbivores,0.20683760683760682,0.6380337260273973,73000000
Herbivores,0.20683760683760682,0.6380268243243243,74000000
Herbivores,0.20683760683760682,0.6380345066666666,75000000
Herbivores,0.20683760683760682,0.6380284342105264,76000000
Herbivores,0.20683760683760682,0.6380277012987013,77000000
Herbivores,0.20683760683760682,0.6380324102564102,78000000
Herbivores,0.20683760683760682,0.638039,79000000
Herbivores,0.20683760683760682,0.6380334375,80000000
Herbivores,0.20683760683760682,0.6380193827160494,81000000
Herbivores,0.20683760683760682,0.6380152804878049,82000000
Herbivores,0.20683760683760682,0.6380138674698795,83000000
Herbivores,0.20683760683760682,0.6380111071428571,84000000
Herbivores,0.20683760683760682,0.638008,85000000
Herbivores,0.20683760683760682,0.6380058837209303,86000000
Herbivores,0.20683760683760682,0.6380169885057472,87000000
Herbivores,0.20683760683760682,0.6380259659090909,88000000
Herbivores,0.20683760683760682,0.6380319213483147,89000000
Herbivores,0.20683760683760682,0.6380315111111111,90000000
Herbivores,0.20683760683760682,0.6380318791208791,91000000
Herbivores,0.20683760683760682,0.6380224782608696,92000000
Herbivores,0.20683760683760682,0.638010559139785,93000000
Herbivores,0.20683760683760682,0.6380114787234042,94000000
Herbivores,0.20683760683760682,0.6380112,95000000
Herbivores,0.20683760683760682,0.63800903125,96000000
Herbivores,0.20683760683760682,0.6380127525773196,97000000
Herbivores,0.20683760683760682,0.6380018265306122,98000000
Herbivores,0.20683760683760682,0.6380034747474748,99000000
Herbivores,0.20683760683760682,0.63800158,100000000
