Primary_Producers,0.6851351351351351,0.502284,1000000
Primary_Producers,0.6851351351351351,0.5019855,2000000
Primary_Producers,0.6851351351351351,0.5018456666666666,3000000
Primary_Producers,0.6851351351351351,0.501912,4000000
Primary_Producers,0.6851351351351351,0.5020096,5000000
Primary_Producers,0.6851351351351351,0.5021791666666666,6000000
Primary_Producers,0.6851351351351351,0.5021367142857143,7000000
Primary_Producers,0.6851351351351351,0.50224025,8000000
Primary_Producers,0.6851351351351351,0.5022583333333334,9000000
Primary_Producers,0.6851351351351351,0.5023303,10000000
Primary_Producers,0.6851351351351351,0.502353,11000000
Primary_Producers,0.6851351351351351,0.5023153333333333,12000000
Primary_Producers,0.6851351351351351,0.5023338461538461,13000000
Primary_Producers,0.6851351351351351,0.5023502142857142,14000000
Primary_Producers,0.6851351351351351,0.5023675333333333,15000000
Primary_Producers,0.6851351351351351,0.502332125,16000000
Primary_Producers,0.6851351351351351,0.5022761764705882,17000000
Primary_Producers,0.6851351351351351,0.5022750555555555,18000000
Primary_Producers,0.6851351351351351,0.5023237368421053,19000000
Primary_Producers,0.6851351351351351,0.5023465,20000000
Primary_Producers,0.6851351351351351,0.5023351428571429,21000000
Primary_Producers,0.6851351351351351,0.502330909090909,22000000
Primary_Producers,0.6851351351351351,0.5023273913043478,23000000
Primary_Producers,0.6851351351351351,0.5023342083333333,24000000
Primary_Producers,0.6851351351351351,0.50233892,25000000
Primary_Producers,0.6851351351351351,0.5023338846153846,26000000
Primary_Producers,0.6851351351351351,0.5023271481481482,27000000
Primary_Producers,0.6851351351351351,0.5023533928571429,28000000
Primary_Producers,0.6851351351351351,0.502380827586207,29000000
Primary_Producers,0.6851351351351351,0.5023656333333333,30000000
Primary_Producers,0.6851351351351351,0.502341064516129,31000000
Primary_Producers,0.6851351351351351,0.50234996875,32000000
Primary_Producers,0.6851351351351351,0.5023508787878788,33000000
Primary_Producers,0.6851351351351351,0.5023538823529412,34000000
Primary_Producers,0.6851351351351351,0.5023558857142857,35000000
Primary_Producers,0.6851351351351351,0.5023623888888888,36000000
Primary_Producers,0.6851351351351351,0.5023635135135135,37000000
Primary_Producers,0.6851351351351351,0.5023864736842105,38000000
Primary_Producers,0.6851351351351351,0.5023949487179488,39000000
Primary_Producers,0.6851351351351351,0.50239245,40000000
Primary_Producers,0.6851351351351351,0.5023962926829268,41000000
Primary_Producers,0.6851351351351351,0.5023844285714286,42000000
Primary_Producers,0.6851351351351351,0.502398,43000000
Primary_Producers,0.6851351351351351,0.5023904545454545,44000000
Primary_Producers,0.6851351351351351,0.5024125333333334,45000000
Primary_Producers,0.6851351351351351,0.5024219782608695,46000000
Primary_Producers,0.6851351351351351,0.502422744680851,47000000
Primary_Producers,0.6851351351351351,0.5024302708333334,48000000
Primary_Producers,0.6851351351351351,0.5024267346938776,49000000
Primary_Producers,0.6851351351351351,0.50241546,50000000
Primary_Producers,0.6851351351351351,0.5024104901960784,51000000
Primary_Producers,0.6851351351351351,0.5024147115384615,52000000
Primary_Producers,0.6851351351351351,0.5024266226415094,53000000
Primary_Producers,0.6851351351351351,0.5024131666666667,54000000
Primary_Producers,0.6851351351351351,0.502426090909091,55000000
Primary_Producers,0.6851351351351351,0.5024357142857143,56000000
Primary_Producers,0.6851351351351351,0.5024451052631579,57000000
Primary_Producers,0.6851351351351351,0.5024604137931035,58000000
Primary_Producers,0.6851351351351351,0.5024651355932204,59000000
Primary_Producers,0.6851351351351351,0.5024714333333333,60000000
Primary_Producers,0.6851351351351351,0.5024842295081967,61000000
Primary_Producers,0.6851351351351351,0.502491129032258,62000000
Primary_Producers,0.6851351351351351,0.502491507936508,63000000
Primary_Producers,0.6851351351351351,0.502490421875,64000000
Primary_Producers,0.6851351351351351,0.5025015230769231,65000000
Primary_Producers,0.6851351351351351,0.5024970909090909,66000000
Primary_Producers,0.6851351351351351,0.5024935223880597,67000000
Primary_Producers,0.6851351351351351,0.5024884852941176,68000000
Primary_Producers,0.6851351351351351,0.5024914637681159,69000000
Primary_Producers,0.6851351351351351,0.5024998714285714,70000000
Primary_Producers,0.6851351351351351,0.5024962676056338,71000000
Primary_Producers,0.6851351351351351,0.5024910555555555,72000000
Primary_Producers,0.6851351351351351,0.5025076027397261,73000000
Primary_Producers,0.6851351351351351,0.5024973648648648,74000000
Primary_Producers,0.6851351351351351,0.5024940933333333,75000000
Primary_Producers,0.6851351351351351,0.502484552631579,76000000
Primary_Producers,0.6851351351351351,0.5024879480519481,77000000
Primary_Producers,0.6851351351351351,0.5024917179487179,78000000
Primary_Producers,0.6851351351351351,0.5024905949367089,79000000
Primary_Producers,0.6851351351351351,0.5024888125,80000000
Primary_Producers,0.6851351351351351,0.5024797407407408,81000000
Primary_Producers,0.6851351351351351,0.502472256097561,82000000
Primary_Producers,0.6851351351351351,0.5024636506024096,83000000
Primary_Producers,0.6851351351351351,0.5024753571428572,84000000
Primary_Producers,0.6851351351351351,0.5024685294117647,85000000
Primary_Producers,0.6851351351351351,0.5024808023255813,86000000
Primary_Producers,0.6851351351351351,0.5024827586206897,87000000
Primary_Producers,0.6851351351351351,0.5024710568181818,88000000
Primary_Producers,0.6851351351351351,0.5024745280898877,89000000
Primary_Producers,0.6851351351351351,0.5024777333333333,90000000
Primary_Producers,0.6851351351351351,0.5024733516483516,91000000
Primary_Producers,0.6851351351351351,0.5024734891304348,92000000
Primary_Producers,0.6851351351351351,0.5024760860215054,93000000
Primary_Producers,0.6851351351351351,0.5024771914893617,94000000
Primary_Producers,0.6851351351351351,0.5024807789473684,95000000
Primary_Producers,0.6851351351351351,0.5024866770833334,96000000
Primary_Producers,0.6851351351351351,0.5024904639175257,97000000
Primary_Producers,0.6851351351351351,0.5024937857142857,98000000
Primary_Producers,0.6851351351351351,0.5024947676767677,99000000
Primary_Producers,0.6851351351351351,0.50250245,100000000
