Herbivores,0.646778753161732,0.078135,1000000
Herbivores,0.646778753161732,0.078081,2000000
Herbivores,0.646778753161732,0.078197,3000000
Herbivores,0.646778753161732,0.0781165,4000000
Herbivores,0.646778753161732,0.07811,5000000
Herbivores,0.646778753161732,0.07807916666666667,6000000
Herbivores,0.646778753161732,0.07810028571428572,7000000
Herbivores,0.646778753161732,0.07810725,8000000
Herbivores,0.646778753161732,0.078124,9000000
Herbivores,0.646778753161732,0.078137,10000000
Herbivores,0.646778753161732,0.078135,11000000
Herbivores,0.646778753161732,0.0781585,12000000
Herbivores,0.646778753161732,0.07816676923076923,13000000
Herbivores,0.646778753161732,0.07818442857142857,14000000
Herbivores,0.646778753161732,0.07819946666666666,15000000
Herbivores,0.646778753161732,0.0781939375,16000000
Herbivores,0.646778753161732,0.07819088235294118,17000000
Herbivores,0.646778753161732,0.07818511111111111,18000000
Herbivores,0.646778753161732,0.07819131578947368,19000000
Herbivores,0.646778753161732,0.0781634,20000000
Herbivores,0.646778753161732,0.07815719047619048,21000000
Herbivores,0.646778753161732,0.0781625909090909,22000000
Herbivores,0.646778753161732,0.07816134782608695,23000000
Herbivores,0.646778753161732,0.07817120833333334,24000000
Herbivores,0.646778753161732,0.07817116,25000000
Herbivores,0.646778753161732,0.07816888461538461,26000000
Herbivores,0.646778753161732,0.07817537037037037,27000000
Herbivores,0.646778753161732,0.07819032142857144,28000000
Herbivores,0.646778753161732,0.07819503448275862,29000000
Herbivores,0.646778753161732,0.07820523333333333,30000000
Herbivores,0.646778753161732,0.0781991935483871,31000000
Herbivores,0.646778753161732,0.07820328125,32000000
Herbivores,0.646778753161732,0.07820524242424243,33000000
Herbivores,0.646778753161732,0.07819485294117647,34000000
Herbivores,0.646778753161732,0.07817691428571429,35000000
Herbivores,0.646778753161732,0.07819041666666667,36000000
Herbivores,0.646778753161732,0.07820008108108108,37000000
Herbivores,0.646778753161732,0.07820005263157895,38000000
Herbivores,0.646778753161732,0.07819623076923077,39000000
Herbivores,0.646778753161732,0.0781983,40000000
Herbivores,0.646778753161732,0.0782060243902439,41000000
Herbivores,0.646778753161732,0.07820157142857143,42000000
Herbivores,0.646778753161732,0.07821067441860464,43000000
Herbivores,0.646778753161732,0.07821593181818182,44000000
Herbivores,0.646778753161732,0.07821328888888888,45000000
Herbivores,0.646778753161732,0.07821382608695653,46000000
Herbivores,0.646778753161732,0.07820668085106383,47000000
Herbivores,0.646778753161732,0.07821433333333333,48000000
Herbivores,0.646778753161732,0.07821328571428571,49000000
Herbivores,0.646778753161732,0.07821078,50000000
Herbivores,0.646778753161732,0.07821143137254902,51000000
Herbivores,0.646778753161732,0.07821180769230769,52000000
Herbivores,0.646778753161732,0.07821062264150944,53000000
Herbivores,0.646778753161732,0.07820631481481481,54000000
Herbivores,0.646778753161732,0.07820554545454546,55000000
Herbivores,0.646778753161732,0.078210125,56000000
Herbivores,0.646778753161732,0.07820787719298246,57000000
Herbivores,0.646778753161732,0.07820829310344828,58000000
Herbivores,0.646778753161732,0.0782125593220339,59000000
Herbivores,0.646778753161732,0.07820725,60000000
Herbivores,0.646778753161732,0.07820765573770491,61000000
Herbivores,0.646778753161732,0.0782021935483871,62000000
Herbivores,0.646778753161732,0.07820292063492064,63000000
Herbivores,0.646778753161732,0.078204453125,64000000
Herbivores,0.646778753161732,0.07820369230769231,65000000
Herbivores,0.646778753161732,0.07819768181818182,66000000
Herbivores,0.646778753161732,0.07819462686567165,67000000
Herbivores,0.646778753161732,0.07819416176470588,68000000
Herbivores,0.646778753161732,0.07819998550724638,69000000
Herbivores,0.646778753161732,0.07820324285714286,70000000
Herbivores,0.646778753161732,0.078204,71000000
Herbivores,0.646778753161732,0.07820152777777778,72000000
Herbivores,0.646778753161732,0.07820886301369863,73000000
Herbivores,0.646778753161732,0.07820616216216217,74000000
Herbivores,0.646778753161732,0.07820782666666666,75000000
Herbivores,0.646778753161732,0.07820388157894737,76000000
Herbivores,0.646778753161732,0.07819893506493507,77000000
Herbivores,0.646778753161732,0.07819479487179487,78000000
Herbivores,0.646778753161732,0.07819686075949367,79000000
Herbivores,0.646778753161732,0.0781958875,80000000
Herbivores,0.646778753161732,0.07819218518518518,81000000
Herbivores,0.646778753161732,0.07819234146341464,82000000
Herbivores,0.646778753161732,0.07818707228915663,83000000
Herbivores,0.646778753161732,0.07818578571428571,84000000
Herbivores,0.646778753161732,0.07819118823529411,85000000
Herbivores,0.646778753161732,0.07819495348837209,86000000
Herbivores,0.646778753161732,0.07820032183908046,87000000
Herbivores,0.646778753161732,0.07820495454545455,88000000
Herbivores,0.646778753161732,0.07820595505617978,89000000
Herbivores,0.646778753161732,0.07820312222222223,90000000
Herbivores,0.646778753161732,0.07820527472527472,91000000
Herbivores,0.646778753161732,0.07820352173913044,92000000
Herbivores,0.646778753161732,0.07820750537634409,93000000
Herbivores,0.646778753161732,0.07820931914893617,94000000
Herbivores,0.646778753161732,0.0782081052631579,95000000
Herbivores,0.646778753161732,0.0782128125,96000000
Herbivores,0.646778753161732,0.07821863917525773,97000000
Herbivores,0.646778753161732,0.07822166326530612,98000000
Herbivores,0.646778753161732,0.07822148484848485,99000000
Herbivores,0.646778753161732,0.07822242,100000000
