Primary_Producers,0.6942857142857143,0.146192,1000000
Primary_Producers,0.6942857142857143,0.146112,2000000
Primary_Producers,0.6942857142857143,0.14631966666666665,3000000
Primary_Producers,0.6942857142857143,0.146294,4000000
Primary_Producers,0.6942857142857143,0.146265,5000000
Primary_Producers,0.6942857142857143,0.14634583333333334,6000000
Primary_Producers,0.6942857142857143,0.146209,7000000
Primary_Producers,0.6942857142857143,0.1462945,8000000
Primary_Producers,0.6942857142857143,0.14633433333333334,9000000
Primary_Producers,0.6942857142857143,0.1463219,10000000
Primary_Producers,0.6942857142857143,0.14634645454545456,11000000
Primary_Producers,0.6942857142857143,0.14634083333333334,12000000
Primary_Producers,0.6942857142857143,0.14641076923076923,13000000
Primary_Producers,0.6942857142857143,0.14641328571428572,14000000
Primary_Producers,0.6942857142857143,0.14641793333333333,15000000
Primary_Producers,0.6942857142857143,0.1464354375,16000000
Primary_Producers,0.6942857142857143,0.14641617647058824,17000000
Primary_Producers,0.6942857142857143,0.14643822222222222,18000000
Primary_Producers,0.6942857142857143,0.14645768421052632,19000000
Primary_Producers,0.6942857142857143,0.1464324,20000000
Primary_Producers,0.6942857142857143,0.14647585714285713,21000000
Primary_Producers,0.6942857142857143,0.1464845909090909,22000000
Primary_Producers,0.6942857142857143,0.14647921739130434,23000000
Primary_Producers,0.6942857142857143,0.14649904166666666,24000000
Primary_Producers,0.6942857142857143,0.1464978,25000000
Primary_Producers,0.6942857142857143,0.1465130769230769,26000000
Primary_Producers,0.6942857142857143,0.14652544444444446,27000000
Primary_Producers,0.6942857142857143,0.1465192857142857,28000000
Primary_Producers,0.6942857142857143,0.14653489655172414,29000000
Primary_Producers,0.6942857142857143,0.14652223333333333,30000000
Primary_Producers,0.6942857142857143,0.14654554838709677,31000000
Primary_Producers,0.6942857142857143,0.14656171875,32000000
Primary_Producers,0.6942857142857143,0.14655993939393938,33000000
Primary_Producers,0.6942857142857143,0.14656038235294117,34000000
Primary_Producers,0.6942857142857143,0.14655197142857143,35000000
Primary_Producers,0.6942857142857143,0.14655155555555555,36000000
Primary_Producers,0.6942857142857143,0.14654105405405404,37000000
Primary_Producers,0.6942857142857143,0.14654465789473684,38000000
Primary_Producers,0.6942857142857143,0.14655592307692308,39000000
Primary_Producers,0.6942857142857143,0.146565825,40000000
Primary_Producers,0.6942857142857143,0.14657748780487806,41000000
Primary_Producers,0.6942857142857143,0.14657471428571428,42000000
Primary_Producers,0.6942857142857143,0.14657632558139536,43000000
Primary_Producers,0.6942857142857143,0.14657038636363637,44000000
Primary_Producers,0.6942857142857143,0.14656313333333335,45000000
Primary_Producers,0.6942857142857143,0.14656452173913043,46000000
Primary_Producers,0.6942857142857143,0.1465687659574468,47000000
Primary_Producers,0.6942857142857143,0.14657335416666667,48000000
Primary_Producers,0.6942857142857143,0.14656851020408163,49000000
Primary_Producers,0.6942857142857143,0.14656488,50000000
Primary_Producers,0.6942857142857143,0.14656182352941177,51000000
Primary_Producers,0.6942857142857143,0.14655346153846155,52000000
Primary_Producers,0.6942857142857143,0.14655905660377358,53000000
Primary_Producers,0.6942857142857143,0.14655670370370372,54000000
Primary_Producers,0.6942857142857143,0.1465658,55000000
Primary_Producers,0.6942857142857143,0.14656835714285715,56000000
Primary_Producers,0.6942857142857143,0.14657373684210526,57000000
Primary_Producers,0.6942857142857143,0.1465841551724138,58000000
Primary_Producers,0.6942857142857143,0.1465822033898305,59000000
Primary_Producers,0.6942857142857143,0.1465806,60000000
Primary_Producers,0.6942857142857143,0.14658434426229508,61000000
Primary_Producers,0.6942857142857143,0.14658648387096773,62000000
Primary_Producers,0.6942857142857143,0.146587,63000000
Primary_Producers,0.6942857142857143,0.146585609375,64000000
Primary_Producers,0.6942857142857143,0.14657701538461537,65000000
Primary_Producers,0.6942857142857143,0.14659183333333334,66000000
Primary_Producers,0.6942857142857143,0.14658826865671643,67000000
Primary_Producers,0.6942857142857143,0.1465980294117647,68000000
Primary_Producers,0.6942857142857143,0.1465893188405797,69000000
Primary_Producers,0.6942857142857143,0.14658564285714284,70000000
Primary_Producers,0.6942857142857143,0.14658657746478873,71000000
Primary_Producers,0.6942857142857143,0.146587875,72000000
Primary_Producers,0.6942857142857143,0.14658506849315067,73000000
Primary_Producers,0.6942857142857143,0.14658595945945946,74000000
Primary_Producers,0.6942857142857143,0.14658241333333333,75000000
Primary_Producers,0.6942857142857143,0.1465852894736842,76000000
Primary_Producers,0.6942857142857143,0.14658484415584416,77000000
Primary_Producers,0.6942857142857143,0.14658942307692308,78000000
Primary_Producers,0.6942857142857143,0.14658779746835443,79000000
Primary_Producers,0.6942857142857143,0.1465858625,80000000
Primary_Producers,0.6942857142857143,0.14658946913580248,81000000
Primary_Producers,0.6942857142857143,0.14658578048780488,82000000
Primary_Producers,0.6942857142857143,0.1465790481927711,83000000
Primary_Producers,0.6942857142857143,0.14658092857142857,84000000
Primary_Producers,0.6942857142857143,0.14657694117647058,85000000
Primary_Producers,0.6942857142857143,0.14657616279069768,86000000
Primary_Producers,0.6942857142857143,0.1465680114942529,87000000
Primary_Producers,0.6942857142857143,0.14656721590909091,88000000
Primary_Producers,0.6942857142857143,0.14656678651685393,89000000
Primary_Producers,0.6942857142857143,0.14657032222222222,90000000
Primary_Producers,0.6942857142857143,0.146572989010989,91000000
Primary_Producers,0.6942857142857143,0.1465696304347826,92000000
Primary_Producers,0.6942857142857143,0.14656694623655914,93000000
Primary_Producers,0.6942857142857143,0.14656331914893617,94000000
Primary_Producers,0.6942857142857143,0.14656604210526317,95000000
Primary_Producers,0.6942857142857143,0.14656170833333335,96000000
Primary_Producers,0.6942857142857143,0.14655801030927834,97000000
Primary_Producers,0.6942857142857143,0.14654985714285715,98000000
Primary_Producers,0.6942857142857143,0.14655272727272728,99000000
Primary_Producers,0.6942857142857143,0.14655448,100000000
