Primary_Producers,0.8604651162790697,0.442883,1000000
Primary_Producers,0.8604651162790697,0.443036,2000000
Primary_Producers,0.8604651162790697,0.442835,3000000
Primary_Producers,0.8604651162790697,0.44294625,4000000
Primary_Producers,0.8604651162790697,0.442913,5000000
Primary_Producers,0.8604651162790697,0.443053,6000000
Primary_Producers,0.8604651162790697,0.4429977142857143,7000000
Primary_Producers,0.8604651162790697,0.443130625,8000000
Primary_Producers,0.8604651162790697,0.44308366666666665,9000000
Primary_Producers,0.8604651162790697,0.4431554,10000000
Primary_Producers,0.8604651162790697,0.44319854545454546,11000000
Primary_Producers,0.8604651162790697,0.44320475,12000000
Primary_Producers,0.8604651162790697,0.44318176923076924,13000000
Primary_Producers,0.8604651162790697,0.4432548571428571,14000000
Primary_Producers,0.8604651162790697,0.44327046666666664,15000000
Primary_Producers,0.8604651162790697,0.443276875,16000000
Primary_Producers,0.8604651162790697,0.44325776470588235,17000000
Primary_Producers,0.8604651162790697,0.44323633333333334,18000000
Primary_Producers,0.8604651162790697,0.44325826315789474,19000000
Primary_Producers,0.8604651162790697,0.44325955,20000000
Primary_Producers,0.8604651162790697,0.4432397619047619,21000000
Primary_Producers,0.8604651162790697,0.44321618181818184,22000000
Primary_Producers,0.8604651162790697,0.44319034782608696,23000000
Primary_Producers,0.8604651162790697,0.44320316666666665,24000000
Primary_Producers,0.8604651162790697,0.443234,25000000
Primary_Producers,0.8604651162790697,0.44322596153846155,26000000
Primary_Producers,0.8604651162790697,0.4432154814814815,27000000
Primary_Producers,0.8604651162790697,0.44322921428571427,28000000
Primary_Producers,0.8604651162790697,0.44321831034482756,29000000
Primary_Producers,0.8604651162790697,0.44320376666666667,30000000
Primary_Producers,0.8604651162790697,0.443194064516129,31000000
Primary_Producers,0.8604651162790697,0.44318496875,32000000
Primary_Producers,0.8604651162790697,0.44319257575757576,33000000
Primary_Producers,0.8604651162790697,0.4431659117647059,34000000
Primary_Producers,0.8604651162790697,0.44313748571428574,35000000
Primary_Producers,0.8604651162790697,0.44313505555555555,36000000
Primary_Producers,0.8604651162790697,0.4431437297297297,37000000
Primary_Producers,0.8604651162790697,0.44316497368421054,38000000
Primary_Producers,0.8604651162790697,0.44318328205128205,39000000
Primary_Producers,0.8604651162790697,0.443185675,40000000
Primary_Producers,0.8604651162790697,0.44317958536585367,41000000
Primary_Producers,0.8604651162790697,0.4431882380952381,42000000
Primary_Producers,0.8604651162790697,0.4431968604651163,43000000
Primary_Producers,0.8604651162790697,0.44319847727272726,44000000
Primary_Producers,0.8604651162790697,0.44320435555555554,45000000
Primary_Producers,0.8604651162790697,0.44320389130434784,46000000
Primary_Producers,0.8604651162790697,0.443194085106383,47000000
Primary_Producers,0.8604651162790697,0.44318485416666664,48000000
Primary_Producers,0.8604651162790697,0.4431806734693878,49000000
Primary_Producers,0.8604651162790697,0.44317882,50000000
Primary_Producers,0.8604651162790697,0.44317698039215686,51000000
Primary_Producers,0.8604651162790697,0.44317723076923077,52000000
Primary_Producers,0.8604651162790697,0.44318222641509436,53000000
Primary_Producers,0.8604651162790697,0.4431825,54000000
Primary_Producers,0.8604651162790697,0.44318307272727275,55000000
Primary_Producers,0.8604651162790697,0.44318148214285713,56000000
Primary_Producers,0.8604651162790697,0.44317698245614034,57000000
Primary_Producers,0.8604651162790697,0.4431770517241379,58000000
Primary_Producers,0.8604651162790697,0.4431792372881356,59000000
Primary_Producers,0.8604651162790697,0.44318033333333334,60000000
Primary_Producers,0.8604651162790697,0.44319318032786886,61000000
Primary_Producers,0.8604651162790697,0.44319004838709675,62000000
Primary_Producers,0.8604651162790697,0.44319909523809525,63000000
Primary_Producers,0.8604651162790697,0.443201234375,64000000
Primary_Producers,0.8604651162790697,0.4432098,65000000
Primary_Producers,0.8604651162790697,0.4432015303030303,66000000
Primary_Producers,0.8604651162790697,0.44321323880597013,67000000
Primary_Producers,0.8604651162790697,0.4431980588235294,68000000
Primary_Producers,0.8604651162790697,0.4432054782608696,69000000
Primary_Producers,0.8604651162790697,0.4432057857142857,70000000
Primary_Producers,0.8604651162790697,0.4432060281690141,71000000
Primary_Producers,0.8604651162790697,0.44321119444444446,72000000
Primary_Producers,0.8604651162790697,0.4432219726027397,73000000
Primary_Producers,0.8604651162790697,0.44321374324324325,74000000
Primary_Producers,0.8604651162790697,0.4432131066666667,75000000
Primary_Producers,0.8604651162790697,0.4432095394736842,76000000
Primary_Producers,0.8604651162790697,0.443213038961039,77000000
Primary_Producers,0.8604651162790697,0.44322132051282054,78000000
Primary_Producers,0.8604651162790697,0.4432123417721519,79000000
Primary_Producers,0.8604651162790697,0.4432145,80000000
Primary_Producers,0.8604651162790697,0.4432121234567901,81000000
Primary_Producers,0.8604651162790697,0.44321101219512193,82000000
Primary_Producers,0.8604651162790697,0.4432059277108434,83000000
Primary_Producers,0.8604651162790697,0.4432077738095238,84000000
Primary_Producers,0.8604651162790697,0.4432129411764706,85000000
Primary_Producers,0.8604651162790697,0.44322059302325584,86000000
Primary_Producers,0.8604651162790697,0.4432255517241379,87000000
Primary_Producers,0.8604651162790697,0.44322544318181817,88000000
Primary_Producers,0.8604651162790697,0.443220393258427,89000000
Primary_Producers,0.8604651162790697,0.44322202222222223,90000000
Primary_Producers,0.8604651162790697,0.44321275824175826,91000000
Primary_Producers,0.8604651162790697,0.4432222717391304,92000000
Primary_Producers,0.8604651162790697,0.4432264623655914,93000000
Primary_Producers,0.8604651162790697,0.4432289574468085,94000000
Primary_Producers,0.8604651162790697,0.44322854736842104,95000000
Primary_Producers,0.8604651162790697,0.443227375,96000000
Primary_Producers,0.8604651162790697,0.4432360206185567,97000000
Primary_Producers,0.8604651162790697,0.4432388469387755,98000000
Primary_Producers,0.8604651162790697,0.44323524242424245,99000000
Primary_Producers,0.8604651162790697,0.44323368,100000000
