Primary_Producers,0.7755102040816326,0.961331,1000000
Primary_Producers,0.7755102040816326,0.961324,2000000
Primary_Producers,0.7755102040816326,0.9612226666666667,3000000
Primary_Producers,0.7755102040816326,0.9612545,4000000
Primary_Producers,0.7755102040816326,0.9612666,5000000
Primary_Producers,0.7755102040816326,0.9612345,6000000
Primary_Producers,0.7755102040816326,0.961224,7000000
Primary_Producers,0.7755102040816326,0.9612495,8000000
Primary_Producers,0.7755102040816326,0.9612592222222223,9000000
Primary_Producers,0.7755102040816326,0.9612557,10000000
Primary_Producers,0.7755102040816326,0.9612807272727273,11000000
Primary_Producers,0.7755102040816326,0.9612765,12000000
Primary_Producers,0.7755102040816326,0.9612491538461538,13000000
Primary_Producers,0.7755102040816326,0.9612341428571428,14000000
Primary_Producers,0.7755102040816326,0.9612498666666667,15000000
Primary_Producers,0.7755102040816326,0.961234,16000000
Primary_Producers,0.7755102040816326,0.9612488823529411,17000000
Primary_Producers,0.7755102040816326,0.9612511666666667,18000000
Primary_Producers,0.7755102040816326,0.9612476842105263,19000000
Primary_Producers,0.7755102040816326,0.96125705,20000000
Primary_Producers,0.7755102040816326,0.9612711428571429,21000000
Primary_Producers,0.7755102040816326,0.9612658636363637,22000000
Primary_Producers,0.7755102040816326,0.9612578695652174,23000000
Primary_Producers,0.7755102040816326,0.9612647083333333,24000000
Primary_Producers,0.7755102040816326,0.96126656,25000000
Primary_Producers,0.7755102040816326,0.9612762307692307,26000000
Primary_Producers,0.7755102040816326,0.9612721481481481,27000000
Primary_Producers,0.7755102040816326,0.9612709642857142,28000000
Primary_Producers,0.7755102040816326,0.9612782758620689,29000000
Primary_Producers,0.7755102040816326,0.9612835666666667,30000000
Primary_Producers,0.7755102040816326,0.9612782580645162,31000000
Primary_Producers,0.7755102040816326,0.96127846875,32000000
Primary_Producers,0.7755102040816326,0.9612791818181818,33000000
Primary_Producers,0.7755102040816326,0.9612888823529412,34000000
Primary_Producers,0.7755102040816326,0.9612866285714285,35000000
Primary_Producers,0.7755102040816326,0.9612883055555556,36000000
Primary_Producers,0.7755102040816326,0.9612863783783784,37000000
Primary_Producers,0.7755102040816326,0.9612857894736843,38000000
Primary_Producers,0.7755102040816326,0.9612834871794872,39000000
Primary_Producers,0.7755102040816326,0.961276825,40000000
Primary_Producers,0.7755102040816326,0.9612781951219512,41000000
Primary_Producers,0.7755102040816326,0.9612825,42000000
Primary_Producers,0.7755102040816326,0.9612806046511628,43000000
Primary_Producers,0.7755102040816326,0.9612830681818182,44000000
Primary_Producers,0.7755102040816326,0.9612865555555555,45000000
Primary_Producers,0.7755102040816326,0.9612844347826087,46000000
Primary_Producers,0.7755102040816326,0.961279,47000000
Primary_Producers,0.7755102040816326,0.9612761458333333,48000000
Primary_Producers,0.7755102040816326,0.9612763673469388,49000000
Primary_Producers,0.7755102040816326,0.96127218,50000000
Primary_Producers,0.7755102040816326,0.9612669411764706,51000000
Primary_Producers,0.7755102040816326,0.9612668846153846,52000000
Primary_Producers,0.7755102040816326,0.9612642075471698,53000000
Primary_Producers,0.7755102040816326,0.9612610185185185,54000000
Primary_Producers,0.7755102040816326,0.9612636,55000000
Primary_Producers,0.7755102040816326,0.9612630178571429,56000000
Primary_Producers,0.7755102040816326,0.9612635614035088,57000000
Primary_Producers,0.7755102040816326,0.9612638793103448,58000000
Primary_Producers,0.7755102040816326,0.9612677966101695,59000000
Primary_Producers,0.7755102040816326,0.9612717666666667,60000000
Primary_Producers,0.7755102040816326,0.9612722950819672,61000000
Primary_Producers,0.7755102040816326,0.9612734032258065,62000000
Primary_Producers,0.7755102040816326,0.9612789523809524,63000000
Primary_Producers,0.7755102040816326,0.961281125,64000000
Primary_Producers,0.7755102040816326,0.9612795230769231,65000000
Primary_Producers,0.7755102040816326,0.9612776363636364,66000000
Primary_Producers,0.7755102040816326,0.9612799850746269,67000000
Primary_Producers,0.7755102040816326,0.9612803529411764,68000000
Primary_Producers,0.7755102040816326,0.961280347826087,69000000
Primary_Producers,0.7755102040816326,0.9612836857142857,70000000
Primary_Producers,0.7755102040816326,0.961283338028169,71000000
Primary_Producers,0.7755102040816326,0.9612833333333334,72000000
Primary_Producers,0.7755102040816326,0.9612810821917808,73000000
Primary_Producers,0.7755102040816326,0.9612847162162163,74000000
Primary_Producers,0.7755102040816326,0.96128616,75000000
Primary_Producers,0.7755102040816326,0.9612892631578948,76000000
Primary_Producers,0.7755102040816326,0.9612895974025975,77000000
Primary_Producers,0.7755102040816326,0.9612917179487179,78000000
Primary_Producers,0.7755102040816326,0.9612940379746835,79000000
Primary_Producers,0.7755102040816326,0.961292775,80000000
Primary_Producers,0.7755102040816326,0.9612885185185185,81000000
Primary_Producers,0.7755102040816326,0.961290256097561,82000000
Primary_Producers,0.7755102040816326,0.9612907831325301,83000000
Primary_Producers,0.7755102040816326,0.9612926666666667,84000000
Primary_Producers,0.7755102040816326,0.961289505882353,85000000
Primary_Producers,0.7755102040816326,0.9612921860465117,86000000
Primary_Producers,0.7755102040816326,0.9612902758620689,87000000
Primary_Producers,0.7755102040816326,0.9612923863636363,88000000
Primary_Producers,0.7755102040816326,0.9612917078651685,89000000
Primary_Producers,0.7755102040816326,0.9612932333333334,90000000
Primary_Producers,0.7755102040816326,0.9612902747252747,91000000
Primary_Producers,0.7755102040816326,0.9612925326086956,92000000
Primary_Producers,0.7755102040816326,0.9612927956989248,93000000
Primary_Producers,0.7755102040816326,0.9612955957446808,94000000
Primary_Producers,0.7755102040816326,0.9612935157894736,95000000
Primary_Producers,0.7755102040816326,0.96129109375,96000000
Primary_Producers,0.7755102040816326,0.961293762886598,97000000
Primary_Producers,0.7755102040816326,0.961296193877551,98000000
Primary_Producers,0.7755102040816326,0.9612955050505051,99000000
Primary_Producers,0.7755102040816326,0.96129862,100000000
