Parasites,0.3528714436248682,1.6e-5,1000000
Parasites,0.3528714436248682,1.55e-5,2000000
Parasites,0.3528714436248682,1.3333333333333333e-5,3000000
Parasites,0.3528714436248682,1.4e-5,4000000
Parasites,0.3528714436248682,1.48e-5,5000000
Parasites,0.3528714436248682,1.4166666666666666e-5,6000000
Parasites,0.3528714436248682,1.3714285714285714e-5,7000000
Parasites,0.3528714436248682,1.3e-5,8000000
Parasites,0.3528714436248682,1.2777777777777777e-5,9000000
Parasites,0.3528714436248682,1.3e-5,10000000
Parasites,0.3528714436248682,1.2818181818181818e-5,11000000
Parasites,0.3528714436248682,1.2833333333333333e-5,12000000
Parasites,0.3528714436248682,1.2692307692307693e-5,13000000
Parasites,0.3528714436248682,1.2571428571428572e-5,14000000
Parasites,0.3528714436248682,1.2666666666666667e-5,15000000
Parasites,0.3528714436248682,1.2625e-5,16000000
Parasites,0.3528714436248682,1.276470588235294e-5,17000000
Parasites,0.3528714436248682,1.3111111111111111e-5,18000000
Parasites,0.3528714436248682,1.3263157894736843e-5,19000000
Parasites,0.3528714436248682,1.355e-5,20000000
Parasites,0.3528714436248682,1.3380952380952382e-5,21000000
Parasites,0.3528714436248682,1.3181818181818183e-5,22000000
Parasites,0.3528714436248682,1.317391304347826e-5,23000000
Parasites,0.3528714436248682,1.325e-5,24000000
Parasites,0.3528714436248682,1.332e-5,25000000
Parasites,0.3528714436248682,1.3230769230769231e-5,26000000
Parasites,0.3528714436248682,1.2962962962962962e-5,27000000
Parasites,0.3528714436248682,1.3214285714285714e-5,28000000
Parasites,0.3528714436248682,1.3172413793103449e-5,29000000
Parasites,0.3528714436248682,1.3e-5,30000000
Parasites,0.3528714436248682,1.2903225806451613e-5,31000000
Parasites,0.3528714436248682,1.2875e-5,32000000
Parasites,0.3528714436248682,1.293939393939394e-5,33000000
Parasites,0.3528714436248682,1.311764705882353e-5,34000000
Parasites,0.3528714436248682,1.3285714285714287e-5,35000000
Parasites,0.3528714436248682,1.3527777777777778e-5,36000000
Parasites,0.3528714436248682,1.3486486486486487e-5,37000000
Parasites,0.3528714436248682,1.3552631578947368e-5,38000000
Parasites,0.3528714436248682,1.335897435897436e-5,39000000
Parasites,0.3528714436248682,1.35e-5,40000000
Parasites,0.3528714436248682,1.3414634146341464e-5,41000000
Parasites,0.3528714436248682,1.3428571428571429e-5,42000000
Parasites,0.3528714436248682,1.341860465116279e-5,43000000
Parasites,0.3528714436248682,1.3431818181818182e-5,44000000
Parasites,0.3528714436248682,1.3377777777777778e-5,45000000
Parasites,0.3528714436248682,1.35e-5,46000000
Parasites,0.3528714436248682,1.348936170212766e-5,47000000
Parasites,0.3528714436248682,1.35625e-5,48000000
Parasites,0.3528714436248682,1.3632653061224489e-5,49000000
Parasites,0.3528714436248682,1.362e-5,50000000
Parasites,0.3528714436248682,1.3666666666666667e-5,51000000
Parasites,0.3528714436248682,1.3557692307692308e-5,52000000
Parasites,0.3528714436248682,1.3660377358490567e-5,53000000
Parasites,0.3528714436248682,1.3685185185185185e-5,54000000
Parasites,0.3528714436248682,1.3763636363636364e-5,55000000
Parasites,0.3528714436248682,1.3732142857142856e-5,56000000
Parasites,0.3528714436248682,1.3719298245614036e-5,57000000
Parasites,0.3528714436248682,1.3603448275862069e-5,58000000
Parasites,0.3528714436248682,1.3576271186440678e-5,59000000
Parasites,0.3528714436248682,1.3566666666666667e-5,60000000
Parasites,0.3528714436248682,1.3459016393442623e-5,61000000
Parasites,0.3528714436248682,1.3451612903225807e-5,62000000
Parasites,0.3528714436248682,1.3380952380952382e-5,63000000
Parasites,0.3528714436248682,1.3359375e-5,64000000
Parasites,0.3528714436248682,1.3261538461538462e-5,65000000
Parasites,0.3528714436248682,1.3287878787878787e-5,66000000
Parasites,0.3528714436248682,1.3328358208955225e-5,67000000
Parasites,0.3528714436248682,1.3308823529411765e-5,68000000
Parasites,0.3528714436248682,1.3260869565217392e-5,69000000
Parasites,0.3528714436248682,1.33e-5,70000000
Parasites,0.3528714436248682,1.3366197183098592e-5,71000000
Parasites,0.3528714436248682,1.3444444444444445e-5,72000000
Parasites,0.3528714436248682,1.3506849315068494e-5,73000000
Parasites,0.3528714436248682,1.3513513513513513e-5,74000000
Parasites,0.3528714436248682,1.3573333333333333e-5,75000000
Parasites,0.3528714436248682,1.3513157894736842e-5,76000000
Parasites,0.3528714436248682,1.3467532467532468e-5,77000000
Parasites,0.3528714436248682,1.3525641025641026e-5,78000000
Parasites,0.3528714436248682,1.3468354430379747e-5,79000000
Parasites,0.3528714436248682,1.3425e-5,80000000
Parasites,0.3528714436248682,1.3432098765432098e-5,81000000
Parasites,0.3528714436248682,1.3439024390243902e-5,82000000
Parasites,0.3528714436248682,1.3457831325301204e-5,83000000
Parasites,0.3528714436248682,1.3476190476190477e-5,84000000
Parasites,0.3528714436248682,1.3411764705882353e-5,85000000
Parasites,0.3528714436248682,1.3465116279069768e-5,86000000
Parasites,0.3528714436248682,1.3482758620689654e-5,87000000
Parasites,0.3528714436248682,1.3454545454545455e-5,88000000
Parasites,0.3528714436248682,1.355056179775281e-5,89000000
Parasites,0.3528714436248682,1.3577777777777778e-5,90000000
Parasites,0.3528714436248682,1.3538461538461539e-5,91000000
Parasites,0.3528714436248682,1.3543478260869566e-5,92000000
Parasites,0.3528714436248682,1.353763440860215e-5,93000000
Parasites,0.3528714436248682,1.351063829787234e-5,94000000
Parasites,0.3528714436248682,1.3536842105263158e-5,95000000
Parasites,0.3528714436248682,1.3479166666666666e-5,96000000
Parasites,0.3528714436248682,1.3505154639175258e-5,97000000
Parasites,0.3528714436248682,1.35e-5,98000000
Parasites,0.3528714436248682,1.3454545454545455e-5,99000000
Parasites,0.3528714436248682,1.346e-5,100000000
