Primary_Producers,0.7692307692307693,0.0,1000000
Primary_Producers,0.7692307692307693,5.0e-7,2000000
Primary_Producers,0.7692307692307693,3.3333333333333335e-7,3000000
Primary_Producers,0.7692307692307693,5.0e-7,4000000
Primary_Producers,0.7692307692307693,4.0e-7,5000000
Primary_Producers,0.7692307692307693,5.0e-7,6000000
Primary_Producers,0.7692307692307693,5.714285714285714e-7,7000000
Primary_Producers,0.7692307692307693,6.25e-7,8000000
Primary_Producers,0.7692307692307693,8.888888888888889e-7,9000000
Primary_Producers,0.7692307692307693,9.0e-7,10000000
Primary_Producers,0.7692307692307693,9.09090909090909e-7,11000000
Primary_Producers,0.7692307692307693,9.166666666666666e-7,12000000
Primary_Producers,0.7692307692307693,8.461538461538462e-7,13000000
Primary_Producers,0.7692307692307693,7.857142857142857e-7,14000000
Primary_Producers,0.7692307692307693,7.333333333333333e-7,15000000
Primary_Producers,0.7692307692307693,7.5e-7,16000000
Primary_Producers,0.7692307692307693,7.058823529411765e-7,17000000
Primary_Producers,0.7692307692307693,6.666666666666667e-7,18000000
Primary_Producers,0.7692307692307693,6.315789473684211e-7,19000000
Primary_Producers,0.7692307692307693,7.0e-7,20000000
Primary_Producers,0.7692307692307693,7.142857142857143e-7,21000000
Primary_Producers,0.7692307692307693,7.727272727272727e-7,22000000
Primary_Producers,0.7692307692307693,7.826086956521739e-7,23000000
Primary_Producers,0.7692307692307693,7.5e-7,24000000
Primary_Producers,0.7692307692307693,7.6e-7,25000000
Primary_Producers,0.7692307692307693,8.076923076923077e-7,26000000
Primary_Producers,0.7692307692307693,8.518518518518518e-7,27000000
Primary_Producers,0.7692307692307693,8.571428571428571e-7,28000000
Primary_Producers,0.7692307692307693,8.275862068965517e-7,29000000
Primary_Producers,0.7692307692307693,8.0e-7,30000000
Primary_Producers,0.7692307692307693,7.741935483870967e-7,31000000
Primary_Producers,0.7692307692307693,7.8125e-7,32000000
Primary_Producers,0.7692307692307693,8.181818181818182e-7,33000000
Primary_Producers,0.7692307692307693,7.941176470588235e-7,34000000
Primary_Producers,0.7692307692307693,7.714285714285714e-7,35000000
Primary_Producers,0.7692307692307693,7.777777777777778e-7,36000000
Primary_Producers,0.7692307692307693,7.567567567567568e-7,37000000
Primary_Producers,0.7692307692307693,7.368421052631579e-7,38000000
Primary_Producers,0.7692307692307693,7.179487179487179e-7,39000000
Primary_Producers,0.7692307692307693,7.0e-7,40000000
Primary_Producers,0.7692307692307693,7.073170731707318e-7,41000000
Primary_Producers,0.7692307692307693,6.904761904761905e-7,42000000
Primary_Producers,0.7692307692307693,6.976744186046511e-7,43000000
Primary_Producers,0.7692307692307693,6.818181818181818e-7,44000000
Primary_Producers,0.7692307692307693,6.666666666666667e-7,45000000
Primary_Producers,0.7692307692307693,6.521739130434783e-7,46000000
Primary_Producers,0.7692307692307693,6.595744680851064e-7,47000000
Primary_Producers,0.7692307692307693,6.666666666666667e-7,48000000
Primary_Producers,0.7692307692307693,6.73469387755102e-7,49000000
Primary_Producers,0.7692307692307693,6.8e-7,50000000
Primary_Producers,0.7692307692307693,6.666666666666667e-7,51000000
Primary_Producers,0.7692307692307693,6.538461538461538e-7,52000000
Primary_Producers,0.7692307692307693,6.60377358490566e-7,53000000
Primary_Producers,0.7692307692307693,6.666666666666667e-7,54000000
Primary_Producers,0.7692307692307693,6.909090909090909e-7,55000000
Primary_Producers,0.7692307692307693,6.785714285714286e-7,56000000
Primary_Producers,0.7692307692307693,6.842105263157895e-7,57000000
Primary_Producers,0.7692307692307693,7.241379310344827e-7,58000000
Primary_Producers,0.7692307692307693,7.288135593220338e-7,59000000
Primary_Producers,0.7692307692307693,7.666666666666667e-7,60000000
Primary_Producers,0.7692307692307693,7.704918032786885e-7,61000000
Primary_Producers,0.7692307692307693,7.580645161290323e-7,62000000
Primary_Producers,0.7692307692307693,7.619047619047619e-7,63000000
Primary_Producers,0.7692307692307693,7.5e-7,64000000
Primary_Producers,0.7692307692307693,7.538461538461538e-7,65000000
Primary_Producers,0.7692307692307693,7.727272727272727e-7,66000000
Primary_Producers,0.7692307692307693,7.761194029850746e-7,67000000
Primary_Producers,0.7692307692307693,7.794117647058823e-7,68000000
Primary_Producers,0.7692307692307693,7.681159420289855e-7,69000000
Primary_Producers,0.7692307692307693,7.714285714285714e-7,70000000
Primary_Producers,0.7692307692307693,7.605633802816901e-7,71000000
Primary_Producers,0.7692307692307693,7.5e-7,72000000
Primary_Producers,0.7692307692307693,7.534246575342466e-7,73000000
Primary_Producers,0.7692307692307693,7.567567567567568e-7,74000000
Primary_Producers,0.7692307692307693,7.6e-7,75000000
Primary_Producers,0.7692307692307693,7.5e-7,76000000
Primary_Producers,0.7692307692307693,7.532467532467532e-7,77000000
Primary_Producers,0.7692307692307693,7.564102564102564e-7,78000000
Primary_Producers,0.7692307692307693,7.721518987341772e-7,79000000
Primary_Producers,0.7692307692307693,7.625e-7,80000000
Primary_Producers,0.7692307692307693,7.777777777777778e-7,81000000
Primary_Producers,0.7692307692307693,7.926829268292683e-7,82000000
Primary_Producers,0.7692307692307693,7.951807228915663e-7,83000000
Primary_Producers,0.7692307692307693,7.857142857142857e-7,84000000
Primary_Producers,0.7692307692307693,8.0e-7,85000000
Primary_Producers,0.7692307692307693,8.13953488372093e-7,86000000
Primary_Producers,0.7692307692307693,8.275862068965517e-7,87000000
Primary_Producers,0.7692307692307693,8.409090909090909e-7,88000000
Primary_Producers,0.7692307692307693,8.539325842696629e-7,89000000
Primary_Producers,0.7692307692307693,8.444444444444444e-7,90000000
Primary_Producers,0.7692307692307693,8.351648351648351e-7,91000000
Primary_Producers,0.7692307692307693,8.369565217391304e-7,92000000
Primary_Producers,0.7692307692307693,8.387096774193549e-7,93000000
Primary_Producers,0.7692307692307693,8.723404255319149e-7,94000000
Primary_Producers,0.7692307692307693,8.947368421052631e-7,95000000
Primary_Producers,0.7692307692307693,8.854166666666666e-7,96000000
Primary_Producers,0.7692307692307693,8.762886597938144e-7,97000000
Primary_Producers,0.7692307692307693,8.775510204081632e-7,98000000
Primary_Producers,0.7692307692307693,8.787878787878787e-7,99000000
Primary_Producers,0.7692307692307693,8.8e-7,100000000
