Primary_Producers,0.8650982727814175,0.137136,1000000
Primary_Producers,0.8650982727814175,0.137156,2000000
Primary_Producers,0.8650982727814175,0.137217,3000000
Primary_Producers,0.8650982727814175,0.13709375,4000000
Primary_Producers,0.8650982727814175,0.1370512,5000000
Primary_Producers,0.8650982727814175,0.13697433333333334,6000000
Primary_Producers,0.8650982727814175,0.13697242857142858,7000000
Primary_Producers,0.8650982727814175,0.136893,8000000
Primary_Producers,0.8650982727814175,0.136842,9000000
Primary_Producers,0.8650982727814175,0.1368107,10000000
Primary_Producers,0.8650982727814175,0.13682854545454545,11000000
Primary_Producers,0.8650982727814175,0.13686608333333333,12000000
Primary_Producers,0.8650982727814175,0.1368233076923077,13000000
Primary_Producers,0.8650982727814175,0.1368312857142857,14000000
Primary_Producers,0.8650982727814175,0.13683933333333334,15000000
Primary_Producers,0.8650982727814175,0.13686875,16000000
Primary_Producers,0.8650982727814175,0.13686429411764706,17000000
Primary_Producers,0.8650982727814175,0.13689322222222222,18000000
Primary_Producers,0.8650982727814175,0.136881,19000000
Primary_Producers,0.8650982727814175,0.13686975,20000000
Primary_Producers,0.8650982727814175,0.1368498095238095,21000000
Primary_Producers,0.8650982727814175,0.13684377272727272,22000000
Primary_Producers,0.8650982727814175,0.1368431304347826,23000000
Primary_Producers,0.8650982727814175,0.13684529166666667,24000000
Primary_Producers,0.8650982727814175,0.13683768,25000000
Primary_Producers,0.8650982727814175,0.1368468846153846,26000000
Primary_Producers,0.8650982727814175,0.1368572222222222,27000000
Primary_Producers,0.8650982727814175,0.13686425,28000000
Primary_Producers,0.8650982727814175,0.13686472413793102,29000000
Primary_Producers,0.8650982727814175,0.13687466666666667,30000000
Primary_Producers,0.8650982727814175,0.13689135483870968,31000000
Primary_Producers,0.8650982727814175,0.1369026875,32000000
Primary_Producers,0.8650982727814175,0.1369071212121212,33000000
Primary_Producers,0.8650982727814175,0.13689994117647059,34000000
Primary_Producers,0.8650982727814175,0.13689957142857143,35000000
Primary_Producers,0.8650982727814175,0.1369075,36000000
Primary_Producers,0.8650982727814175,0.13689978378378378,37000000
Primary_Producers,0.8650982727814175,0.1369024210526316,38000000
Primary_Producers,0.8650982727814175,0.13690176923076924,39000000
Primary_Producers,0.8650982727814175,0.136911225,40000000
Primary_Producers,0.8650982727814175,0.13689763414634146,41000000
Primary_Producers,0.8650982727814175,0.13688926190476192,42000000
Primary_Producers,0.8650982727814175,0.13688779069767443,43000000
Primary_Producers,0.8650982727814175,0.13687745454545455,44000000
Primary_Producers,0.8650982727814175,0.1368709111111111,45000000
Primary_Producers,0.8650982727814175,0.13686923913043478,46000000
Primary_Producers,0.8650982727814175,0.1368766595744681,47000000
Primary_Producers,0.8650982727814175,0.13687189583333334,48000000
Primary_Producers,0.8650982727814175,0.13689332653061226,49000000
Primary_Producers,0.8650982727814175,0.1368978,50000000
Primary_Producers,0.8650982727814175,0.1369042549019608,51000000
Primary_Producers,0.8650982727814175,0.136899,52000000
Primary_Producers,0.8650982727814175,0.13689830188679245,53000000
Primary_Producers,0.8650982727814175,0.1368932037037037,54000000
Primary_Producers,0.8650982727814175,0.13689041818181819,55000000
Primary_Producers,0.8650982727814175,0.13689992857142858,56000000
Primary_Producers,0.8650982727814175,0.13689750877192983,57000000
Primary_Producers,0.8650982727814175,0.13689593103448275,58000000
Primary_Producers,0.8650982727814175,0.13689518644067797,59000000
Primary_Producers,0.8650982727814175,0.1368884,60000000
Primary_Producers,0.8650982727814175,0.13689545901639344,61000000
Primary_Producers,0.8650982727814175,0.13689579032258065,62000000
Primary_Producers,0.8650982727814175,0.13688960317460316,63000000
Primary_Producers,0.8650982727814175,0.136896609375,64000000
Primary_Producers,0.8650982727814175,0.13689644615384616,65000000
Primary_Producers,0.8650982727814175,0.1369071212121212,66000000
Primary_Producers,0.8650982727814175,0.13690367164179104,67000000
Primary_Producers,0.8650982727814175,0.1369058088235294,68000000
Primary_Producers,0.8650982727814175,0.13690730434782608,69000000
Primary_Producers,0.8650982727814175,0.13690554285714285,70000000
Primary_Producers,0.8650982727814175,0.13690650704225352,71000000
Primary_Producers,0.8650982727814175,0.1369067638888889,72000000
Primary_Producers,0.8650982727814175,0.13690464383561643,73000000
Primary_Producers,0.8650982727814175,0.1369104864864865,74000000
Primary_Producers,0.8650982727814175,0.13691272,75000000
Primary_Producers,0.8650982727814175,0.13691236842105264,76000000
Primary_Producers,0.8650982727814175,0.1369222077922078,77000000
Primary_Producers,0.8650982727814175,0.13691452564102563,78000000
Primary_Producers,0.8650982727814175,0.13691563291139242,79000000
Primary_Producers,0.8650982727814175,0.1369168625,80000000
Primary_Producers,0.8650982727814175,0.13692974074074074,81000000
Primary_Producers,0.8650982727814175,0.13692471951219512,82000000
Primary_Producers,0.8650982727814175,0.13692361445783133,83000000
Primary_Producers,0.8650982727814175,0.1369252380952381,84000000
Primary_Producers,0.8650982727814175,0.13692458823529413,85000000
Primary_Producers,0.8650982727814175,0.1369250930232558,86000000
Primary_Producers,0.8650982727814175,0.1369253908045977,87000000
Primary_Producers,0.8650982727814175,0.13692810227272728,88000000
Primary_Producers,0.8650982727814175,0.13692512359550563,89000000
Primary_Producers,0.8650982727814175,0.13692427777777777,90000000
Primary_Producers,0.8650982727814175,0.13693405494505495,91000000
Primary_Producers,0.8650982727814175,0.13693885869565217,92000000
Primary_Producers,0.8650982727814175,0.13693563440860215,93000000
Primary_Producers,0.8650982727814175,0.13693867021276596,94000000
Primary_Producers,0.8650982727814175,0.13693805263157896,95000000
Primary_Producers,0.8650982727814175,0.13693820833333334,96000000
Primary_Producers,0.8650982727814175,0.1369369381443299,97000000
Primary_Producers,0.8650982727814175,0.1369390306122449,98000000
Primary_Producers,0.8650982727814175,0.1369399898989899,99000000
Primary_Producers,0.8650982727814175,0.13693946,100000000
