Consumers,0.40336509827278144,0.000472,1000000
Consumers,0.40336509827278144,0.000483,2000000
Consumers,0.40336509827278144,0.00048466666666666667,3000000
Consumers,0.40336509827278144,0.00050375,4000000
Consumers,0.40336509827278144,0.0005126,5000000
Consumers,0.40336509827278144,0.0005081666666666666,6000000
Consumers,0.40336509827278144,0.000509,7000000
Consumers,0.40336509827278144,0.000505875,8000000
Consumers,0.40336509827278144,0.0005085555555555556,9000000
Consumers,0.40336509827278144,0.0005053,10000000
Consumers,0.40336509827278144,0.000507,11000000
Consumers,0.40336509827278144,0.00050675,12000000
Consumers,0.40336509827278144,0.0005076923076923077,13000000
Consumers,0.40336509827278144,0.0005076428571428571,14000000
Consumers,0.40336509827278144,0.0005088666666666667,15000000
Consumers,0.40336509827278144,0.000506375,16000000
Consumers,0.40336509827278144,0.0005065294117647059,17000000
Consumers,0.40336509827278144,0.0005090555555555556,18000000
Consumers,0.40336509827278144,0.0005097368421052631,19000000
Consumers,0.40336509827278144,0.000511,20000000
Consumers,0.40336509827278144,0.0005102857142857143,21000000
Consumers,0.40336509827278144,0.0005106363636363636,22000000
Consumers,0.40336509827278144,0.0005105652173913043,23000000
Consumers,0.40336509827278144,0.0005112083333333333,24000000
Consumers,0.40336509827278144,0.00051172,25000000
Consumers,0.40336509827278144,0.0005116923076923077,26000000
Consumers,0.40336509827278144,0.000511962962962963,27000000
Consumers,0.40336509827278144,0.0005110714285714285,28000000
Consumers,0.40336509827278144,0.0005107241379310345,29000000
Consumers,0.40336509827278144,0.0005104333333333333,30000000
Consumers,0.40336509827278144,0.0005112258064516129,31000000
Consumers,0.40336509827278144,0.0005104375,32000000
Consumers,0.40336509827278144,0.0005105757575757575,33000000
Consumers,0.40336509827278144,0.0005104411764705882,34000000
Consumers,0.40336509827278144,0.0005102857142857143,35000000
Consumers,0.40336509827278144,0.0005113611111111111,36000000
Consumers,0.40336509827278144,0.0005114054054054054,37000000
Consumers,0.40336509827278144,0.000511078947368421,38000000
Consumers,0.40336509827278144,0.0005109230769230769,39000000
Consumers,0.40336509827278144,0.000511625,40000000
Consumers,0.40336509827278144,0.0005124390243902439,41000000
Consumers,0.40336509827278144,0.0005129047619047619,42000000
Consumers,0.40336509827278144,0.0005124651162790697,43000000
Consumers,0.40336509827278144,0.0005123409090909091,44000000
Consumers,0.40336509827278144,0.0005122888888888889,45000000
Consumers,0.40336509827278144,0.0005118695652173913,46000000
Consumers,0.40336509827278144,0.0005125744680851064,47000000
Consumers,0.40336509827278144,0.0005119791666666667,48000000
Consumers,0.40336509827278144,0.0005121224489795918,49000000
Consumers,0.40336509827278144,0.0005122,50000000
Consumers,0.40336509827278144,0.0005123921568627451,51000000
Consumers,0.40336509827278144,0.0005127307692307692,52000000
Consumers,0.40336509827278144,0.0005120754716981133,53000000
Consumers,0.40336509827278144,0.0005123518518518518,54000000
Consumers,0.40336509827278144,0.0005125454545454545,55000000
Consumers,0.40336509827278144,0.0005125714285714285,56000000
Consumers,0.40336509827278144,0.0005124912280701754,57000000
Consumers,0.40336509827278144,0.0005126551724137931,58000000
Consumers,0.40336509827278144,0.0005128305084745763,59000000
Consumers,0.40336509827278144,0.0005126,60000000
Consumers,0.40336509827278144,0.000512327868852459,61000000
Consumers,0.40336509827278144,0.0005119032258064516,62000000
Consumers,0.40336509827278144,0.0005117142857142857,63000000
Consumers,0.40336509827278144,0.0005113125,64000000
Consumers,0.40336509827278144,0.0005113384615384615,65000000
Consumers,0.40336509827278144,0.0005113636363636364,66000000
Consumers,0.40336509827278144,0.0005111641791044776,67000000
Consumers,0.40336509827278144,0.0005113823529411765,68000000
Consumers,0.40336509827278144,0.000511536231884058,69000000
Consumers,0.40336509827278144,0.0005116428571428571,70000000
Consumers,0.40336509827278144,0.0005117183098591549,71000000
Consumers,0.40336509827278144,0.0005118888888888889,72000000
Consumers,0.40336509827278144,0.0005117260273972602,73000000
Consumers,0.40336509827278144,0.0005117567567567568,74000000
Consumers,0.40336509827278144,0.0005114133333333333,75000000
Consumers,0.40336509827278144,0.0005112368421052631,76000000
Consumers,0.40336509827278144,0.0005114415584415585,77000000
Consumers,0.40336509827278144,0.0005112564102564103,78000000
Consumers,0.40336509827278144,0.0005111392405063291,79000000
Consumers,0.40336509827278144,0.0005108625,80000000
Consumers,0.40336509827278144,0.0005104320987654321,81000000
Consumers,0.40336509827278144,0.0005102560975609756,82000000
Consumers,0.40336509827278144,0.0005101807228915662,83000000
Consumers,0.40336509827278144,0.000509797619047619,84000000
Consumers,0.40336509827278144,0.0005099294117647059,85000000
Consumers,0.40336509827278144,0.0005103953488372093,86000000
Consumers,0.40336509827278144,0.0005102988505747126,87000000
Consumers,0.40336509827278144,0.0005103522727272728,88000000
Consumers,0.40336509827278144,0.0005102359550561798,89000000
Consumers,0.40336509827278144,0.0005102333333333333,90000000
Consumers,0.40336509827278144,0.0005106923076923077,91000000
Consumers,0.40336509827278144,0.0005109021739130435,92000000
Consumers,0.40336509827278144,0.0005107849462365592,93000000
Consumers,0.40336509827278144,0.0005108617021276595,94000000
Consumers,0.40336509827278144,0.0005114105263157895,95000000
Consumers,0.40336509827278144,0.0005113854166666667,96000000
Consumers,0.40336509827278144,0.0005114226804123712,97000000
Consumers,0.40336509827278144,0.0005113163265306123,98000000
Consumers,0.40336509827278144,0.0005114848484848484,99000000
Consumers,0.40336509827278144,0.00051132,100000000
