Primary_Producers,0.7848038486336358,0.918454,1000000
Primary_Producers,0.7848038486336358,0.9182995,2000000
Primary_Producers,0.7848038486336358,0.9183173333333333,3000000
Primary_Producers,0.7848038486336358,0.918248,4000000
Primary_Producers,0.7848038486336358,0.9182042,5000000
Primary_Producers,0.7848038486336358,0.9182006666666667,6000000
Primary_Producers,0.7848038486336358,0.9181801428571429,7000000
Primary_Producers,0.7848038486336358,0.91813375,8000000
Primary_Producers,0.7848038486336358,0.9181178888888889,9000000
Primary_Producers,0.7848038486336358,0.9180926,10000000
Primary_Producers,0.7848038486336358,0.9180876363636363,11000000
Primary_Producers,0.7848038486336358,0.9180753333333334,12000000
Primary_Producers,0.7848038486336358,0.9181058461538462,13000000
Primary_Producers,0.7848038486336358,0.9181085,14000000
Primary_Producers,0.7848038486336358,0.9181014666666667,15000000
Primary_Producers,0.7848038486336358,0.9181334375,16000000
Primary_Producers,0.7848038486336358,0.918136,17000000
Primary_Producers,0.7848038486336358,0.9181610555555556,18000000
Primary_Producers,0.7848038486336358,0.9181507894736842,19000000
Primary_Producers,0.7848038486336358,0.9181676,20000000
Primary_Producers,0.7848038486336358,0.9181700952380952,21000000
Primary_Producers,0.7848038486336358,0.9181671818181818,22000000
Primary_Producers,0.7848038486336358,0.9181672608695652,23000000
Primary_Producers,0.7848038486336358,0.9181682083333333,24000000
Primary_Producers,0.7848038486336358,0.91818468,25000000
Primary_Producers,0.7848038486336358,0.918181,26000000
Primary_Producers,0.7848038486336358,0.9181808888888889,27000000
Primary_Producers,0.7848038486336358,0.9181725,28000000
Primary_Producers,0.7848038486336358,0.9181751379310344,29000000
Primary_Producers,0.7848038486336358,0.9181679333333334,30000000
Primary_Producers,0.7848038486336358,0.9181633870967741,31000000
Primary_Producers,0.7848038486336358,0.9181798125,32000000
Primary_Producers,0.7848038486336358,0.9181867575757576,33000000
Primary_Producers,0.7848038486336358,0.9181901470588235,34000000
Primary_Producers,0.7848038486336358,0.9181825714285714,35000000
Primary_Producers,0.7848038486336358,0.9181886388888889,36000000
Primary_Producers,0.7848038486336358,0.9181857567567567,37000000
Primary_Producers,0.7848038486336358,0.918199052631579,38000000
Primary_Producers,0.7848038486336358,0.9181982051282052,39000000
Primary_Producers,0.7848038486336358,0.918200175,40000000
Primary_Producers,0.7848038486336358,0.9182051219512195,41000000
Primary_Producers,0.7848038486336358,0.9182068333333333,42000000
Primary_Producers,0.7848038486336358,0.918208976744186,43000000
Primary_Producers,0.7848038486336358,0.918219409090909,44000000
Primary_Producers,0.7848038486336358,0.9182192888888889,45000000
Primary_Producers,0.7848038486336358,0.9182187173913043,46000000
Primary_Producers,0.7848038486336358,0.9182113617021277,47000000
Primary_Producers,0.7848038486336358,0.9182019375,48000000
Primary_Producers,0.7848038486336358,0.9182078775510204,49000000
Primary_Producers,0.7848038486336358,0.91820888,50000000
Primary_Producers,0.7848038486336358,0.9182048823529412,51000000
Primary_Producers,0.7848038486336358,0.9181995192307693,52000000
Primary_Producers,0.7848038486336358,0.9181992830188679,53000000
Primary_Producers,0.7848038486336358,0.9181963148148148,54000000
Primary_Producers,0.7848038486336358,0.9181973272727273,55000000
Primary_Producers,0.7848038486336358,0.9181946785714286,56000000
Primary_Producers,0.7848038486336358,0.9181911403508772,57000000
Primary_Producers,0.7848038486336358,0.918183948275862,58000000
Primary_Producers,0.7848038486336358,0.9181799830508475,59000000
Primary_Producers,0.7848038486336358,0.9181708833333333,60000000
Primary_Producers,0.7848038486336358,0.9181771803278689,61000000
Primary_Producers,0.7848038486336358,0.9181739193548387,62000000
Primary_Producers,0.7848038486336358,0.9181776349206349,63000000
Primary_Producers,0.7848038486336358,0.918175328125,64000000
Primary_Producers,0.7848038486336358,0.9181840769230769,65000000
Primary_Producers,0.7848038486336358,0.9181864848484849,66000000
Primary_Producers,0.7848038486336358,0.9181905223880596,67000000
Primary_Producers,0.7848038486336358,0.9181920147058823,68000000
Primary_Producers,0.7848038486336358,0.9181984927536232,69000000
Primary_Producers,0.7848038486336358,0.9181966714285714,70000000
Primary_Producers,0.7848038486336358,0.918196690140845,71000000
Primary_Producers,0.7848038486336358,0.9181979305555555,72000000
Primary_Producers,0.7848038486336358,0.9181984383561644,73000000
Primary_Producers,0.7848038486336358,0.9182048918918919,74000000
Primary_Producers,0.7848038486336358,0.9182037333333334,75000000
Primary_Producers,0.7848038486336358,0.9182018289473685,76000000
Primary_Producers,0.7848038486336358,0.9182012727272727,77000000
Primary_Producers,0.7848038486336358,0.9182062564102564,78000000
Primary_Producers,0.7848038486336358,0.9182014050632912,79000000
Primary_Producers,0.7848038486336358,0.918200725,80000000
Primary_Producers,0.7848038486336358,0.9182031728395061,81000000
Primary_Producers,0.7848038486336358,0.9182016463414634,82000000
Primary_Producers,0.7848038486336358,0.9182073975903614,83000000
Primary_Producers,0.7848038486336358,0.9182098214285714,84000000
Primary_Producers,0.7848038486336358,0.9182096470588236,85000000
Primary_Producers,0.7848038486336358,0.9182093953488372,86000000
Primary_Producers,0.7848038486336358,0.918206643678161,87000000
Primary_Producers,0.7848038486336358,0.9182103409090909,88000000
Primary_Producers,0.7848038486336358,0.9182036966292135,89000000
Primary_Producers,0.7848038486336358,0.9182068222222223,90000000
Primary_Producers,0.7848038486336358,0.9182072087912088,91000000
Primary_Producers,0.7848038486336358,0.9182069456521739,92000000
Primary_Producers,0.7848038486336358,0.9182036344086022,93000000
Primary_Producers,0.7848038486336358,0.9182089042553192,94000000
Primary_Producers,0.7848038486336358,0.9182157894736842,95000000
Primary_Producers,0.7848038486336358,0.9182130625,96000000
Primary_Producers,0.7848038486336358,0.9182132783505155,97000000
Primary_Producers,0.7848038486336358,0.9182092653061225,98000000
Primary_Producers,0.7848038486336358,0.9182067878787878,99000000
Primary_Producers,0.7848038486336358,0.91820648,100000000
