Herbivores,0.6229508196721312,0.0,1000000
Herbivores,0.6229508196721312,0.0,2000000
Herbivores,0.6229508196721312,0.0,3000000
Herbivores,0.6229508196721312,0.0,4000000
Herbivores,0.6229508196721312,0.0,5000000
Herbivores,0.6229508196721312,0.0,6000000
Herbivores,0.6229508196721312,0.0,7000000
Herbivores,0.6229508196721312,1.25e-7,8000000
Herbivores,0.6229508196721312,3.3333333333333335e-7,9000000
Herbivores,0.6229508196721312,3.0e-7,10000000
Herbivores,0.6229508196721312,2.7272727272727274e-7,11000000
Herbivores,0.6229508196721312,3.3333333333333335e-7,12000000
Herbivores,0.6229508196721312,3.076923076923077e-7,13000000
Herbivores,0.6229508196721312,3.5714285714285716e-7,14000000
Herbivores,0.6229508196721312,3.3333333333333335e-7,15000000
Herbivores,0.6229508196721312,3.125e-7,16000000
Herbivores,0.6229508196721312,2.941176470588235e-7,17000000
Herbivores,0.6229508196721312,2.7777777777777776e-7,18000000
Herbivores,0.6229508196721312,2.631578947368421e-7,19000000
Herbivores,0.6229508196721312,2.5e-7,20000000
Herbivores,0.6229508196721312,2.380952380952381e-7,21000000
Herbivores,0.6229508196721312,2.2727272727272726e-7,22000000
Herbivores,0.6229508196721312,2.173913043478261e-7,23000000
Herbivores,0.6229508196721312,2.0833333333333333e-7,24000000
Herbivores,0.6229508196721312,2.0e-7,25000000
Herbivores,0.6229508196721312,1.9230769230769231e-7,26000000
Herbivores,0.6229508196721312,1.8518518518518518e-7,27000000
Herbivores,0.6229508196721312,2.1428571428571428e-7,28000000
Herbivores,0.6229508196721312,3.103448275862069e-7,29000000
Herbivores,0.6229508196721312,3.0e-7,30000000
Herbivores,0.6229508196721312,2.903225806451613e-7,31000000
Herbivores,0.6229508196721312,2.8125e-7,32000000
Herbivores,0.6229508196721312,2.7272727272727274e-7,33000000
Herbivores,0.6229508196721312,2.941176470588235e-7,34000000
Herbivores,0.6229508196721312,2.857142857142857e-7,35000000
Herbivores,0.6229508196721312,2.7777777777777776e-7,36000000
Herbivores,0.6229508196721312,2.702702702702703e-7,37000000
Herbivores,0.6229508196721312,2.631578947368421e-7,38000000
Herbivores,0.6229508196721312,2.564102564102564e-7,39000000
Herbivores,0.6229508196721312,2.5e-7,40000000
Herbivores,0.6229508196721312,2.439024390243902e-7,41000000
Herbivores,0.6229508196721312,2.380952380952381e-7,42000000
Herbivores,0.6229508196721312,2.3255813953488372e-7,43000000
Herbivores,0.6229508196721312,3.181818181818182e-7,44000000
Herbivores,0.6229508196721312,3.111111111111111e-7,45000000
Herbivores,0.6229508196721312,3.043478260869565e-7,46000000
Herbivores,0.6229508196721312,2.978723404255319e-7,47000000
Herbivores,0.6229508196721312,3.3333333333333335e-7,48000000
Herbivores,0.6229508196721312,3.26530612244898e-7,49000000
Herbivores,0.6229508196721312,3.2e-7,50000000
Herbivores,0.6229508196721312,3.1372549019607843e-7,51000000
Herbivores,0.6229508196721312,3.076923076923077e-7,52000000
Herbivores,0.6229508196721312,3.018867924528302e-7,53000000
Herbivores,0.6229508196721312,2.962962962962963e-7,54000000
Herbivores,0.6229508196721312,2.909090909090909e-7,55000000
Herbivores,0.6229508196721312,2.857142857142857e-7,56000000
Herbivores,0.6229508196721312,2.9824561403508774e-7,57000000
Herbivores,0.6229508196721312,2.9310344827586207e-7,58000000
Herbivores,0.6229508196721312,2.88135593220339e-7,59000000
Herbivores,0.6229508196721312,2.8333333333333336e-7,60000000
Herbivores,0.6229508196721312,2.786885245901639e-7,61000000
Herbivores,0.6229508196721312,2.7419354838709676e-7,62000000
Herbivores,0.6229508196721312,2.857142857142857e-7,63000000
Herbivores,0.6229508196721312,2.8125e-7,64000000
Herbivores,0.6229508196721312,2.7692307692307693e-7,65000000
Herbivores,0.6229508196721312,2.878787878787879e-7,66000000
Herbivores,0.6229508196721312,2.835820895522388e-7,67000000
Herbivores,0.6229508196721312,2.7941176470588235e-7,68000000
Herbivores,0.6229508196721312,2.753623188405797e-7,69000000
Herbivores,0.6229508196721312,2.857142857142857e-7,70000000
Herbivores,0.6229508196721312,2.8169014084507043e-7,71000000
Herbivores,0.6229508196721312,2.7777777777777776e-7,72000000
Herbivores,0.6229508196721312,2.73972602739726e-7,73000000
Herbivores,0.6229508196721312,2.702702702702703e-7,74000000
Herbivores,0.6229508196721312,2.8e-7,75000000
Herbivores,0.6229508196721312,2.763157894736842e-7,76000000
Herbivores,0.6229508196721312,2.987012987012987e-7,77000000
Herbivores,0.6229508196721312,2.948717948717949e-7,78000000
Herbivores,0.6229508196721312,2.9113924050632913e-7,79000000
Herbivores,0.6229508196721312,2.875e-7,80000000
Herbivores,0.6229508196721312,2.839506172839506e-7,81000000
Herbivores,0.6229508196721312,2.926829268292683e-7,82000000
Herbivores,0.6229508196721312,2.891566265060241e-7,83000000
Herbivores,0.6229508196721312,2.857142857142857e-7,84000000
Herbivores,0.6229508196721312,2.823529411764706e-7,85000000
Herbivores,0.6229508196721312,2.790697674418605e-7,86000000
Herbivores,0.6229508196721312,2.7586206896551726e-7,87000000
Herbivores,0.6229508196721312,2.7272727272727274e-7,88000000
Herbivores,0.6229508196721312,2.696629213483146e-7,89000000
Herbivores,0.6229508196721312,2.7777777777777776e-7,90000000
Herbivores,0.6229508196721312,2.857142857142857e-7,91000000
Herbivores,0.6229508196721312,2.826086956521739e-7,92000000
Herbivores,0.6229508196721312,2.795698924731183e-7,93000000
Herbivores,0.6229508196721312,2.7659574468085106e-7,94000000
Herbivores,0.6229508196721312,2.736842105263158e-7,95000000
Herbivores,0.6229508196721312,2.708333333333333e-7,96000000
Herbivores,0.6229508196721312,2.783505154639175e-7,97000000
Herbivores,0.6229508196721312,2.7551020408163265e-7,98000000
Herbivores,0.6229508196721312,2.7272727272727274e-7,99000000
Herbivores,0.6229508196721312,2.7e-7,100000000
