Primary_Producers,0.8620689655172414,0.094138,1000000
Primary_Producers,0.8620689655172414,0.0942295,2000000
Primary_Producers,0.8620689655172414,0.09429433333333333,3000000
Primary_Producers,0.8620689655172414,0.09422875,4000000
Primary_Producers,0.8620689655172414,0.0941962,5000000
Primary_Producers,0.8620689655172414,0.09426166666666666,6000000
Primary_Producers,0.8620689655172414,0.094261,7000000
Primary_Producers,0.8620689655172414,0.094231625,8000000
Primary_Producers,0.8620689655172414,0.09421711111111111,9000000
Primary_Producers,0.8620689655172414,0.0942851,10000000
Primary_Producers,0.8620689655172414,0.09425563636363636,11000000
Primary_Producers,0.8620689655172414,0.09430358333333333,12000000
Primary_Producers,0.8620689655172414,0.09428153846153846,13000000
Primary_Producers,0.8620689655172414,0.094282,14000000
Primary_Producers,0.8620689655172414,0.0942892,15000000
Primary_Producers,0.8620689655172414,0.094284125,16000000
Primary_Producers,0.8620689655172414,0.09428982352941176,17000000
Primary_Producers,0.8620689655172414,0.0943095,18000000
Primary_Producers,0.8620689655172414,0.09432331578947369,19000000
Primary_Producers,0.8620689655172414,0.0943282,20000000
Primary_Producers,0.8620689655172414,0.09432619047619048,21000000
Primary_Producers,0.8620689655172414,0.09433718181818182,22000000
Primary_Producers,0.8620689655172414,0.09433060869565217,23000000
Primary_Producers,0.8620689655172414,0.09433616666666667,24000000
Primary_Producers,0.8620689655172414,0.09435196,25000000
Primary_Producers,0.8620689655172414,0.09435957692307692,26000000
Primary_Producers,0.8620689655172414,0.09435251851851852,27000000
Primary_Producers,0.8620689655172414,0.09438032142857143,28000000
Primary_Producers,0.8620689655172414,0.09439006896551724,29000000
Primary_Producers,0.8620689655172414,0.09439303333333333,30000000
Primary_Producers,0.8620689655172414,0.09439270967741935,31000000
Primary_Producers,0.8620689655172414,0.09439115625,32000000
Primary_Producers,0.8620689655172414,0.09439730303030303,33000000
Primary_Producers,0.8620689655172414,0.09439058823529412,34000000
Primary_Producers,0.8620689655172414,0.09438094285714285,35000000
Primary_Producers,0.8620689655172414,0.094373,36000000
Primary_Producers,0.8620689655172414,0.09437416216216216,37000000
Primary_Producers,0.8620689655172414,0.09437652631578948,38000000
Primary_Producers,0.8620689655172414,0.09437182051282052,39000000
Primary_Producers,0.8620689655172414,0.094377125,40000000
Primary_Producers,0.8620689655172414,0.09437753658536585,41000000
Primary_Producers,0.8620689655172414,0.09436840476190476,42000000
Primary_Producers,0.8620689655172414,0.09436651162790698,43000000
Primary_Producers,0.8620689655172414,0.09436829545454545,44000000
Primary_Producers,0.8620689655172414,0.09436722222222223,45000000
Primary_Producers,0.8620689655172414,0.09436321739130435,46000000
Primary_Producers,0.8620689655172414,0.09436321276595745,47000000
Primary_Producers,0.8620689655172414,0.09437816666666667,48000000
Primary_Producers,0.8620689655172414,0.09437865306122449,49000000
Primary_Producers,0.8620689655172414,0.09438788,50000000
Primary_Producers,0.8620689655172414,0.0943878431372549,51000000
Primary_Producers,0.8620689655172414,0.09438773076923077,52000000
Primary_Producers,0.8620689655172414,0.09438996226415095,53000000
Primary_Producers,0.8620689655172414,0.09439681481481481,54000000
Primary_Producers,0.8620689655172414,0.09439834545454545,55000000
Primary_Producers,0.8620689655172414,0.09439223214285715,56000000
Primary_Producers,0.8620689655172414,0.09438664912280702,57000000
Primary_Producers,0.8620689655172414,0.09438918965517241,58000000
Primary_Producers,0.8620689655172414,0.09439057627118644,59000000
Primary_Producers,0.8620689655172414,0.09439006666666666,60000000
Primary_Producers,0.8620689655172414,0.09439059016393443,61000000
Primary_Producers,0.8620689655172414,0.09438366129032258,62000000
Primary_Producers,0.8620689655172414,0.09438311111111111,63000000
Primary_Producers,0.8620689655172414,0.09437475,64000000
Primary_Producers,0.8620689655172414,0.09437269230769231,65000000
Primary_Producers,0.8620689655172414,0.09437231818181818,66000000
Primary_Producers,0.8620689655172414,0.09436880597014925,67000000
Primary_Producers,0.8620689655172414,0.09437611764705882,68000000
Primary_Producers,0.8620689655172414,0.09438326086956522,69000000
Primary_Producers,0.8620689655172414,0.09438008571428572,70000000
Primary_Producers,0.8620689655172414,0.09437561971830986,71000000
Primary_Producers,0.8620689655172414,0.094372375,72000000
Primary_Producers,0.8620689655172414,0.0943841095890411,73000000
Primary_Producers,0.8620689655172414,0.09438437837837838,74000000
Primary_Producers,0.8620689655172414,0.09438034666666667,75000000
Primary_Producers,0.8620689655172414,0.09437713157894737,76000000
Primary_Producers,0.8620689655172414,0.09437319480519481,77000000
Primary_Producers,0.8620689655172414,0.09437011538461539,78000000
Primary_Producers,0.8620689655172414,0.09436274683544303,79000000
Primary_Producers,0.8620689655172414,0.0943652875,80000000
Primary_Producers,0.8620689655172414,0.09437024691358024,81000000
Primary_Producers,0.8620689655172414,0.09437170731707317,82000000
Primary_Producers,0.8620689655172414,0.09437298795180724,83000000
Primary_Producers,0.8620689655172414,0.09438088095238095,84000000
Primary_Producers,0.8620689655172414,0.09438045882352941,85000000
Primary_Producers,0.8620689655172414,0.0943815,86000000
Primary_Producers,0.8620689655172414,0.0943823448275862,87000000
Primary_Producers,0.8620689655172414,0.09438185227272727,88000000
Primary_Producers,0.8620689655172414,0.09438598876404494,89000000
Primary_Producers,0.8620689655172414,0.09437948888888889,90000000
Primary_Producers,0.8620689655172414,0.0943789010989011,91000000
Primary_Producers,0.8620689655172414,0.09438322826086956,92000000
Primary_Producers,0.8620689655172414,0.09438094623655914,93000000
Primary_Producers,0.8620689655172414,0.0943787659574468,94000000
Primary_Producers,0.8620689655172414,0.09438157894736843,95000000
Primary_Producers,0.8620689655172414,0.09438021875,96000000
Primary_Producers,0.8620689655172414,0.0943790412371134,97000000
Primary_Producers,0.8620689655172414,0.09437652040816326,98000000
Primary_Producers,0.8620689655172414,0.09437457575757575,99000000
Primary_Producers,0.8620689655172414,0.09437365,100000000
