all,0.19782160730055934,0.120875,1000000
all,0.19782160730055934,0.1205145,2000000
all,0.19782160730055934,0.12043766666666667,3000000
all,0.19782160730055934,0.12039875,4000000
all,0.19782160730055934,0.1204332,5000000
all,0.19782160730055934,0.12051883333333334,6000000
all,0.19782160730055934,0.12043857142857142,7000000
all,0.19782160730055934,0.1204385,8000000
all,0.19782160730055934,0.1204081111111111,9000000
all,0.19782160730055934,0.1203784,10000000
all,0.19782160730055934,0.1204050909090909,11000000
all,0.19782160730055934,0.12037941666666667,12000000
all,0.19782160730055934,0.12036023076923077,13000000
all,0.19782160730055934,0.12030535714285714,14000000
all,0.19782160730055934,0.1203154,15000000
all,0.19782160730055934,0.120285875,16000000
all,0.19782160730055934,0.12029735294117647,17000000
all,0.19782160730055934,0.12031911111111111,18000000
all,0.19782160730055934,0.12034321052631579,19000000
all,0.19782160730055934,0.12032875,20000000
all,0.19782160730055934,0.12033042857142857,21000000
all,0.19782160730055934,0.12032481818181819,22000000
all,0.19782160730055934,0.1203011304347826,23000000
all,0.19782160730055934,0.120295875,24000000
all,0.19782160730055934,0.120301,25000000
all,0.19782160730055934,0.1203005,26000000
all,0.19782160730055934,0.12028992592592593,27000000
all,0.19782160730055934,0.12028225,28000000
all,0.19782160730055934,0.12027351724137932,29000000
all,0.19782160730055934,0.12029063333333333,30000000
all,0.19782160730055934,0.12029632258064517,31000000
all,0.19782160730055934,0.1203140625,32000000
all,0.19782160730055934,0.12031869696969696,33000000
all,0.19782160730055934,0.12033705882352941,34000000
all,0.19782160730055934,0.1203274,35000000
all,0.19782160730055934,0.1203333611111111,36000000
all,0.19782160730055934,0.12033556756756757,37000000
all,0.19782160730055934,0.12033247368421053,38000000
all,0.19782160730055934,0.12032558974358974,39000000
all,0.19782160730055934,0.120316025,40000000
all,0.19782160730055934,0.12030468292682926,41000000
all,0.19782160730055934,0.12031271428571429,42000000
all,0.19782160730055934,0.1203053953488372,43000000
all,0.19782160730055934,0.12029775,44000000
all,0.19782160730055934,0.12029271111111112,45000000
all,0.19782160730055934,0.12030323913043478,46000000
all,0.19782160730055934,0.12028623404255319,47000000
all,0.19782160730055934,0.12029270833333333,48000000
all,0.19782160730055934,0.12029351020408163,49000000
all,0.19782160730055934,0.12028826,50000000
all,0.19782160730055934,0.12028264705882354,51000000
all,0.19782160730055934,0.12028567307692307,52000000
all,0.19782160730055934,0.12028216981132075,53000000
all,0.19782160730055934,0.12028016666666666,54000000
all,0.19782160730055934,0.1202836,55000000
all,0.19782160730055934,0.12028746428571428,56000000
all,0.19782160730055934,0.12029170175438597,57000000
all,0.19782160730055934,0.12028486206896552,58000000
all,0.19782160730055934,0.1202822372881356,59000000
all,0.19782160730055934,0.12026906666666666,60000000
all,0.19782160730055934,0.12026991803278689,61000000
all,0.19782160730055934,0.12026577419354839,62000000
all,0.19782160730055934,0.12026768253968254,63000000
all,0.19782160730055934,0.120273734375,64000000
all,0.19782160730055934,0.1202746,65000000
all,0.19782160730055934,0.12027248484848485,66000000
all,0.19782160730055934,0.12027311940298507,67000000
all,0.19782160730055934,0.12026872058823529,68000000
all,0.19782160730055934,0.12027433333333333,69000000
all,0.19782160730055934,0.12027298571428571,70000000
all,0.19782160730055934,0.1202688028169014,71000000
all,0.19782160730055934,0.12026508333333333,72000000
all,0.19782160730055934,0.12026816438356164,73000000
all,0.19782160730055934,0.12027074324324324,74000000
all,0.19782160730055934,0.12027501333333333,75000000
all,0.19782160730055934,0.12027663157894737,76000000
all,0.19782160730055934,0.1202794025974026,77000000
all,0.19782160730055934,0.12027865384615384,78000000
all,0.19782160730055934,0.12027907594936708,79000000
all,0.19782160730055934,0.1202765375,80000000
all,0.19782160730055934,0.12028059259259259,81000000
all,0.19782160730055934,0.12027730487804877,82000000
all,0.19782160730055934,0.12027315662650602,83000000
all,0.19782160730055934,0.12027109523809523,84000000
all,0.19782160730055934,0.12027021176470588,85000000
all,0.19782160730055934,0.12027013953488372,86000000
all,0.19782160730055934,0.1202721264367816,87000000
all,0.19782160730055934,0.1202689659090909,88000000
all,0.19782160730055934,0.12027165168539326,89000000
all,0.19782160730055934,0.12027093333333333,90000000
all,0.19782160730055934,0.12027106593406593,91000000
all,0.19782160730055934,0.12026645652173913,92000000
all,0.19782160730055934,0.12026044086021505,93000000
all,0.19782160730055934,0.12026704255319148,94000000
all,0.19782160730055934,0.12025808421052632,95000000
all,0.19782160730055934,0.12025380208333333,96000000
all,0.19782160730055934,0.12025411340206185,97000000
all,0.19782160730055934,0.12025389795918368,98000000
all,0.19782160730055934,0.12025332323232323,99000000
all,0.19782160730055934,0.12026114,100000000
