Herbivores,0.2822368421052631,4.0e-6,1000000
Herbivores,0.2822368421052631,7.0e-6,2000000
Herbivores,0.2822368421052631,7.0e-6,3000000
Herbivores,0.2822368421052631,7.25e-6,4000000
Herbivores,0.2822368421052631,6.6e-6,5000000
Herbivores,0.2822368421052631,7.0e-6,6000000
Herbivores,0.2822368421052631,7.142857142857143e-6,7000000
Herbivores,0.2822368421052631,7.0e-6,8000000
Herbivores,0.2822368421052631,6.888888888888889e-6,9000000
Herbivores,0.2822368421052631,7.0e-6,10000000
Herbivores,0.2822368421052631,7.0e-6,11000000
Herbivores,0.2822368421052631,7.083333333333333e-6,12000000
Herbivores,0.2822368421052631,6.923076923076923e-6,13000000
Herbivores,0.2822368421052631,6.785714285714286e-6,14000000
Herbivores,0.2822368421052631,6.933333333333334e-6,15000000
Herbivores,0.2822368421052631,6.9375e-6,16000000
Herbivores,0.2822368421052631,7.3529411764705884e-6,17000000
Herbivores,0.2822368421052631,7.333333333333333e-6,18000000
Herbivores,0.2822368421052631,7.210526315789473e-6,19000000
Herbivores,0.2822368421052631,7.5e-6,20000000
Herbivores,0.2822368421052631,7.428571428571428e-6,21000000
Herbivores,0.2822368421052631,7.545454545454546e-6,22000000
Herbivores,0.2822368421052631,7.391304347826087e-6,23000000
Herbivores,0.2822368421052631,7.333333333333333e-6,24000000
Herbivores,0.2822368421052631,7.24e-6,25000000
Herbivores,0.2822368421052631,7.269230769230769e-6,26000000
Herbivores,0.2822368421052631,7.111111111111111e-6,27000000
Herbivores,0.2822368421052631,7.178571428571428e-6,28000000
Herbivores,0.2822368421052631,7.137931034482758e-6,29000000
Herbivores,0.2822368421052631,7.0333333333333335e-6,30000000
Herbivores,0.2822368421052631,7.0e-6,31000000
Herbivores,0.2822368421052631,6.875e-6,32000000
Herbivores,0.2822368421052631,6.7575757575757575e-6,33000000
Herbivores,0.2822368421052631,6.705882352941176e-6,34000000
Herbivores,0.2822368421052631,6.657142857142857e-6,35000000
Herbivores,0.2822368421052631,6.6111111111111115e-6,36000000
Herbivores,0.2822368421052631,6.621621621621621e-6,37000000
Herbivores,0.2822368421052631,6.631578947368421e-6,38000000
Herbivores,0.2822368421052631,6.666666666666667e-6,39000000
Herbivores,0.2822368421052631,6.65e-6,40000000
Herbivores,0.2822368421052631,6.682926829268292e-6,41000000
Herbivores,0.2822368421052631,6.690476190476191e-6,42000000
Herbivores,0.2822368421052631,6.790697674418604e-6,43000000
Herbivores,0.2822368421052631,6.818181818181818e-6,44000000
Herbivores,0.2822368421052631,6.8222222222222225e-6,45000000
Herbivores,0.2822368421052631,6.804347826086956e-6,46000000
Herbivores,0.2822368421052631,6.74468085106383e-6,47000000
Herbivores,0.2822368421052631,6.708333333333333e-6,48000000
Herbivores,0.2822368421052631,6.795918367346939e-6,49000000
Herbivores,0.2822368421052631,6.74e-6,50000000
Herbivores,0.2822368421052631,6.686274509803922e-6,51000000
Herbivores,0.2822368421052631,6.730769230769231e-6,52000000
Herbivores,0.2822368421052631,6.754716981132076e-6,53000000
Herbivores,0.2822368421052631,6.722222222222223e-6,54000000
Herbivores,0.2822368421052631,6.709090909090909e-6,55000000
Herbivores,0.2822368421052631,6.678571428571429e-6,56000000
Herbivores,0.2822368421052631,6.68421052631579e-6,57000000
Herbivores,0.2822368421052631,6.672413793103448e-6,58000000
Herbivores,0.2822368421052631,6.694915254237288e-6,59000000
Herbivores,0.2822368421052631,6.733333333333333e-6,60000000
Herbivores,0.2822368421052631,6.704918032786885e-6,61000000
Herbivores,0.2822368421052631,6.6774193548387095e-6,62000000
Herbivores,0.2822368421052631,6.666666666666667e-6,63000000
Herbivores,0.2822368421052631,6.625e-6,64000000
Herbivores,0.2822368421052631,6.584615384615385e-6,65000000
Herbivores,0.2822368421052631,6.5303030303030304e-6,66000000
Herbivores,0.2822368421052631,6.492537313432836e-6,67000000
Herbivores,0.2822368421052631,6.514705882352941e-6,68000000
Herbivores,0.2822368421052631,6.579710144927536e-6,69000000
Herbivores,0.2822368421052631,6.628571428571428e-6,70000000
Herbivores,0.2822368421052631,6.633802816901408e-6,71000000
Herbivores,0.2822368421052631,6.652777777777778e-6,72000000
Herbivores,0.2822368421052631,6.643835616438356e-6,73000000
Herbivores,0.2822368421052631,6.621621621621621e-6,74000000
Herbivores,0.2822368421052631,6.626666666666667e-6,75000000
Herbivores,0.2822368421052631,6.631578947368421e-6,76000000
Herbivores,0.2822368421052631,6.636363636363637e-6,77000000
Herbivores,0.2822368421052631,6.692307692307692e-6,78000000
Herbivores,0.2822368421052631,6.658227848101266e-6,79000000
Herbivores,0.2822368421052631,6.675e-6,80000000
Herbivores,0.2822368421052631,6.62962962962963e-6,81000000
Herbivores,0.2822368421052631,6.621951219512195e-6,82000000
Herbivores,0.2822368421052631,6.674698795180723e-6,83000000
Herbivores,0.2822368421052631,6.678571428571429e-6,84000000
Herbivores,0.2822368421052631,6.694117647058823e-6,85000000
Herbivores,0.2822368421052631,6.6976744186046515e-6,86000000
Herbivores,0.2822368421052631,6.735632183908046e-6,87000000
Herbivores,0.2822368421052631,6.7272727272727275e-6,88000000
Herbivores,0.2822368421052631,6.764044943820224e-6,89000000
Herbivores,0.2822368421052631,6.733333333333333e-6,90000000
Herbivores,0.2822368421052631,6.703296703296703e-6,91000000
Herbivores,0.2822368421052631,6.717391304347826e-6,92000000
Herbivores,0.2822368421052631,6.6774193548387095e-6,93000000
Herbivores,0.2822368421052631,6.680851063829787e-6,94000000
Herbivores,0.2822368421052631,6.7578947368421054e-6,95000000
Herbivores,0.2822368421052631,6.7291666666666665e-6,96000000
Herbivores,0.2822368421052631,6.731958762886598e-6,97000000
Herbivores,0.2822368421052631,6.704081632653061e-6,98000000
Herbivores,0.2822368421052631,6.696969696969697e-6,99000000
Herbivores,0.2822368421052631,6.68e-6,100000000
