Primary_Producers,0.8032786885245902,1.0e-6,1000000
Primary_Producers,0.8032786885245902,2.0e-6,2000000
Primary_Producers,0.8032786885245902,2.0e-6,3000000
Primary_Producers,0.8032786885245902,2.75e-6,4000000
Primary_Producers,0.8032786885245902,2.6e-6,5000000
Primary_Producers,0.8032786885245902,2.666666666666667e-6,6000000
Primary_Producers,0.8032786885245902,3.4285714285714285e-6,7000000
Primary_Producers,0.8032786885245902,3.25e-6,8000000
Primary_Producers,0.8032786885245902,3.2222222222222222e-6,9000000
Primary_Producers,0.8032786885245902,3.1e-6,10000000
Primary_Producers,0.8032786885245902,3.1818181818181817e-6,11000000
Primary_Producers,0.8032786885245902,3.1666666666666667e-6,12000000
Primary_Producers,0.8032786885245902,3.0e-6,13000000
Primary_Producers,0.8032786885245902,3.2142857142857143e-6,14000000
Primary_Producers,0.8032786885245902,3.3333333333333333e-6,15000000
Primary_Producers,0.8032786885245902,3.3125e-6,16000000
Primary_Producers,0.8032786885245902,3.1176470588235293e-6,17000000
Primary_Producers,0.8032786885245902,3.1666666666666667e-6,18000000
Primary_Producers,0.8032786885245902,3.0e-6,19000000
Primary_Producers,0.8032786885245902,3.0e-6,20000000
Primary_Producers,0.8032786885245902,3.0476190476190477e-6,21000000
Primary_Producers,0.8032786885245902,3.1363636363636363e-6,22000000
Primary_Producers,0.8032786885245902,3.217391304347826e-6,23000000
Primary_Producers,0.8032786885245902,3.125e-6,24000000
Primary_Producers,0.8032786885245902,3.04e-6,25000000
Primary_Producers,0.8032786885245902,3.1153846153846153e-6,26000000
Primary_Producers,0.8032786885245902,3.1481481481481483e-6,27000000
Primary_Producers,0.8032786885245902,3.1785714285714284e-6,28000000
Primary_Producers,0.8032786885245902,3.1724137931034484e-6,29000000
Primary_Producers,0.8032786885245902,3.1666666666666667e-6,30000000
Primary_Producers,0.8032786885245902,3.096774193548387e-6,31000000
Primary_Producers,0.8032786885245902,3.0625e-6,32000000
Primary_Producers,0.8032786885245902,3.0606060606060605e-6,33000000
Primary_Producers,0.8032786885245902,3.0882352941176472e-6,34000000
Primary_Producers,0.8032786885245902,3.0857142857142855e-6,35000000
Primary_Producers,0.8032786885245902,3.0555555555555556e-6,36000000
Primary_Producers,0.8032786885245902,3.0810810810810813e-6,37000000
Primary_Producers,0.8032786885245902,3.131578947368421e-6,38000000
Primary_Producers,0.8032786885245902,3.1025641025641025e-6,39000000
Primary_Producers,0.8032786885245902,3.05e-6,40000000
Primary_Producers,0.8032786885245902,3.0e-6,41000000
Primary_Producers,0.8032786885245902,2.9761904761904763e-6,42000000
Primary_Producers,0.8032786885245902,2.9302325581395348e-6,43000000
Primary_Producers,0.8032786885245902,2.9545454545454547e-6,44000000
Primary_Producers,0.8032786885245902,3.022222222222222e-6,45000000
Primary_Producers,0.8032786885245902,3.0e-6,46000000
Primary_Producers,0.8032786885245902,2.9574468085106383e-6,47000000
Primary_Producers,0.8032786885245902,2.9166666666666666e-6,48000000
Primary_Producers,0.8032786885245902,2.9183673469387753e-6,49000000
Primary_Producers,0.8032786885245902,2.94e-6,50000000
Primary_Producers,0.8032786885245902,2.9607843137254903e-6,51000000
Primary_Producers,0.8032786885245902,2.9807692307692307e-6,52000000
Primary_Producers,0.8032786885245902,2.9245283018867924e-6,53000000
Primary_Producers,0.8032786885245902,2.962962962962963e-6,54000000
Primary_Producers,0.8032786885245902,3.0181818181818182e-6,55000000
Primary_Producers,0.8032786885245902,2.9821428571428573e-6,56000000
Primary_Producers,0.8032786885245902,2.9649122807017544e-6,57000000
Primary_Producers,0.8032786885245902,2.9827586206896554e-6,58000000
Primary_Producers,0.8032786885245902,2.966101694915254e-6,59000000
Primary_Producers,0.8032786885245902,2.9666666666666665e-6,60000000
Primary_Producers,0.8032786885245902,2.9508196721311474e-6,61000000
Primary_Producers,0.8032786885245902,2.967741935483871e-6,62000000
Primary_Producers,0.8032786885245902,2.9682539682539683e-6,63000000
Primary_Producers,0.8032786885245902,2.96875e-6,64000000
Primary_Producers,0.8032786885245902,2.9846153846153848e-6,65000000
Primary_Producers,0.8032786885245902,3.0303030303030305e-6,66000000
Primary_Producers,0.8032786885245902,3.014925373134328e-6,67000000
Primary_Producers,0.8032786885245902,3.0e-6,68000000
Primary_Producers,0.8032786885245902,3.0e-6,69000000
Primary_Producers,0.8032786885245902,3.042857142857143e-6,70000000
Primary_Producers,0.8032786885245902,3.028169014084507e-6,71000000
Primary_Producers,0.8032786885245902,3.013888888888889e-6,72000000
Primary_Producers,0.8032786885245902,3.0e-6,73000000
Primary_Producers,0.8032786885245902,2.9864864864864866e-6,74000000
Primary_Producers,0.8032786885245902,3.0e-6,75000000
Primary_Producers,0.8032786885245902,3.0e-6,76000000
Primary_Producers,0.8032786885245902,3.012987012987013e-6,77000000
Primary_Producers,0.8032786885245902,3.0256410256410256e-6,78000000
Primary_Producers,0.8032786885245902,3.0e-6,79000000
Primary_Producers,0.8032786885245902,2.9875e-6,80000000
Primary_Producers,0.8032786885245902,3.0370370370370372e-6,81000000
Primary_Producers,0.8032786885245902,3.024390243902439e-6,82000000
Primary_Producers,0.8032786885245902,3.0602409638554215e-6,83000000
Primary_Producers,0.8032786885245902,3.0595238095238094e-6,84000000
Primary_Producers,0.8032786885245902,3.0823529411764706e-6,85000000
Primary_Producers,0.8032786885245902,3.0930232558139534e-6,86000000
Primary_Producers,0.8032786885245902,3.103448275862069e-6,87000000
Primary_Producers,0.8032786885245902,3.1818181818181817e-6,88000000
Primary_Producers,0.8032786885245902,3.1685393258426966e-6,89000000
Primary_Producers,0.8032786885245902,3.1666666666666667e-6,90000000
Primary_Producers,0.8032786885245902,3.164835164835165e-6,91000000
Primary_Producers,0.8032786885245902,3.1413043478260868e-6,92000000
Primary_Producers,0.8032786885245902,3.1290322580645163e-6,93000000
Primary_Producers,0.8032786885245902,3.1170212765957446e-6,94000000
Primary_Producers,0.8032786885245902,3.1473684210526315e-6,95000000
Primary_Producers,0.8032786885245902,3.1145833333333335e-6,96000000
Primary_Producers,0.8032786885245902,3.1237113402061855e-6,97000000
Primary_Producers,0.8032786885245902,3.13265306122449e-6,98000000
Primary_Producers,0.8032786885245902,3.1212121212121213e-6,99000000
Primary_Producers,0.8032786885245902,3.11e-6,100000000
