Consumers,0.43803355902266705,2.3e-5,1000000
Consumers,0.43803355902266705,2.35e-5,2000000
Consumers,0.43803355902266705,2.6333333333333334e-5,3000000
Consumers,0.43803355902266705,2.6e-5,4000000
Consumers,0.43803355902266705,2.48e-5,5000000
Consumers,0.43803355902266705,2.45e-5,6000000
Consumers,0.43803355902266705,2.4285714285714285e-5,7000000
Consumers,0.43803355902266705,2.425e-5,8000000
Consumers,0.43803355902266705,2.3333333333333332e-5,9000000
Consumers,0.43803355902266705,2.36e-5,10000000
Consumers,0.43803355902266705,2.3e-5,11000000
Consumers,0.43803355902266705,2.2666666666666668e-5,12000000
Consumers,0.43803355902266705,2.276923076923077e-5,13000000
Consumers,0.43803355902266705,2.2857142857142858e-5,14000000
Consumers,0.43803355902266705,2.26e-5,15000000
Consumers,0.43803355902266705,2.30625e-5,16000000
Consumers,0.43803355902266705,2.2941176470588237e-5,17000000
Consumers,0.43803355902266705,2.2888888888888888e-5,18000000
Consumers,0.43803355902266705,2.3e-5,19000000
Consumers,0.43803355902266705,2.27e-5,20000000
Consumers,0.43803355902266705,2.2666666666666668e-5,21000000
Consumers,0.43803355902266705,2.240909090909091e-5,22000000
Consumers,0.43803355902266705,2.239130434782609e-5,23000000
Consumers,0.43803355902266705,2.2083333333333333e-5,24000000
Consumers,0.43803355902266705,2.22e-5,25000000
Consumers,0.43803355902266705,2.1923076923076924e-5,26000000
Consumers,0.43803355902266705,2.1851851851851852e-5,27000000
Consumers,0.43803355902266705,2.1892857142857142e-5,28000000
Consumers,0.43803355902266705,2.1896551724137932e-5,29000000
Consumers,0.43803355902266705,2.21e-5,30000000
Consumers,0.43803355902266705,2.2096774193548388e-5,31000000
Consumers,0.43803355902266705,2.209375e-5,32000000
Consumers,0.43803355902266705,2.2303030303030304e-5,33000000
Consumers,0.43803355902266705,2.214705882352941e-5,34000000
Consumers,0.43803355902266705,2.2228571428571427e-5,35000000
Consumers,0.43803355902266705,2.263888888888889e-5,36000000
Consumers,0.43803355902266705,2.235135135135135e-5,37000000
Consumers,0.43803355902266705,2.236842105263158e-5,38000000
Consumers,0.43803355902266705,2.2256410256410256e-5,39000000
Consumers,0.43803355902266705,2.225e-5,40000000
Consumers,0.43803355902266705,2.221951219512195e-5,41000000
Consumers,0.43803355902266705,2.2404761904761905e-5,42000000
Consumers,0.43803355902266705,2.2534883720930233e-5,43000000
Consumers,0.43803355902266705,2.25e-5,44000000
Consumers,0.43803355902266705,2.2466666666666666e-5,45000000
Consumers,0.43803355902266705,2.276086956521739e-5,46000000
Consumers,0.43803355902266705,2.2914893617021276e-5,47000000
Consumers,0.43803355902266705,2.2979166666666665e-5,48000000
Consumers,0.43803355902266705,2.3102040816326532e-5,49000000
Consumers,0.43803355902266705,2.3e-5,50000000
Consumers,0.43803355902266705,2.3e-5,51000000
Consumers,0.43803355902266705,2.2942307692307693e-5,52000000
Consumers,0.43803355902266705,2.269811320754717e-5,53000000
Consumers,0.43803355902266705,2.2574074074074075e-5,54000000
Consumers,0.43803355902266705,2.2672727272727273e-5,55000000
Consumers,0.43803355902266705,2.2642857142857143e-5,56000000
Consumers,0.43803355902266705,2.256140350877193e-5,57000000
Consumers,0.43803355902266705,2.2448275862068966e-5,58000000
Consumers,0.43803355902266705,2.2423728813559323e-5,59000000
Consumers,0.43803355902266705,2.241666666666667e-5,60000000
Consumers,0.43803355902266705,2.2327868852459016e-5,61000000
Consumers,0.43803355902266705,2.2403225806451613e-5,62000000
Consumers,0.43803355902266705,2.2285714285714287e-5,63000000
Consumers,0.43803355902266705,2.228125e-5,64000000
Consumers,0.43803355902266705,2.2246153846153848e-5,65000000
Consumers,0.43803355902266705,2.2212121212121212e-5,66000000
Consumers,0.43803355902266705,2.2223880597014924e-5,67000000
Consumers,0.43803355902266705,2.235294117647059e-5,68000000
Consumers,0.43803355902266705,2.2492753623188405e-5,69000000
Consumers,0.43803355902266705,2.2442857142857142e-5,70000000
Consumers,0.43803355902266705,2.2450704225352112e-5,71000000
Consumers,0.43803355902266705,2.248611111111111e-5,72000000
Consumers,0.43803355902266705,2.247945205479452e-5,73000000
Consumers,0.43803355902266705,2.262162162162162e-5,74000000
Consumers,0.43803355902266705,2.2586666666666665e-5,75000000
Consumers,0.43803355902266705,2.2592105263157894e-5,76000000
Consumers,0.43803355902266705,2.2636363636363637e-5,77000000
Consumers,0.43803355902266705,2.2602564102564103e-5,78000000
Consumers,0.43803355902266705,2.2544303797468355e-5,79000000
Consumers,0.43803355902266705,2.255e-5,80000000
Consumers,0.43803355902266705,2.2580246913580247e-5,81000000
Consumers,0.43803355902266705,2.251219512195122e-5,82000000
Consumers,0.43803355902266705,2.2493975903614457e-5,83000000
Consumers,0.43803355902266705,2.2452380952380953e-5,84000000
Consumers,0.43803355902266705,2.2470588235294116e-5,85000000
Consumers,0.43803355902266705,2.2534883720930233e-5,86000000
Consumers,0.43803355902266705,2.2528735632183907e-5,87000000
Consumers,0.43803355902266705,2.2545454545454544e-5,88000000
Consumers,0.43803355902266705,2.256179775280899e-5,89000000
Consumers,0.43803355902266705,2.2555555555555556e-5,90000000
Consumers,0.43803355902266705,2.254945054945055e-5,91000000
Consumers,0.43803355902266705,2.2565217391304348e-5,92000000
Consumers,0.43803355902266705,2.2591397849462367e-5,93000000
Consumers,0.43803355902266705,2.2627659574468083e-5,94000000
Consumers,0.43803355902266705,2.271578947368421e-5,95000000
Consumers,0.43803355902266705,2.2760416666666667e-5,96000000
Consumers,0.43803355902266705,2.281443298969072e-5,97000000
Consumers,0.43803355902266705,2.279591836734694e-5,98000000
Consumers,0.43803355902266705,2.2808080808080807e-5,99000000
Consumers,0.43803355902266705,2.283e-5,100000000
