Primary_Producers,0.4571428571428572,0.545619,1000000
Primary_Producers,0.4571428571428572,0.544845,2000000
Primary_Producers,0.4571428571428572,0.5451783333333333,3000000
Primary_Producers,0.4571428571428572,0.54506475,4000000
Primary_Producers,0.4571428571428572,0.5451366,5000000
Primary_Producers,0.4571428571428572,0.5451363333333333,6000000
Primary_Producers,0.4571428571428572,0.5451154285714286,7000000
Primary_Producers,0.4571428571428572,0.5452595,8000000
Primary_Producers,0.4571428571428572,0.5452863333333333,9000000
Primary_Producers,0.4571428571428572,0.5453057,10000000
Primary_Producers,0.4571428571428572,0.5453271818181818,11000000
Primary_Producers,0.4571428571428572,0.5453748333333334,12000000
Primary_Producers,0.4571428571428572,0.5453766153846153,13000000
Primary_Producers,0.4571428571428572,0.5454283571428571,14000000
Primary_Producers,0.4571428571428572,0.5454601333333333,15000000
Primary_Producers,0.4571428571428572,0.545461875,16000000
Primary_Producers,0.4571428571428572,0.5454713529411764,17000000
Primary_Producers,0.4571428571428572,0.5454590555555555,18000000
Primary_Producers,0.4571428571428572,0.5454834736842106,19000000
Primary_Producers,0.4571428571428572,0.5455081,20000000
Primary_Producers,0.4571428571428572,0.5455066666666667,21000000
Primary_Producers,0.4571428571428572,0.5455176818181818,22000000
Primary_Producers,0.4571428571428572,0.5454934782608696,23000000
Primary_Producers,0.4571428571428572,0.5454895833333333,24000000
Primary_Producers,0.4571428571428572,0.54549856,25000000
Primary_Producers,0.4571428571428572,0.5454953076923077,26000000
Primary_Producers,0.4571428571428572,0.5454706296296297,27000000
Primary_Producers,0.4571428571428572,0.54547975,28000000
Primary_Producers,0.4571428571428572,0.5454841724137931,29000000
Primary_Producers,0.4571428571428572,0.5455017666666667,30000000
Primary_Producers,0.4571428571428572,0.5454814516129032,31000000
Primary_Producers,0.4571428571428572,0.54550096875,32000000
Primary_Producers,0.4571428571428572,0.5454950909090909,33000000
Primary_Producers,0.4571428571428572,0.5455097647058823,34000000
Primary_Producers,0.4571428571428572,0.5454852857142857,35000000
Primary_Producers,0.4571428571428572,0.5454961666666667,36000000
Primary_Producers,0.4571428571428572,0.5454932162162163,37000000
Primary_Producers,0.4571428571428572,0.545516,38000000
Primary_Producers,0.4571428571428572,0.5455010512820513,39000000
Primary_Producers,0.4571428571428572,0.545504825,40000000
Primary_Producers,0.4571428571428572,0.5455249512195122,41000000
Primary_Producers,0.4571428571428572,0.5455265476190476,42000000
Primary_Producers,0.4571428571428572,0.5455504883720931,43000000
Primary_Producers,0.4571428571428572,0.545562340909091,44000000
Primary_Producers,0.4571428571428572,0.5455500222222223,45000000
Primary_Producers,0.4571428571428572,0.5455441304347826,46000000
Primary_Producers,0.4571428571428572,0.5455488723404255,47000000
Primary_Producers,0.4571428571428572,0.5455531458333334,48000000
Primary_Producers,0.4571428571428572,0.5455458775510204,49000000
Primary_Producers,0.4571428571428572,0.54554404,50000000
Primary_Producers,0.4571428571428572,0.5455366078431373,51000000
Primary_Producers,0.4571428571428572,0.5455399615384615,52000000
Primary_Producers,0.4571428571428572,0.5455484905660377,53000000
Primary_Producers,0.4571428571428572,0.5455442592592593,54000000
Primary_Producers,0.4571428571428572,0.5455370727272727,55000000
Primary_Producers,0.4571428571428572,0.5455369464285714,56000000
Primary_Producers,0.4571428571428572,0.5455383333333333,57000000
Primary_Producers,0.4571428571428572,0.5455328103448276,58000000
Primary_Producers,0.4571428571428572,0.5455452033898305,59000000
Primary_Producers,0.4571428571428572,0.5455320833333334,60000000
Primary_Producers,0.4571428571428572,0.5455347540983606,61000000
Primary_Producers,0.4571428571428572,0.5455181129032258,62000000
Primary_Producers,0.4571428571428572,0.5455237936507936,63000000
Primary_Producers,0.4571428571428572,0.5455239375,64000000
Primary_Producers,0.4571428571428572,0.5455285076923077,65000000
Primary_Producers,0.4571428571428572,0.545519803030303,66000000
Primary_Producers,0.4571428571428572,0.5455365820895522,67000000
Primary_Producers,0.4571428571428572,0.5455497352941177,68000000
Primary_Producers,0.4571428571428572,0.5455600579710145,69000000
Primary_Producers,0.4571428571428572,0.5455656428571428,70000000
Primary_Producers,0.4571428571428572,0.5455572253521127,71000000
Primary_Producers,0.4571428571428572,0.5455693333333334,72000000
Primary_Producers,0.4571428571428572,0.5455647671232877,73000000
Primary_Producers,0.4571428571428572,0.5455710810810811,74000000
Primary_Producers,0.4571428571428572,0.54555556,75000000
Primary_Producers,0.4571428571428572,0.5455649342105263,76000000
Primary_Producers,0.4571428571428572,0.5455622987012987,77000000
Primary_Producers,0.4571428571428572,0.5455494743589744,78000000
Primary_Producers,0.4571428571428572,0.5455485443037975,79000000
Primary_Producers,0.4571428571428572,0.545549775,80000000
Primary_Producers,0.4571428571428572,0.5455538271604938,81000000
Primary_Producers,0.4571428571428572,0.545551268292683,82000000
Primary_Producers,0.4571428571428572,0.5455545421686747,83000000
Primary_Producers,0.4571428571428572,0.5455693333333334,84000000
Primary_Producers,0.4571428571428572,0.5455626588235294,85000000
Primary_Producers,0.4571428571428572,0.5455690465116279,86000000
Primary_Producers,0.4571428571428572,0.5455663793103448,87000000
Primary_Producers,0.4571428571428572,0.5455597045454545,88000000
Primary_Producers,0.4571428571428572,0.5455516629213483,89000000
Primary_Producers,0.4571428571428572,0.5455610222222222,90000000
Primary_Producers,0.4571428571428572,0.5455547362637363,91000000
Primary_Producers,0.4571428571428572,0.5455618586956522,92000000
Primary_Producers,0.4571428571428572,0.545563376344086,93000000
Primary_Producers,0.4571428571428572,0.545562914893617,94000000
Primary_Producers,0.4571428571428572,0.5455627894736842,95000000
Primary_Producers,0.4571428571428572,0.5455583229166666,96000000
Primary_Producers,0.4571428571428572,0.5455627835051546,97000000
Primary_Producers,0.4571428571428572,0.5455663673469388,98000000
Primary_Producers,0.4571428571428572,0.5455641616161616,99000000
Primary_Producers,0.4571428571428572,0.54556487,100000000
