Primary_Producers,0.6324915824915824,0.989976,1000000
Primary_Producers,0.6324915824915824,0.990092,2000000
Primary_Producers,0.6324915824915824,0.9900793333333333,3000000
Primary_Producers,0.6324915824915824,0.9901505,4000000
Primary_Producers,0.6324915824915824,0.99012,5000000
Primary_Producers,0.6324915824915824,0.9900866666666667,6000000
Primary_Producers,0.6324915824915824,0.9900968571428571,7000000
Primary_Producers,0.6324915824915824,0.99010925,8000000
Primary_Producers,0.6324915824915824,0.9901288888888888,9000000
Primary_Producers,0.6324915824915824,0.9901366,10000000
Primary_Producers,0.6324915824915824,0.9901349090909091,11000000
Primary_Producers,0.6324915824915824,0.9901464166666667,12000000
Primary_Producers,0.6324915824915824,0.9901373076923077,13000000
Primary_Producers,0.6324915824915824,0.9901426428571428,14000000
Primary_Producers,0.6324915824915824,0.9901386,15000000
Primary_Producers,0.6324915824915824,0.9901414375,16000000
Primary_Producers,0.6324915824915824,0.9901334705882353,17000000
Primary_Producers,0.6324915824915824,0.9901219444444445,18000000
Primary_Producers,0.6324915824915824,0.9901208947368421,19000000
Primary_Producers,0.6324915824915824,0.99011855,20000000
Primary_Producers,0.6324915824915824,0.9901199523809524,21000000
Primary_Producers,0.6324915824915824,0.9901170454545455,22000000
Primary_Producers,0.6324915824915824,0.9901166521739131,23000000
Primary_Producers,0.6324915824915824,0.9901163333333334,24000000
Primary_Producers,0.6324915824915824,0.99011084,25000000
Primary_Producers,0.6324915824915824,0.9901129615384615,26000000
Primary_Producers,0.6324915824915824,0.9901088148148148,27000000
Primary_Producers,0.6324915824915824,0.9901020714285714,28000000
Primary_Producers,0.6324915824915824,0.9901073448275862,29000000
Primary_Producers,0.6324915824915824,0.9901071666666666,30000000
Primary_Producers,0.6324915824915824,0.9901089677419355,31000000
Primary_Producers,0.6324915824915824,0.9901140625,32000000
Primary_Producers,0.6324915824915824,0.9901177878787879,33000000
Primary_Producers,0.6324915824915824,0.9901208235294118,34000000
Primary_Producers,0.6324915824915824,0.9901211428571428,35000000
Primary_Producers,0.6324915824915824,0.9901233055555556,36000000
Primary_Producers,0.6324915824915824,0.9901239189189189,37000000
Primary_Producers,0.6324915824915824,0.9901276052631579,38000000
Primary_Producers,0.6324915824915824,0.9901266410256411,39000000
Primary_Producers,0.6324915824915824,0.990124525,40000000
Primary_Producers,0.6324915824915824,0.9901240243902439,41000000
Primary_Producers,0.6324915824915824,0.9901277857142857,42000000
Primary_Producers,0.6324915824915824,0.9901257209302325,43000000
Primary_Producers,0.6324915824915824,0.9901300909090909,44000000
Primary_Producers,0.6324915824915824,0.9901307333333333,45000000
Primary_Producers,0.6324915824915824,0.9901283913043478,46000000
Primary_Producers,0.6324915824915824,0.9901297234042553,47000000
Primary_Producers,0.6324915824915824,0.9901278541666667,48000000
Primary_Producers,0.6324915824915824,0.9901298367346939,49000000
Primary_Producers,0.6324915824915824,0.99012642,50000000
Primary_Producers,0.6324915824915824,0.9901251372549019,51000000
Primary_Producers,0.6324915824915824,0.9901240192307692,52000000
Primary_Producers,0.6324915824915824,0.9901237169811321,53000000
Primary_Producers,0.6324915824915824,0.990124425925926,54000000
Primary_Producers,0.6324915824915824,0.9901232363636364,55000000
Primary_Producers,0.6324915824915824,0.9901213571428571,56000000
Primary_Producers,0.6324915824915824,0.9901232631578948,57000000
Primary_Producers,0.6324915824915824,0.9901225344827587,58000000
Primary_Producers,0.6324915824915824,0.9901213559322034,59000000
Primary_Producers,0.6324915824915824,0.9901248166666666,60000000
Primary_Producers,0.6324915824915824,0.9901245409836066,61000000
Primary_Producers,0.6324915824915824,0.9901276612903226,62000000
Primary_Producers,0.6324915824915824,0.9901283492063492,63000000
Primary_Producers,0.6324915824915824,0.990127671875,64000000
Primary_Producers,0.6324915824915824,0.9901299846153846,65000000
Primary_Producers,0.6324915824915824,0.9901309848484848,66000000
Primary_Producers,0.6324915824915824,0.9901323731343283,67000000
Primary_Producers,0.6324915824915824,0.99013275,68000000
Primary_Producers,0.6324915824915824,0.9901345942028985,69000000
Primary_Producers,0.6324915824915824,0.9901336285714286,70000000
Primary_Producers,0.6324915824915824,0.9901331267605634,71000000
Primary_Producers,0.6324915824915824,0.9901343194444444,72000000
Primary_Producers,0.6324915824915824,0.9901355616438356,73000000
Primary_Producers,0.6324915824915824,0.9901350405405406,74000000
Primary_Producers,0.6324915824915824,0.9901339466666667,75000000
Primary_Producers,0.6324915824915824,0.9901343815789474,76000000
Primary_Producers,0.6324915824915824,0.990134025974026,77000000
Primary_Producers,0.6324915824915824,0.9901354487179487,78000000
Primary_Producers,0.6324915824915824,0.990137835443038,79000000
Primary_Producers,0.6324915824915824,0.9901379,80000000
Primary_Producers,0.6324915824915824,0.9901388148148148,81000000
Primary_Producers,0.6324915824915824,0.9901385243902439,82000000
Primary_Producers,0.6324915824915824,0.9901385542168675,83000000
Primary_Producers,0.6324915824915824,0.9901405357142857,84000000
Primary_Producers,0.6324915824915824,0.9901381647058823,85000000
Primary_Producers,0.6324915824915824,0.9901380813953489,86000000
Primary_Producers,0.6324915824915824,0.990137183908046,87000000
Primary_Producers,0.6324915824915824,0.9901375113636364,88000000
Primary_Producers,0.6324915824915824,0.9901356179775281,89000000
Primary_Producers,0.6324915824915824,0.9901343555555555,90000000
Primary_Producers,0.6324915824915824,0.9901347912087912,91000000
Primary_Producers,0.6324915824915824,0.9901360652173913,92000000
Primary_Producers,0.6324915824915824,0.9901355591397849,93000000
Primary_Producers,0.6324915824915824,0.9901339787234043,94000000
Primary_Producers,0.6324915824915824,0.9901346736842105,95000000
Primary_Producers,0.6324915824915824,0.99013353125,96000000
Primary_Producers,0.6324915824915824,0.9901335051546392,97000000
Primary_Producers,0.6324915824915824,0.9901326428571429,98000000
Primary_Producers,0.6324915824915824,0.9901331919191919,99000000
Primary_Producers,0.6324915824915824,0.99013422,100000000
