Parasites,0.41831027377097435,0.804684,1000000
Parasites,0.41831027377097435,0.8049465,2000000
Parasites,0.41831027377097435,0.8050826666666666,3000000
Parasites,0.41831027377097435,0.80509425,4000000
Parasites,0.41831027377097435,0.8050308,5000000
Parasites,0.41831027377097435,0.8050253333333334,6000000
Parasites,0.41831027377097435,0.8049902857142858,7000000
Parasites,0.41831027377097435,0.80498825,8000000
Parasites,0.41831027377097435,0.8050394444444444,9000000
Parasites,0.41831027377097435,0.8050233,10000000
Parasites,0.41831027377097435,0.8050174545454546,11000000
Parasites,0.41831027377097435,0.805074,12000000
Parasites,0.41831027377097435,0.8051388461538461,13000000
Parasites,0.41831027377097435,0.8051489285714286,14000000
Parasites,0.41831027377097435,0.8051126,15000000
Parasites,0.41831027377097435,0.8051565625,16000000
Parasites,0.41831027377097435,0.8051449411764706,17000000
Parasites,0.41831027377097435,0.8051172222222223,18000000
Parasites,0.41831027377097435,0.8051031578947369,19000000
Parasites,0.41831027377097435,0.80509665,20000000
Parasites,0.41831027377097435,0.8051199523809524,21000000
Parasites,0.41831027377097435,0.8051314545454545,22000000
Parasites,0.41831027377097435,0.8051480869565217,23000000
Parasites,0.41831027377097435,0.8051658333333334,24000000
Parasites,0.41831027377097435,0.80514836,25000000
Parasites,0.41831027377097435,0.805131,26000000
Parasites,0.41831027377097435,0.805142962962963,27000000
Parasites,0.41831027377097435,0.8051376071428571,28000000
Parasites,0.41831027377097435,0.8051324482758621,29000000
Parasites,0.41831027377097435,0.8051112,30000000
Parasites,0.41831027377097435,0.8051231612903226,31000000
Parasites,0.41831027377097435,0.8051144375,32000000
Parasites,0.41831027377097435,0.8051110606060606,33000000
Parasites,0.41831027377097435,0.805095294117647,34000000
Parasites,0.41831027377097435,0.8051068571428571,35000000
Parasites,0.41831027377097435,0.8050988333333333,36000000
Parasites,0.41831027377097435,0.8050989189189189,37000000
Parasites,0.41831027377097435,0.8050878947368421,38000000
Parasites,0.41831027377097435,0.8050828205128205,39000000
Parasites,0.41831027377097435,0.805064925,40000000
Parasites,0.41831027377097435,0.8050686341463414,41000000
Parasites,0.41831027377097435,0.8050681428571429,42000000
Parasites,0.41831027377097435,0.8050731860465117,43000000
Parasites,0.41831027377097435,0.8050935,44000000
Parasites,0.41831027377097435,0.8050885111111111,45000000
Parasites,0.41831027377097435,0.8050965652173913,46000000
Parasites,0.41831027377097435,0.805105829787234,47000000
Parasites,0.41831027377097435,0.8051016041666667,48000000
Parasites,0.41831027377097435,0.8051129591836734,49000000
Parasites,0.41831027377097435,0.80510702,50000000
Parasites,0.41831027377097435,0.8051163333333333,51000000
Parasites,0.41831027377097435,0.8051090384615385,52000000
Parasites,0.41831027377097435,0.8051061320754717,53000000
Parasites,0.41831027377097435,0.8050991851851852,54000000
Parasites,0.41831027377097435,0.8051049454545455,55000000
Parasites,0.41831027377097435,0.8051005178571429,56000000
Parasites,0.41831027377097435,0.8050951754385965,57000000
Parasites,0.41831027377097435,0.8050979482758621,58000000
Parasites,0.41831027377097435,0.8050990847457627,59000000
Parasites,0.41831027377097435,0.8051196666666667,60000000
Parasites,0.41831027377097435,0.8051243770491803,61000000
Parasites,0.41831027377097435,0.8051165806451613,62000000
Parasites,0.41831027377097435,0.8051264920634921,63000000
Parasites,0.41831027377097435,0.805122078125,64000000
Parasites,0.41831027377097435,0.8051197538461539,65000000
Parasites,0.41831027377097435,0.8051234545454545,66000000
Parasites,0.41831027377097435,0.8051158805970149,67000000
Parasites,0.41831027377097435,0.8051178823529411,68000000
Parasites,0.41831027377097435,0.8051165217391304,69000000
Parasites,0.41831027377097435,0.8051210571428571,70000000
Parasites,0.41831027377097435,0.8051206197183098,71000000
Parasites,0.41831027377097435,0.8051269583333334,72000000
Parasites,0.41831027377097435,0.8051245890410959,73000000
Parasites,0.41831027377097435,0.8051165270270271,74000000
Parasites,0.41831027377097435,0.8051085733333333,75000000
Parasites,0.41831027377097435,0.8051097894736842,76000000
Parasites,0.41831027377097435,0.8051026233766234,77000000
Parasites,0.41831027377097435,0.8050958717948717,78000000
Parasites,0.41831027377097435,0.8050961772151899,79000000
Parasites,0.41831027377097435,0.8050958625,80000000
Parasites,0.41831027377097435,0.805098049382716,81000000
Parasites,0.41831027377097435,0.8051008658536586,82000000
Parasites,0.41831027377097435,0.8050975180722891,83000000
Parasites,0.41831027377097435,0.8051013571428571,84000000
Parasites,0.41831027377097435,0.8050975411764706,85000000
Parasites,0.41831027377097435,0.8050948488372093,86000000
Parasites,0.41831027377097435,0.8051024712643678,87000000
Parasites,0.41831027377097435,0.8050998068181818,88000000
Parasites,0.41831027377097435,0.8050993033707865,89000000
Parasites,0.41831027377097435,0.8050981666666667,90000000
Parasites,0.41831027377097435,0.8051094615384615,91000000
Parasites,0.41831027377097435,0.8051076413043479,92000000
Parasites,0.41831027377097435,0.805105688172043,93000000
Parasites,0.41831027377097435,0.8051037446808511,94000000
Parasites,0.41831027377097435,0.8051087473684211,95000000
Parasites,0.41831027377097435,0.8051074270833334,96000000
Parasites,0.41831027377097435,0.8051068762886598,97000000
Parasites,0.41831027377097435,0.8051051326530613,98000000
Parasites,0.41831027377097435,0.8051063434343434,99000000
Parasites,0.41831027377097435,0.80509916,100000000
