Primary_Producers,0.36666666666666664,0.999006,1000000
Primary_Producers,0.36666666666666664,0.999051,2000000
Primary_Producers,0.36666666666666664,0.9990563333333333,3000000
Primary_Producers,0.36666666666666664,0.99904825,4000000
Primary_Producers,0.36666666666666664,0.999052,5000000
Primary_Producers,0.36666666666666664,0.9990481666666666,6000000
Primary_Producers,0.36666666666666664,0.9990484285714286,7000000
Primary_Producers,0.36666666666666664,0.999053375,8000000
Primary_Producers,0.36666666666666664,0.9990544444444445,9000000
Primary_Producers,0.36666666666666664,0.9990517,10000000
Primary_Producers,0.36666666666666664,0.9990470909090909,11000000
Primary_Producers,0.36666666666666664,0.9990478333333334,12000000
Primary_Producers,0.36666666666666664,0.9990514615384616,13000000
Primary_Producers,0.36666666666666664,0.999052,14000000
Primary_Producers,0.36666666666666664,0.9990508666666666,15000000
Primary_Producers,0.36666666666666664,0.9990510625,16000000
Primary_Producers,0.36666666666666664,0.9990515294117647,17000000
Primary_Producers,0.36666666666666664,0.9990501666666667,18000000
Primary_Producers,0.36666666666666664,0.9990486842105263,19000000
Primary_Producers,0.36666666666666664,0.99904795,20000000
Primary_Producers,0.36666666666666664,0.9990484285714286,21000000
Primary_Producers,0.36666666666666664,0.9990490454545454,22000000
Primary_Producers,0.36666666666666664,0.9990494347826087,23000000
Primary_Producers,0.36666666666666664,0.9990480416666667,24000000
Primary_Producers,0.36666666666666664,0.99904736,25000000
Primary_Producers,0.36666666666666664,0.9990491538461539,26000000
Primary_Producers,0.36666666666666664,0.9990482962962963,27000000
Primary_Producers,0.36666666666666664,0.9990474642857143,28000000
Primary_Producers,0.36666666666666664,0.9990451379310344,29000000
Primary_Producers,0.36666666666666664,0.9990435,30000000
Primary_Producers,0.36666666666666664,0.9990419032258064,31000000
Primary_Producers,0.36666666666666664,0.999041375,32000000
Primary_Producers,0.36666666666666664,0.9990428484848485,33000000
Primary_Producers,0.36666666666666664,0.9990434411764706,34000000
Primary_Producers,0.36666666666666664,0.9990443428571428,35000000
Primary_Producers,0.36666666666666664,0.9990454444444444,36000000
Primary_Producers,0.36666666666666664,0.9990435405405406,37000000
Primary_Producers,0.36666666666666664,0.9990434736842105,38000000
Primary_Producers,0.36666666666666664,0.9990437435897436,39000000
Primary_Producers,0.36666666666666664,0.999043975,40000000
Primary_Producers,0.36666666666666664,0.9990452682926829,41000000
Primary_Producers,0.36666666666666664,0.999045,42000000
Primary_Producers,0.36666666666666664,0.9990457209302326,43000000
Primary_Producers,0.36666666666666664,0.9990467954545454,44000000
Primary_Producers,0.36666666666666664,0.9990467555555556,45000000
Primary_Producers,0.36666666666666664,0.9990448695652174,46000000
Primary_Producers,0.36666666666666664,0.9990444468085107,47000000
Primary_Producers,0.36666666666666664,0.9990435625,48000000
Primary_Producers,0.36666666666666664,0.9990431020408164,49000000
Primary_Producers,0.36666666666666664,0.99904268,50000000
Primary_Producers,0.36666666666666664,0.9990426666666666,51000000
Primary_Producers,0.36666666666666664,0.9990425,52000000
Primary_Producers,0.36666666666666664,0.9990429433962265,53000000
Primary_Producers,0.36666666666666664,0.9990427592592592,54000000
Primary_Producers,0.36666666666666664,0.9990426,55000000
Primary_Producers,0.36666666666666664,0.999042375,56000000
Primary_Producers,0.36666666666666664,0.9990419649122807,57000000
Primary_Producers,0.36666666666666664,0.9990428448275862,58000000
Primary_Producers,0.36666666666666664,0.999042813559322,59000000
Primary_Producers,0.36666666666666664,0.9990423166666667,60000000
Primary_Producers,0.36666666666666664,0.9990424590163934,61000000
Primary_Producers,0.36666666666666664,0.9990422419354839,62000000
Primary_Producers,0.36666666666666664,0.9990417777777778,63000000
Primary_Producers,0.36666666666666664,0.999042078125,64000000
Primary_Producers,0.36666666666666664,0.9990417846153846,65000000
Primary_Producers,0.36666666666666664,0.9990418636363636,66000000
Primary_Producers,0.36666666666666664,0.9990413582089552,67000000
Primary_Producers,0.36666666666666664,0.9990420735294118,68000000
Primary_Producers,0.36666666666666664,0.9990409565217391,69000000
Primary_Producers,0.36666666666666664,0.9990420428571428,70000000
Primary_Producers,0.36666666666666664,0.9990420845070422,71000000
Primary_Producers,0.36666666666666664,0.9990422777777778,72000000
Primary_Producers,0.36666666666666664,0.9990430684931507,73000000
Primary_Producers,0.36666666666666664,0.9990425675675676,74000000
Primary_Producers,0.36666666666666664,0.9990420533333333,75000000
Primary_Producers,0.36666666666666664,0.9990420789473684,76000000
Primary_Producers,0.36666666666666664,0.9990422467532467,77000000
Primary_Producers,0.36666666666666664,0.9990421153846154,78000000
Primary_Producers,0.36666666666666664,0.9990423924050633,79000000
Primary_Producers,0.36666666666666664,0.9990425375,80000000
Primary_Producers,0.36666666666666664,0.9990421481481482,81000000
Primary_Producers,0.36666666666666664,0.9990420975609756,82000000
Primary_Producers,0.36666666666666664,0.9990422289156626,83000000
Primary_Producers,0.36666666666666664,0.9990418333333333,84000000
Primary_Producers,0.36666666666666664,0.9990412352941177,85000000
Primary_Producers,0.36666666666666664,0.9990408837209303,86000000
Primary_Producers,0.36666666666666664,0.9990416666666667,87000000
Primary_Producers,0.36666666666666664,0.9990413863636364,88000000
Primary_Producers,0.36666666666666664,0.9990411685393259,89000000
Primary_Producers,0.36666666666666664,0.9990409666666666,90000000
Primary_Producers,0.36666666666666664,0.9990411098901099,91000000
Primary_Producers,0.36666666666666664,0.9990413804347826,92000000
Primary_Producers,0.36666666666666664,0.9990413763440861,93000000
Primary_Producers,0.36666666666666664,0.9990414893617021,94000000
Primary_Producers,0.36666666666666664,0.9990419157894737,95000000
Primary_Producers,0.36666666666666664,0.9990418125,96000000
Primary_Producers,0.36666666666666664,0.9990418556701031,97000000
Primary_Producers,0.36666666666666664,0.9990418163265307,98000000
Primary_Producers,0.36666666666666664,0.9990421414141414,99000000
Primary_Producers,0.36666666666666664,0.99904207,100000000
