Herbivores,0.7504466944609887,0.000744,1000000
Herbivores,0.7504466944609887,0.0007795,2000000
Herbivores,0.7504466944609887,0.000789,3000000
Herbivores,0.7504466944609887,0.00078275,4000000
Herbivores,0.7504466944609887,0.000792,5000000
Herbivores,0.7504466944609887,0.000796,6000000
Herbivores,0.7504466944609887,0.0007915714285714286,7000000
Herbivores,0.7504466944609887,0.00078275,8000000
Herbivores,0.7504466944609887,0.0007804444444444444,9000000
Herbivores,0.7504466944609887,0.0007837,10000000
Herbivores,0.7504466944609887,0.0007823636363636364,11000000
Herbivores,0.7504466944609887,0.00078075,12000000
Herbivores,0.7504466944609887,0.0007789230769230769,13000000
Herbivores,0.7504466944609887,0.0007817857142857142,14000000
Herbivores,0.7504466944609887,0.0007812,15000000
Herbivores,0.7504466944609887,0.000781,16000000
Herbivores,0.7504466944609887,0.0007811176470588235,17000000
Herbivores,0.7504466944609887,0.0007807222222222223,18000000
Herbivores,0.7504466944609887,0.0007785263157894737,19000000
Herbivores,0.7504466944609887,0.00078125,20000000
Herbivores,0.7504466944609887,0.0007818571428571428,21000000
Herbivores,0.7504466944609887,0.0007842272727272727,22000000
Herbivores,0.7504466944609887,0.0007835217391304348,23000000
Herbivores,0.7504466944609887,0.0007815,24000000
Herbivores,0.7504466944609887,0.00078004,25000000
Herbivores,0.7504466944609887,0.00078,26000000
Herbivores,0.7504466944609887,0.000778,27000000
Herbivores,0.7504466944609887,0.0007773928571428571,28000000
Herbivores,0.7504466944609887,0.000776448275862069,29000000
Herbivores,0.7504466944609887,0.0007773333333333333,30000000
Herbivores,0.7504466944609887,0.0007773225806451613,31000000
Herbivores,0.7504466944609887,0.00077703125,32000000
Herbivores,0.7504466944609887,0.0007764545454545455,33000000
Herbivores,0.7504466944609887,0.0007767941176470588,34000000
Herbivores,0.7504466944609887,0.0007764,35000000
Herbivores,0.7504466944609887,0.0007777777777777777,36000000
Herbivores,0.7504466944609887,0.0007775135135135135,37000000
Herbivores,0.7504466944609887,0.0007771315789473684,38000000
Herbivores,0.7504466944609887,0.0007770769230769231,39000000
Herbivores,0.7504466944609887,0.000778375,40000000
Herbivores,0.7504466944609887,0.0007781219512195122,41000000
Herbivores,0.7504466944609887,0.0007779761904761905,42000000
Herbivores,0.7504466944609887,0.0007771395348837209,43000000
Herbivores,0.7504466944609887,0.0007778863636363636,44000000
Herbivores,0.7504466944609887,0.0007771555555555555,45000000
Herbivores,0.7504466944609887,0.0007772608695652174,46000000
Herbivores,0.7504466944609887,0.0007777659574468085,47000000
Herbivores,0.7504466944609887,0.0007788541666666666,48000000
Herbivores,0.7504466944609887,0.0007783673469387755,49000000
Herbivores,0.7504466944609887,0.00077876,50000000
Herbivores,0.7504466944609887,0.0007791960784313725,51000000
Herbivores,0.7504466944609887,0.0007792884615384616,52000000
Herbivores,0.7504466944609887,0.0007790754716981132,53000000
Herbivores,0.7504466944609887,0.0007787407407407408,54000000
Herbivores,0.7504466944609887,0.0007782,55000000
Herbivores,0.7504466944609887,0.0007785892857142857,56000000
Herbivores,0.7504466944609887,0.0007785964912280702,57000000
Herbivores,0.7504466944609887,0.0007790344827586207,58000000
Herbivores,0.7504466944609887,0.0007787796610169491,59000000
Herbivores,0.7504466944609887,0.0007791,60000000
Herbivores,0.7504466944609887,0.0007789672131147541,61000000
Herbivores,0.7504466944609887,0.0007791451612903225,62000000
Herbivores,0.7504466944609887,0.0007784444444444445,63000000
Herbivores,0.7504466944609887,0.000777625,64000000
Herbivores,0.7504466944609887,0.0007776615384615385,65000000
Herbivores,0.7504466944609887,0.0007775454545454546,66000000
Herbivores,0.7504466944609887,0.0007780298507462686,67000000
Herbivores,0.7504466944609887,0.0007775735294117647,68000000
Herbivores,0.7504466944609887,0.0007771884057971015,69000000
Herbivores,0.7504466944609887,0.0007767857142857142,70000000
Herbivores,0.7504466944609887,0.0007768591549295775,71000000
Herbivores,0.7504466944609887,0.00077675,72000000
Herbivores,0.7504466944609887,0.0007771369863013699,73000000
Herbivores,0.7504466944609887,0.0007767027027027027,74000000
Herbivores,0.7504466944609887,0.0007769333333333333,75000000
Herbivores,0.7504466944609887,0.000777,76000000
Herbivores,0.7504466944609887,0.0007770779220779221,77000000
Herbivores,0.7504466944609887,0.0007767564102564103,78000000
Herbivores,0.7504466944609887,0.0007766582278481012,79000000
Herbivores,0.7504466944609887,0.0007762875,80000000
Herbivores,0.7504466944609887,0.0007757530864197531,81000000
Herbivores,0.7504466944609887,0.000775609756097561,82000000
Herbivores,0.7504466944609887,0.000775578313253012,83000000
Herbivores,0.7504466944609887,0.0007749523809523809,84000000
Herbivores,0.7504466944609887,0.0007752588235294118,85000000
Herbivores,0.7504466944609887,0.0007749651162790698,86000000
Herbivores,0.7504466944609887,0.0007742413793103448,87000000
Herbivores,0.7504466944609887,0.0007740795454545455,88000000
Herbivores,0.7504466944609887,0.0007741011235955056,89000000
Herbivores,0.7504466944609887,0.0007736555555555556,90000000
Herbivores,0.7504466944609887,0.0007737802197802198,91000000
Herbivores,0.7504466944609887,0.0007739891304347826,92000000
Herbivores,0.7504466944609887,0.0007743978494623656,93000000
Herbivores,0.7504466944609887,0.0007743936170212766,94000000
Herbivores,0.7504466944609887,0.0007744,95000000
Herbivores,0.7504466944609887,0.0007746354166666666,96000000
Herbivores,0.7504466944609887,0.000775,97000000
Herbivores,0.7504466944609887,0.0007751326530612244,98000000
Herbivores,0.7504466944609887,0.0007751111111111111,99000000
Herbivores,0.7504466944609887,0.00077477,100000000
