Primary_Producers,0.8356164383561644,2.3e-5,1000000
Primary_Producers,0.8356164383561644,2.7e-5,2000000
Primary_Producers,0.8356164383561644,2.966666666666667e-5,3000000
Primary_Producers,0.8356164383561644,3.0e-5,4000000
Primary_Producers,0.8356164383561644,2.9e-5,5000000
Primary_Producers,0.8356164383561644,2.8166666666666666e-5,6000000
Primary_Producers,0.8356164383561644,2.857142857142857e-5,7000000
Primary_Producers,0.8356164383561644,2.8875e-5,8000000
Primary_Producers,0.8356164383561644,3.0111111111111113e-5,9000000
Primary_Producers,0.8356164383561644,3.01e-5,10000000
Primary_Producers,0.8356164383561644,3.009090909090909e-5,11000000
Primary_Producers,0.8356164383561644,2.966666666666667e-5,12000000
Primary_Producers,0.8356164383561644,2.976923076923077e-5,13000000
Primary_Producers,0.8356164383561644,3.0e-5,14000000
Primary_Producers,0.8356164383561644,3.0266666666666666e-5,15000000
Primary_Producers,0.8356164383561644,3.0625e-5,16000000
Primary_Producers,0.8356164383561644,3.1294117647058825e-5,17000000
Primary_Producers,0.8356164383561644,3.1222222222222225e-5,18000000
Primary_Producers,0.8356164383561644,3.142105263157895e-5,19000000
Primary_Producers,0.8356164383561644,3.155e-5,20000000
Primary_Producers,0.8356164383561644,3.161904761904762e-5,21000000
Primary_Producers,0.8356164383561644,3.1636363636363635e-5,22000000
Primary_Producers,0.8356164383561644,3.182608695652174e-5,23000000
Primary_Producers,0.8356164383561644,3.179166666666667e-5,24000000
Primary_Producers,0.8356164383561644,3.204e-5,25000000
Primary_Producers,0.8356164383561644,3.2e-5,26000000
Primary_Producers,0.8356164383561644,3.1777777777777775e-5,27000000
Primary_Producers,0.8356164383561644,3.182142857142857e-5,28000000
Primary_Producers,0.8356164383561644,3.1793103448275864e-5,29000000
Primary_Producers,0.8356164383561644,3.19e-5,30000000
Primary_Producers,0.8356164383561644,3.187096774193548e-5,31000000
Primary_Producers,0.8356164383561644,3.16875e-5,32000000
Primary_Producers,0.8356164383561644,3.1606060606060604e-5,33000000
Primary_Producers,0.8356164383561644,3.1470588235294115e-5,34000000
Primary_Producers,0.8356164383561644,3.114285714285714e-5,35000000
Primary_Producers,0.8356164383561644,3.1222222222222225e-5,36000000
Primary_Producers,0.8356164383561644,3.1459459459459457e-5,37000000
Primary_Producers,0.8356164383561644,3.142105263157895e-5,38000000
Primary_Producers,0.8356164383561644,3.143589743589744e-5,39000000
Primary_Producers,0.8356164383561644,3.17e-5,40000000
Primary_Producers,0.8356164383561644,3.14390243902439e-5,41000000
Primary_Producers,0.8356164383561644,3.142857142857143e-5,42000000
Primary_Producers,0.8356164383561644,3.148837209302326e-5,43000000
Primary_Producers,0.8356164383561644,3.159090909090909e-5,44000000
Primary_Producers,0.8356164383561644,3.16e-5,45000000
Primary_Producers,0.8356164383561644,3.158695652173913e-5,46000000
Primary_Producers,0.8356164383561644,3.180851063829787e-5,47000000
Primary_Producers,0.8356164383561644,3.1625e-5,48000000
Primary_Producers,0.8356164383561644,3.1653061224489796e-5,49000000
Primary_Producers,0.8356164383561644,3.172e-5,50000000
Primary_Producers,0.8356164383561644,3.184313725490196e-5,51000000
Primary_Producers,0.8356164383561644,3.1826923076923075e-5,52000000
Primary_Producers,0.8356164383561644,3.188679245283019e-5,53000000
Primary_Producers,0.8356164383561644,3.174074074074074e-5,54000000
Primary_Producers,0.8356164383561644,3.178181818181818e-5,55000000
Primary_Producers,0.8356164383561644,3.1642857142857145e-5,56000000
Primary_Producers,0.8356164383561644,3.1789473684210525e-5,57000000
Primary_Producers,0.8356164383561644,3.2e-5,58000000
Primary_Producers,0.8356164383561644,3.2e-5,59000000
Primary_Producers,0.8356164383561644,3.203333333333333e-5,60000000
Primary_Producers,0.8356164383561644,3.2180327868852456e-5,61000000
Primary_Producers,0.8356164383561644,3.204838709677419e-5,62000000
Primary_Producers,0.8356164383561644,3.2174603174603174e-5,63000000
Primary_Producers,0.8356164383561644,3.209375e-5,64000000
Primary_Producers,0.8356164383561644,3.209230769230769e-5,65000000
Primary_Producers,0.8356164383561644,3.240909090909091e-5,66000000
Primary_Producers,0.8356164383561644,3.2492537313432835e-5,67000000
Primary_Producers,0.8356164383561644,3.2441176470588234e-5,68000000
Primary_Producers,0.8356164383561644,3.243478260869565e-5,69000000
Primary_Producers,0.8356164383561644,3.241428571428571e-5,70000000
Primary_Producers,0.8356164383561644,3.240845070422535e-5,71000000
Primary_Producers,0.8356164383561644,3.247222222222222e-5,72000000
Primary_Producers,0.8356164383561644,3.238356164383562e-5,73000000
Primary_Producers,0.8356164383561644,3.237837837837838e-5,74000000
Primary_Producers,0.8356164383561644,3.232e-5,75000000
Primary_Producers,0.8356164383561644,3.236842105263158e-5,76000000
Primary_Producers,0.8356164383561644,3.24025974025974e-5,77000000
Primary_Producers,0.8356164383561644,3.233333333333333e-5,78000000
Primary_Producers,0.8356164383561644,3.2215189873417725e-5,79000000
Primary_Producers,0.8356164383561644,3.215e-5,80000000
Primary_Producers,0.8356164383561644,3.2234567901234566e-5,81000000
Primary_Producers,0.8356164383561644,3.214634146341463e-5,82000000
Primary_Producers,0.8356164383561644,3.225301204819277e-5,83000000
Primary_Producers,0.8356164383561644,3.2273809523809525e-5,84000000
Primary_Producers,0.8356164383561644,3.236470588235294e-5,85000000
Primary_Producers,0.8356164383561644,3.236046511627907e-5,86000000
Primary_Producers,0.8356164383561644,3.249425287356322e-5,87000000
Primary_Producers,0.8356164383561644,3.261363636363636e-5,88000000
Primary_Producers,0.8356164383561644,3.261797752808989e-5,89000000
Primary_Producers,0.8356164383561644,3.263333333333333e-5,90000000
Primary_Producers,0.8356164383561644,3.2626373626373623e-5,91000000
Primary_Producers,0.8356164383561644,3.257608695652174e-5,92000000
Primary_Producers,0.8356164383561644,3.258064516129032e-5,93000000
Primary_Producers,0.8356164383561644,3.253191489361702e-5,94000000
Primary_Producers,0.8356164383561644,3.26e-5,95000000
Primary_Producers,0.8356164383561644,3.265625e-5,96000000
Primary_Producers,0.8356164383561644,3.272164948453608e-5,97000000
Primary_Producers,0.8356164383561644,3.257142857142857e-5,98000000
Primary_Producers,0.8356164383561644,3.2555555555555555e-5,99000000
Primary_Producers,0.8356164383561644,3.26e-5,100000000
