all,0.20488385944014295,0.076803,1000000
all,0.20488385944014295,0.076781,2000000
all,0.20488385944014295,0.07686233333333334,3000000
all,0.20488385944014295,0.076905,4000000
all,0.20488385944014295,0.0768804,5000000
all,0.20488385944014295,0.076967,6000000
all,0.20488385944014295,0.07704257142857143,7000000
all,0.20488385944014295,0.077054875,8000000
all,0.20488385944014295,0.07703722222222223,9000000
all,0.20488385944014295,0.0770003,10000000
all,0.20488385944014295,0.077037,11000000
all,0.20488385944014295,0.077026,12000000
all,0.20488385944014295,0.07701423076923077,13000000
all,0.20488385944014295,0.07698064285714286,14000000
all,0.20488385944014295,0.07698953333333333,15000000
all,0.20488385944014295,0.07698725,16000000
all,0.20488385944014295,0.07697752941176471,17000000
all,0.20488385944014295,0.07697333333333334,18000000
all,0.20488385944014295,0.07698894736842106,19000000
all,0.20488385944014295,0.07698715,20000000
all,0.20488385944014295,0.07699038095238095,21000000
all,0.20488385944014295,0.07698490909090909,22000000
all,0.20488385944014295,0.07697547826086956,23000000
all,0.20488385944014295,0.076969,24000000
all,0.20488385944014295,0.0769656,25000000
all,0.20488385944014295,0.07695823076923076,26000000
all,0.20488385944014295,0.07695485185185186,27000000
all,0.20488385944014295,0.07696578571428571,28000000
all,0.20488385944014295,0.07695068965517242,29000000
all,0.20488385944014295,0.07695023333333334,30000000
all,0.20488385944014295,0.07695587096774194,31000000
all,0.20488385944014295,0.0769588125,32000000
all,0.20488385944014295,0.07696872727272727,33000000
all,0.20488385944014295,0.076955,34000000
all,0.20488385944014295,0.07695608571428571,35000000
all,0.20488385944014295,0.07695405555555555,36000000
all,0.20488385944014295,0.07694659459459459,37000000
all,0.20488385944014295,0.07694063157894737,38000000
all,0.20488385944014295,0.07693179487179487,39000000
all,0.20488385944014295,0.076931275,40000000
all,0.20488385944014295,0.07692780487804877,41000000
all,0.20488385944014295,0.07693271428571428,42000000
all,0.20488385944014295,0.07694448837209303,43000000
all,0.20488385944014295,0.07694888636363637,44000000
all,0.20488385944014295,0.07694522222222222,45000000
all,0.20488385944014295,0.07694423913043479,46000000
all,0.20488385944014295,0.0769381914893617,47000000
all,0.20488385944014295,0.07693110416666667,48000000
all,0.20488385944014295,0.07693063265306123,49000000
all,0.20488385944014295,0.07693288,50000000
all,0.20488385944014295,0.07693594117647058,51000000
all,0.20488385944014295,0.07694065384615385,52000000
all,0.20488385944014295,0.07694094339622641,53000000
all,0.20488385944014295,0.07694507407407407,54000000
all,0.20488385944014295,0.07694956363636364,55000000
all,0.20488385944014295,0.076951625,56000000
all,0.20488385944014295,0.07695285964912281,57000000
all,0.20488385944014295,0.07695125862068966,58000000
all,0.20488385944014295,0.07695389830508474,59000000
all,0.20488385944014295,0.07695681666666666,60000000
all,0.20488385944014295,0.07695591803278688,61000000
all,0.20488385944014295,0.07695606451612903,62000000
all,0.20488385944014295,0.07695526984126984,63000000
all,0.20488385944014295,0.076958421875,64000000
all,0.20488385944014295,0.07695558461538461,65000000
all,0.20488385944014295,0.07695495454545455,66000000
all,0.20488385944014295,0.07696077611940298,67000000
all,0.20488385944014295,0.07695982352941176,68000000
all,0.20488385944014295,0.07696053623188406,69000000
all,0.20488385944014295,0.076962,70000000
all,0.20488385944014295,0.07695977464788732,71000000
all,0.20488385944014295,0.0769577361111111,72000000
all,0.20488385944014295,0.07696708219178082,73000000
all,0.20488385944014295,0.07696966216216217,74000000
all,0.20488385944014295,0.07696554666666666,75000000
all,0.20488385944014295,0.07696532894736842,76000000
all,0.20488385944014295,0.0769631948051948,77000000
all,0.20488385944014295,0.07696220512820513,78000000
all,0.20488385944014295,0.07696677215189873,79000000
all,0.20488385944014295,0.0769671625,80000000
all,0.20488385944014295,0.07697119753086419,81000000
all,0.20488385944014295,0.07697219512195122,82000000
all,0.20488385944014295,0.07697492771084337,83000000
all,0.20488385944014295,0.0769662380952381,84000000
all,0.20488385944014295,0.07696764705882353,85000000
all,0.20488385944014295,0.0769656046511628,86000000
all,0.20488385944014295,0.07696633333333333,87000000
all,0.20488385944014295,0.07696493181818181,88000000
all,0.20488385944014295,0.07697034831460674,89000000
all,0.20488385944014295,0.07697368888888889,90000000
all,0.20488385944014295,0.07697432967032967,91000000
all,0.20488385944014295,0.07697193478260869,92000000
all,0.20488385944014295,0.0769666129032258,93000000
all,0.20488385944014295,0.07697021276595745,94000000
all,0.20488385944014295,0.07697056842105263,95000000
all,0.20488385944014295,0.07696789583333333,96000000
all,0.20488385944014295,0.07697063917525773,97000000
all,0.20488385944014295,0.07696674489795918,98000000
all,0.20488385944014295,0.0769630505050505,99000000
all,0.20488385944014295,0.0769634,100000000
