Herbivores,0.7347659699735061,0.942021,1000000
Herbivores,0.7347659699735061,0.942188,2000000
Herbivores,0.7347659699735061,0.9420073333333333,3000000
Herbivores,0.7347659699735061,0.9419455,4000000
Herbivores,0.7347659699735061,0.9419782,5000000
Herbivores,0.7347659699735061,0.9420003333333333,6000000
Herbivores,0.7347659699735061,0.941998,7000000
Herbivores,0.7347659699735061,0.942004375,8000000
Herbivores,0.7347659699735061,0.9420335555555556,9000000
Herbivores,0.7347659699735061,0.9420162,10000000
Herbivores,0.7347659699735061,0.9420288181818182,11000000
Herbivores,0.7347659699735061,0.9420505,12000000
Herbivores,0.7347659699735061,0.9420741538461539,13000000
Herbivores,0.7347659699735061,0.9420626428571428,14000000
Herbivores,0.7347659699735061,0.9420919333333333,15000000
Herbivores,0.7347659699735061,0.9420785,16000000
Herbivores,0.7347659699735061,0.9420795294117648,17000000
Herbivores,0.7347659699735061,0.9420621666666666,18000000
Herbivores,0.7347659699735061,0.9420835789473684,19000000
Herbivores,0.7347659699735061,0.94206505,20000000
Herbivores,0.7347659699735061,0.9420429047619048,21000000
Herbivores,0.7347659699735061,0.9420459090909091,22000000
Herbivores,0.7347659699735061,0.9420365217391304,23000000
Herbivores,0.7347659699735061,0.9420275416666667,24000000
Herbivores,0.7347659699735061,0.94200548,25000000
Herbivores,0.7347659699735061,0.9419921923076923,26000000
Herbivores,0.7347659699735061,0.9419877037037037,27000000
Herbivores,0.7347659699735061,0.9419936428571428,28000000
Herbivores,0.7347659699735061,0.9419965172413793,29000000
Herbivores,0.7347659699735061,0.9420019666666667,30000000
Herbivores,0.7347659699735061,0.9420047096774193,31000000
Herbivores,0.7347659699735061,0.94200784375,32000000
Herbivores,0.7347659699735061,0.9420069393939394,33000000
Herbivores,0.7347659699735061,0.9420155294117647,34000000
Herbivores,0.7347659699735061,0.9420102571428571,35000000
Herbivores,0.7347659699735061,0.9420053055555555,36000000
Herbivores,0.7347659699735061,0.9420086756756757,37000000
Herbivores,0.7347659699735061,0.9420030526315789,38000000
Herbivores,0.7347659699735061,0.9420024102564103,39000000
Herbivores,0.7347659699735061,0.94200185,40000000
Herbivores,0.7347659699735061,0.9419994146341464,41000000
Herbivores,0.7347659699735061,0.9420037857142857,42000000
Herbivores,0.7347659699735061,0.9420123023255814,43000000
Herbivores,0.7347659699735061,0.9420184090909091,44000000
Herbivores,0.7347659699735061,0.9420155555555556,45000000
Herbivores,0.7347659699735061,0.942013152173913,46000000
Herbivores,0.7347659699735061,0.9420156808510638,47000000
Herbivores,0.7347659699735061,0.9420204583333334,48000000
Herbivores,0.7347659699735061,0.9420248979591836,49000000
Herbivores,0.7347659699735061,0.94202166,50000000
Herbivores,0.7347659699735061,0.9420227058823529,51000000
Herbivores,0.7347659699735061,0.9420170961538461,52000000
Herbivores,0.7347659699735061,0.9420124716981132,53000000
Herbivores,0.7347659699735061,0.9420081111111112,54000000
Herbivores,0.7347659699735061,0.9420113454545455,55000000
Herbivores,0.7347659699735061,0.942013375,56000000
Herbivores,0.7347659699735061,0.9420134736842105,57000000
Herbivores,0.7347659699735061,0.9420172068965518,58000000
Herbivores,0.7347659699735061,0.942010186440678,59000000
Herbivores,0.7347659699735061,0.9420023,60000000
Herbivores,0.7347659699735061,0.9420031639344262,61000000
Herbivores,0.7347659699735061,0.9420011935483871,62000000
Herbivores,0.7347659699735061,0.9419968571428572,63000000
Herbivores,0.7347659699735061,0.941998609375,64000000
Herbivores,0.7347659699735061,0.9419954307692308,65000000
Herbivores,0.7347659699735061,0.9419987727272727,66000000
Herbivores,0.7347659699735061,0.9419987313432836,67000000
Herbivores,0.7347659699735061,0.9419963676470589,68000000
Herbivores,0.7347659699735061,0.9420000289855073,69000000
Herbivores,0.7347659699735061,0.9420078142857143,70000000
Herbivores,0.7347659699735061,0.9420080845070422,71000000
Herbivores,0.7347659699735061,0.94200225,72000000
Herbivores,0.7347659699735061,0.9419982191780822,73000000
Herbivores,0.7347659699735061,0.9419929864864864,74000000
Herbivores,0.7347659699735061,0.9419975866666667,75000000
Herbivores,0.7347659699735061,0.9419980131578948,76000000
Herbivores,0.7347659699735061,0.9420010779220779,77000000
Herbivores,0.7347659699735061,0.9419971794871795,78000000
Herbivores,0.7347659699735061,0.9419996962025317,79000000
Herbivores,0.7347659699735061,0.941996625,80000000
Herbivores,0.7347659699735061,0.9419998888888889,81000000
Herbivores,0.7347659699735061,0.9419996341463415,82000000
Herbivores,0.7347659699735061,0.9420035180722891,83000000
Herbivores,0.7347659699735061,0.9420069523809523,84000000
Herbivores,0.7347659699735061,0.9420066352941177,85000000
Herbivores,0.7347659699735061,0.9420085465116279,86000000
Herbivores,0.7347659699735061,0.9420102528735632,87000000
Herbivores,0.7347659699735061,0.9420115568181818,88000000
Herbivores,0.7347659699735061,0.9420111685393259,89000000
Herbivores,0.7347659699735061,0.9420082777777777,90000000
Herbivores,0.7347659699735061,0.9420132417582417,91000000
Herbivores,0.7347659699735061,0.9420141086956522,92000000
Herbivores,0.7347659699735061,0.9420077741935484,93000000
Herbivores,0.7347659699735061,0.9420107872340425,94000000
Herbivores,0.7347659699735061,0.9420144105263157,95000000
Herbivores,0.7347659699735061,0.94201971875,96000000
Herbivores,0.7347659699735061,0.9420193402061856,97000000
Herbivores,0.7347659699735061,0.9420179795918368,98000000
Herbivores,0.7347659699735061,0.9420165252525252,99000000
Herbivores,0.7347659699735061,0.94201435,100000000
