all,0.19520547945205474,0.0,1000000
all,0.19520547945205474,0.0,2000000
all,0.19520547945205474,0.0,3000000
all,0.19520547945205474,2.5e-7,4000000
all,0.19520547945205474,4.0e-7,5000000
all,0.19520547945205474,3.3333333333333335e-7,6000000
all,0.19520547945205474,2.857142857142857e-7,7000000
all,0.19520547945205474,2.5e-7,8000000
all,0.19520547945205474,2.2222222222222222e-7,9000000
all,0.19520547945205474,2.0e-7,10000000
all,0.19520547945205474,1.8181818181818183e-7,11000000
all,0.19520547945205474,2.5e-7,12000000
all,0.19520547945205474,2.3076923076923078e-7,13000000
all,0.19520547945205474,2.1428571428571428e-7,14000000
all,0.19520547945205474,2.0e-7,15000000
all,0.19520547945205474,2.5e-7,16000000
all,0.19520547945205474,2.3529411764705883e-7,17000000
all,0.19520547945205474,2.2222222222222222e-7,18000000
all,0.19520547945205474,2.105263157894737e-7,19000000
all,0.19520547945205474,2.0e-7,20000000
all,0.19520547945205474,2.380952380952381e-7,21000000
all,0.19520547945205474,2.2727272727272726e-7,22000000
all,0.19520547945205474,2.173913043478261e-7,23000000
all,0.19520547945205474,2.5e-7,24000000
all,0.19520547945205474,2.8e-7,25000000
all,0.19520547945205474,2.692307692307692e-7,26000000
all,0.19520547945205474,2.962962962962963e-7,27000000
all,0.19520547945205474,3.2142857142857145e-7,28000000
all,0.19520547945205474,3.103448275862069e-7,29000000
all,0.19520547945205474,3.0e-7,30000000
all,0.19520547945205474,2.903225806451613e-7,31000000
all,0.19520547945205474,3.125e-7,32000000
all,0.19520547945205474,3.0303030303030305e-7,33000000
all,0.19520547945205474,2.941176470588235e-7,34000000
all,0.19520547945205474,2.857142857142857e-7,35000000
all,0.19520547945205474,2.7777777777777776e-7,36000000
all,0.19520547945205474,2.702702702702703e-7,37000000
all,0.19520547945205474,2.631578947368421e-7,38000000
all,0.19520547945205474,2.564102564102564e-7,39000000
all,0.19520547945205474,2.5e-7,40000000
all,0.19520547945205474,2.439024390243902e-7,41000000
all,0.19520547945205474,2.380952380952381e-7,42000000
all,0.19520547945205474,2.558139534883721e-7,43000000
all,0.19520547945205474,2.5e-7,44000000
all,0.19520547945205474,2.4444444444444445e-7,45000000
all,0.19520547945205474,2.391304347826087e-7,46000000
all,0.19520547945205474,2.553191489361702e-7,47000000
all,0.19520547945205474,2.708333333333333e-7,48000000
all,0.19520547945205474,2.653061224489796e-7,49000000
all,0.19520547945205474,2.6e-7,50000000
all,0.19520547945205474,2.7450980392156863e-7,51000000
all,0.19520547945205474,2.692307692307692e-7,52000000
all,0.19520547945205474,2.641509433962264e-7,53000000
all,0.19520547945205474,2.592592592592593e-7,54000000
all,0.19520547945205474,2.5454545454545453e-7,55000000
all,0.19520547945205474,2.5e-7,56000000
all,0.19520547945205474,2.456140350877193e-7,57000000
all,0.19520547945205474,2.413793103448276e-7,58000000
all,0.19520547945205474,2.3728813559322033e-7,59000000
all,0.19520547945205474,2.3333333333333333e-7,60000000
all,0.19520547945205474,2.2950819672131146e-7,61000000
all,0.19520547945205474,2.2580645161290322e-7,62000000
all,0.19520547945205474,2.2222222222222222e-7,63000000
all,0.19520547945205474,2.1875e-7,64000000
all,0.19520547945205474,2.1538461538461537e-7,65000000
all,0.19520547945205474,2.1212121212121213e-7,66000000
all,0.19520547945205474,2.388059701492537e-7,67000000
all,0.19520547945205474,2.5e-7,68000000
all,0.19520547945205474,2.608695652173913e-7,69000000
all,0.19520547945205474,2.5714285714285716e-7,70000000
all,0.19520547945205474,2.535211267605634e-7,71000000
all,0.19520547945205474,2.5e-7,72000000
all,0.19520547945205474,2.6027397260273975e-7,73000000
all,0.19520547945205474,2.702702702702703e-7,74000000
all,0.19520547945205474,2.6666666666666667e-7,75000000
all,0.19520547945205474,2.631578947368421e-7,76000000
all,0.19520547945205474,2.7272727272727274e-7,77000000
all,0.19520547945205474,2.692307692307692e-7,78000000
all,0.19520547945205474,2.658227848101266e-7,79000000
all,0.19520547945205474,2.625e-7,80000000
all,0.19520547945205474,2.592592592592593e-7,81000000
all,0.19520547945205474,2.5609756097560976e-7,82000000
all,0.19520547945205474,2.7710843373493974e-7,83000000
all,0.19520547945205474,2.738095238095238e-7,84000000
all,0.19520547945205474,2.705882352941176e-7,85000000
all,0.19520547945205474,2.6744186046511626e-7,86000000
all,0.19520547945205474,2.64367816091954e-7,87000000
all,0.19520547945205474,2.6136363636363634e-7,88000000
all,0.19520547945205474,2.584269662921348e-7,89000000
all,0.19520547945205474,2.5555555555555553e-7,90000000
all,0.19520547945205474,2.5274725274725275e-7,91000000
all,0.19520547945205474,2.5e-7,92000000
all,0.19520547945205474,2.473118279569892e-7,93000000
all,0.19520547945205474,2.4468085106382976e-7,94000000
all,0.19520547945205474,2.4210526315789473e-7,95000000
all,0.19520547945205474,2.5e-7,96000000
all,0.19520547945205474,2.474226804123711e-7,97000000
all,0.19520547945205474,2.551020408163265e-7,98000000
all,0.19520547945205474,2.525252525252525e-7,99000000
all,0.19520547945205474,2.6e-7,100000000
