Consumers,0.35825877335311307,1.0e-6,1000000
Consumers,0.35825877335311307,1.0e-6,2000000
Consumers,0.35825877335311307,2.333333333333333e-6,3000000
Consumers,0.35825877335311307,2.25e-6,4000000
Consumers,0.35825877335311307,2.4e-6,5000000
Consumers,0.35825877335311307,2.1666666666666665e-6,6000000
Consumers,0.35825877335311307,2.5714285714285716e-6,7000000
Consumers,0.35825877335311307,2.875e-6,8000000
Consumers,0.35825877335311307,2.888888888888889e-6,9000000
Consumers,0.35825877335311307,3.1e-6,10000000
Consumers,0.35825877335311307,3.0e-6,11000000
Consumers,0.35825877335311307,2.9166666666666666e-6,12000000
Consumers,0.35825877335311307,2.846153846153846e-6,13000000
Consumers,0.35825877335311307,2.8571428571428573e-6,14000000
Consumers,0.35825877335311307,2.8e-6,15000000
Consumers,0.35825877335311307,3.125e-6,16000000
Consumers,0.35825877335311307,3.1176470588235293e-6,17000000
Consumers,0.35825877335311307,3.1666666666666667e-6,18000000
Consumers,0.35825877335311307,3.0526315789473684e-6,19000000
Consumers,0.35825877335311307,3.05e-6,20000000
Consumers,0.35825877335311307,3.142857142857143e-6,21000000
Consumers,0.35825877335311307,3.090909090909091e-6,22000000
Consumers,0.35825877335311307,3.0434782608695654e-6,23000000
Consumers,0.35825877335311307,3.083333333333333e-6,24000000
Consumers,0.35825877335311307,3.08e-6,25000000
Consumers,0.35825877335311307,3.230769230769231e-6,26000000
Consumers,0.35825877335311307,3.296296296296296e-6,27000000
Consumers,0.35825877335311307,3.3214285714285716e-6,28000000
Consumers,0.35825877335311307,3.275862068965517e-6,29000000
Consumers,0.35825877335311307,3.2666666666666666e-6,30000000
Consumers,0.35825877335311307,3.225806451612903e-6,31000000
Consumers,0.35825877335311307,3.15625e-6,32000000
Consumers,0.35825877335311307,3.1818181818181817e-6,33000000
Consumers,0.35825877335311307,3.235294117647059e-6,34000000
Consumers,0.35825877335311307,3.2285714285714288e-6,35000000
Consumers,0.35825877335311307,3.1666666666666667e-6,36000000
Consumers,0.35825877335311307,3.189189189189189e-6,37000000
Consumers,0.35825877335311307,3.131578947368421e-6,38000000
Consumers,0.35825877335311307,3.051282051282051e-6,39000000
Consumers,0.35825877335311307,3.025e-6,40000000
Consumers,0.35825877335311307,2.975609756097561e-6,41000000
Consumers,0.35825877335311307,2.904761904761905e-6,42000000
Consumers,0.35825877335311307,2.9302325581395348e-6,43000000
Consumers,0.35825877335311307,2.9090909090909093e-6,44000000
Consumers,0.35825877335311307,2.888888888888889e-6,45000000
Consumers,0.35825877335311307,2.9347826086956523e-6,46000000
Consumers,0.35825877335311307,2.9574468085106383e-6,47000000
Consumers,0.35825877335311307,2.9583333333333335e-6,48000000
Consumers,0.35825877335311307,2.9795918367346938e-6,49000000
Consumers,0.35825877335311307,3.06e-6,50000000
Consumers,0.35825877335311307,3.019607843137255e-6,51000000
Consumers,0.35825877335311307,3.076923076923077e-6,52000000
Consumers,0.35825877335311307,3.0754716981132077e-6,53000000
Consumers,0.35825877335311307,3.1296296296296295e-6,54000000
Consumers,0.35825877335311307,3.109090909090909e-6,55000000
Consumers,0.35825877335311307,3.2142857142857143e-6,56000000
Consumers,0.35825877335311307,3.2280701754385966e-6,57000000
Consumers,0.35825877335311307,3.275862068965517e-6,58000000
Consumers,0.35825877335311307,3.305084745762712e-6,59000000
Consumers,0.35825877335311307,3.2833333333333334e-6,60000000
Consumers,0.35825877335311307,3.2786885245901638e-6,61000000
Consumers,0.35825877335311307,3.290322580645161e-6,62000000
Consumers,0.35825877335311307,3.349206349206349e-6,63000000
Consumers,0.35825877335311307,3.3125e-6,64000000
Consumers,0.35825877335311307,3.3384615384615384e-6,65000000
Consumers,0.35825877335311307,3.3333333333333333e-6,66000000
Consumers,0.35825877335311307,3.3582089552238804e-6,67000000
Consumers,0.35825877335311307,3.338235294117647e-6,68000000
Consumers,0.35825877335311307,3.3043478260869563e-6,69000000
Consumers,0.35825877335311307,3.314285714285714e-6,70000000
Consumers,0.35825877335311307,3.295774647887324e-6,71000000
Consumers,0.35825877335311307,3.3055555555555558e-6,72000000
Consumers,0.35825877335311307,3.2876712328767123e-6,73000000
Consumers,0.35825877335311307,3.3108108108108106e-6,74000000
Consumers,0.35825877335311307,3.2933333333333333e-6,75000000
Consumers,0.35825877335311307,3.3026315789473686e-6,76000000
Consumers,0.35825877335311307,3.3116883116883117e-6,77000000
Consumers,0.35825877335311307,3.358974358974359e-6,78000000
Consumers,0.35825877335311307,3.3544303797468355e-6,79000000
Consumers,0.35825877335311307,3.4125e-6,80000000
Consumers,0.35825877335311307,3.382716049382716e-6,81000000
Consumers,0.35825877335311307,3.3902439024390243e-6,82000000
Consumers,0.35825877335311307,3.3734939759036146e-6,83000000
Consumers,0.35825877335311307,3.3452380952380954e-6,84000000
Consumers,0.35825877335311307,3.352941176470588e-6,85000000
Consumers,0.35825877335311307,3.3488372093023258e-6,86000000
Consumers,0.35825877335311307,3.3563218390804597e-6,87000000
Consumers,0.35825877335311307,3.375e-6,88000000
Consumers,0.35825877335311307,3.4044943820224717e-6,89000000
Consumers,0.35825877335311307,3.4e-6,90000000
Consumers,0.35825877335311307,3.395604395604396e-6,91000000
Consumers,0.35825877335311307,3.3695652173913045e-6,92000000
Consumers,0.35825877335311307,3.3655913978494623e-6,93000000
Consumers,0.35825877335311307,3.372340425531915e-6,94000000
Consumers,0.35825877335311307,3.368421052631579e-6,95000000
Consumers,0.35825877335311307,3.3333333333333333e-6,96000000
Consumers,0.35825877335311307,3.3402061855670103e-6,97000000
Consumers,0.35825877335311307,3.306122448979592e-6,98000000
Consumers,0.35825877335311307,3.313131313131313e-6,99000000
Consumers,0.35825877335311307,3.3e-6,100000000
