Herbivores,0.7424152290303391,0.999134,1000000
Herbivores,0.7424152290303391,0.9991005,2000000
Herbivores,0.7424152290303391,0.9991103333333333,3000000
Herbivores,0.7424152290303391,0.9991035,4000000
Herbivores,0.7424152290303391,0.9990972,5000000
Herbivores,0.7424152290303391,0.999096,6000000
Herbivores,0.7424152290303391,0.9990922857142858,7000000
Herbivores,0.7424152290303391,0.999091875,8000000
Herbivores,0.7424152290303391,0.99909,9000000
Herbivores,0.7424152290303391,0.9990932,10000000
Herbivores,0.7424152290303391,0.999094090909091,11000000
Herbivores,0.7424152290303391,0.9990935833333333,12000000
Herbivores,0.7424152290303391,0.9990924615384615,13000000
Herbivores,0.7424152290303391,0.9990904285714286,14000000
Herbivores,0.7424152290303391,0.9990919333333333,15000000
Herbivores,0.7424152290303391,0.999091625,16000000
Herbivores,0.7424152290303391,0.9990938235294118,17000000
Herbivores,0.7424152290303391,0.9990928888888889,18000000
Herbivores,0.7424152290303391,0.999092947368421,19000000
Herbivores,0.7424152290303391,0.99909295,20000000
Herbivores,0.7424152290303391,0.9990918571428572,21000000
Herbivores,0.7424152290303391,0.9990932727272728,22000000
Herbivores,0.7424152290303391,0.9990935217391305,23000000
Herbivores,0.7424152290303391,0.9990924166666667,24000000
Herbivores,0.7424152290303391,0.99909176,25000000
Herbivores,0.7424152290303391,0.999092,26000000
Herbivores,0.7424152290303391,0.9990906296296296,27000000
Herbivores,0.7424152290303391,0.9990901071428572,28000000
Herbivores,0.7424152290303391,0.9990914137931034,29000000
Herbivores,0.7424152290303391,0.9990895,30000000
Herbivores,0.7424152290303391,0.9990902258064516,31000000
Herbivores,0.7424152290303391,0.99909,32000000
Herbivores,0.7424152290303391,0.9990895757575757,33000000
Herbivores,0.7424152290303391,0.9990889411764706,34000000
Herbivores,0.7424152290303391,0.9990876285714285,35000000
Herbivores,0.7424152290303391,0.9990882222222223,36000000
Herbivores,0.7424152290303391,0.9990887297297297,37000000
Herbivores,0.7424152290303391,0.9990884736842105,38000000
Herbivores,0.7424152290303391,0.9990886666666666,39000000
Herbivores,0.7424152290303391,0.999088375,40000000
Herbivores,0.7424152290303391,0.9990890731707317,41000000
Herbivores,0.7424152290303391,0.999089380952381,42000000
Herbivores,0.7424152290303391,0.9990895813953489,43000000
Herbivores,0.7424152290303391,0.999090159090909,44000000
Herbivores,0.7424152290303391,0.9990903111111111,45000000
Herbivores,0.7424152290303391,0.9990906304347826,46000000
Herbivores,0.7424152290303391,0.9990905744680851,47000000
Herbivores,0.7424152290303391,0.9990921666666667,48000000
Herbivores,0.7424152290303391,0.9990917346938776,49000000
Herbivores,0.7424152290303391,0.99909078,50000000
Herbivores,0.7424152290303391,0.9990896862745098,51000000
Herbivores,0.7424152290303391,0.9990901346153847,52000000
Herbivores,0.7424152290303391,0.9990901320754717,53000000
Herbivores,0.7424152290303391,0.999090537037037,54000000
Herbivores,0.7424152290303391,0.9990909818181818,55000000
Herbivores,0.7424152290303391,0.99909125,56000000
Herbivores,0.7424152290303391,0.9990910701754386,57000000
Herbivores,0.7424152290303391,0.9990907586206896,58000000
Herbivores,0.7424152290303391,0.9990915762711864,59000000
Herbivores,0.7424152290303391,0.9990912166666667,60000000
Herbivores,0.7424152290303391,0.9990914426229508,61000000
Herbivores,0.7424152290303391,0.9990920806451613,62000000
Herbivores,0.7424152290303391,0.9990920793650794,63000000
Herbivores,0.7424152290303391,0.99909215625,64000000
Herbivores,0.7424152290303391,0.9990921538461538,65000000
Herbivores,0.7424152290303391,0.9990929696969697,66000000
Herbivores,0.7424152290303391,0.9990929701492537,67000000
Herbivores,0.7424152290303391,0.9990935441176471,68000000
Herbivores,0.7424152290303391,0.9990937391304348,69000000
Herbivores,0.7424152290303391,0.9990939142857143,70000000
Herbivores,0.7424152290303391,0.9990937464788733,71000000
Herbivores,0.7424152290303391,0.9990938611111111,72000000
Herbivores,0.7424152290303391,0.9990941780821918,73000000
Herbivores,0.7424152290303391,0.9990947702702703,74000000
Herbivores,0.7424152290303391,0.9990950133333333,75000000
Herbivores,0.7424152290303391,0.9990951184210526,76000000
Herbivores,0.7424152290303391,0.9990954545454546,77000000
Herbivores,0.7424152290303391,0.999095782051282,78000000
Herbivores,0.7424152290303391,0.9990964303797468,79000000
Herbivores,0.7424152290303391,0.9990968375,80000000
Herbivores,0.7424152290303391,0.9990973209876544,81000000
Herbivores,0.7424152290303391,0.9990970365853659,82000000
Herbivores,0.7424152290303391,0.9990971084337349,83000000
Herbivores,0.7424152290303391,0.9990970119047619,84000000
Herbivores,0.7424152290303391,0.9990969058823529,85000000
Herbivores,0.7424152290303391,0.9990968837209302,86000000
Herbivores,0.7424152290303391,0.9990974712643678,87000000
Herbivores,0.7424152290303391,0.9990976818181818,88000000
Herbivores,0.7424152290303391,0.9990977752808988,89000000
Herbivores,0.7424152290303391,0.9990980444444445,90000000
Herbivores,0.7424152290303391,0.9990978791208791,91000000
Herbivores,0.7424152290303391,0.9990978804347826,92000000
Herbivores,0.7424152290303391,0.9990984516129032,93000000
Herbivores,0.7424152290303391,0.9990984255319149,94000000
Herbivores,0.7424152290303391,0.9990986210526316,95000000
Herbivores,0.7424152290303391,0.999099125,96000000
Herbivores,0.7424152290303391,0.9990994742268041,97000000
Herbivores,0.7424152290303391,0.9990997857142857,98000000
Herbivores,0.7424152290303391,0.9990998686868687,99000000
Herbivores,0.7424152290303391,0.99909993,100000000
