Parasites,0.4038755736868945,2.0e-6,1000000
Parasites,0.4038755736868945,3.5e-6,2000000
Parasites,0.4038755736868945,2.666666666666667e-6,3000000
Parasites,0.4038755736868945,2.25e-6,4000000
Parasites,0.4038755736868945,2.2e-6,5000000
Parasites,0.4038755736868945,2.333333333333333e-6,6000000
Parasites,0.4038755736868945,2.4285714285714284e-6,7000000
Parasites,0.4038755736868945,3.0e-6,8000000
Parasites,0.4038755736868945,3.0e-6,9000000
Parasites,0.4038755736868945,3.1e-6,10000000
Parasites,0.4038755736868945,3.0e-6,11000000
Parasites,0.4038755736868945,3.083333333333333e-6,12000000
Parasites,0.4038755736868945,3.307692307692308e-6,13000000
Parasites,0.4038755736868945,3.142857142857143e-6,14000000
Parasites,0.4038755736868945,3.2e-6,15000000
Parasites,0.4038755736868945,3.0625e-6,16000000
Parasites,0.4038755736868945,3.0e-6,17000000
Parasites,0.4038755736868945,2.8333333333333335e-6,18000000
Parasites,0.4038755736868945,2.8947368421052634e-6,19000000
Parasites,0.4038755736868945,3.0e-6,20000000
Parasites,0.4038755736868945,3.142857142857143e-6,21000000
Parasites,0.4038755736868945,3.090909090909091e-6,22000000
Parasites,0.4038755736868945,2.9565217391304348e-6,23000000
Parasites,0.4038755736868945,2.875e-6,24000000
Parasites,0.4038755736868945,2.96e-6,25000000
Parasites,0.4038755736868945,2.9615384615384614e-6,26000000
Parasites,0.4038755736868945,2.9259259259259257e-6,27000000
Parasites,0.4038755736868945,2.8928571428571427e-6,28000000
Parasites,0.4038755736868945,2.931034482758621e-6,29000000
Parasites,0.4038755736868945,3.0e-6,30000000
Parasites,0.4038755736868945,3.0e-6,31000000
Parasites,0.4038755736868945,3.03125e-6,32000000
Parasites,0.4038755736868945,3.0e-6,33000000
Parasites,0.4038755736868945,3.0e-6,34000000
Parasites,0.4038755736868945,3.057142857142857e-6,35000000
Parasites,0.4038755736868945,3.0555555555555556e-6,36000000
Parasites,0.4038755736868945,3.1081081081081082e-6,37000000
Parasites,0.4038755736868945,3.0526315789473684e-6,38000000
Parasites,0.4038755736868945,3.0e-6,39000000
Parasites,0.4038755736868945,3.0e-6,40000000
Parasites,0.4038755736868945,3.024390243902439e-6,41000000
Parasites,0.4038755736868945,3.0476190476190477e-6,42000000
Parasites,0.4038755736868945,3.1627906976744187e-6,43000000
Parasites,0.4038755736868945,3.1363636363636363e-6,44000000
Parasites,0.4038755736868945,3.111111111111111e-6,45000000
Parasites,0.4038755736868945,3.108695652173913e-6,46000000
Parasites,0.4038755736868945,3.0851063829787233e-6,47000000
Parasites,0.4038755736868945,3.083333333333333e-6,48000000
Parasites,0.4038755736868945,3.0612244897959185e-6,49000000
Parasites,0.4038755736868945,3.04e-6,50000000
Parasites,0.4038755736868945,3.03921568627451e-6,51000000
Parasites,0.4038755736868945,3.0e-6,52000000
Parasites,0.4038755736868945,3.0188679245283018e-6,53000000
Parasites,0.4038755736868945,3.0370370370370372e-6,54000000
Parasites,0.4038755736868945,3.0363636363636364e-6,55000000
Parasites,0.4038755736868945,3.0714285714285715e-6,56000000
Parasites,0.4038755736868945,3.0526315789473684e-6,57000000
Parasites,0.4038755736868945,3.086206896551724e-6,58000000
Parasites,0.4038755736868945,3.1186440677966103e-6,59000000
Parasites,0.4038755736868945,3.1333333333333335e-6,60000000
Parasites,0.4038755736868945,3.098360655737705e-6,61000000
Parasites,0.4038755736868945,3.1129032258064516e-6,62000000
Parasites,0.4038755736868945,3.111111111111111e-6,63000000
Parasites,0.4038755736868945,3.109375e-6,64000000
Parasites,0.4038755736868945,3.1076923076923076e-6,65000000
Parasites,0.4038755736868945,3.1363636363636363e-6,66000000
Parasites,0.4038755736868945,3.1343283582089554e-6,67000000
Parasites,0.4038755736868945,3.161764705882353e-6,68000000
Parasites,0.4038755736868945,3.1594202898550726e-6,69000000
Parasites,0.4038755736868945,3.1285714285714284e-6,70000000
Parasites,0.4038755736868945,3.0985915492957746e-6,71000000
Parasites,0.4038755736868945,3.111111111111111e-6,72000000
Parasites,0.4038755736868945,3.1506849315068495e-6,73000000
Parasites,0.4038755736868945,3.1486486486486486e-6,74000000
Parasites,0.4038755736868945,3.1333333333333335e-6,75000000
Parasites,0.4038755736868945,3.144736842105263e-6,76000000
Parasites,0.4038755736868945,3.116883116883117e-6,77000000
Parasites,0.4038755736868945,3.153846153846154e-6,78000000
Parasites,0.4038755736868945,3.1645569620253167e-6,79000000
Parasites,0.4038755736868945,3.125e-6,80000000
Parasites,0.4038755736868945,3.111111111111111e-6,81000000
Parasites,0.4038755736868945,3.0853658536585366e-6,82000000
Parasites,0.4038755736868945,3.0602409638554215e-6,83000000
Parasites,0.4038755736868945,3.023809523809524e-6,84000000
Parasites,0.4038755736868945,3.0e-6,85000000
Parasites,0.4038755736868945,3.011627906976744e-6,86000000
Parasites,0.4038755736868945,3.045977011494253e-6,87000000
Parasites,0.4038755736868945,3.068181818181818e-6,88000000
Parasites,0.4038755736868945,3.0674157303370786e-6,89000000
Parasites,0.4038755736868945,3.066666666666667e-6,90000000
Parasites,0.4038755736868945,3.054945054945055e-6,91000000
Parasites,0.4038755736868945,3.0543478260869566e-6,92000000
Parasites,0.4038755736868945,3.086021505376344e-6,93000000
Parasites,0.4038755736868945,3.0957446808510637e-6,94000000
Parasites,0.4038755736868945,3.094736842105263e-6,95000000
Parasites,0.4038755736868945,3.09375e-6,96000000
Parasites,0.4038755736868945,3.1030927835051545e-6,97000000
Parasites,0.4038755736868945,3.1020408163265307e-6,98000000
Parasites,0.4038755736868945,3.111111111111111e-6,99000000
Parasites,0.4038755736868945,3.09e-6,100000000
