Herbivores,0.5411140583554377,0.846272,1000000
Herbivores,0.5411140583554377,0.846451,2000000
Herbivores,0.5411140583554377,0.8462773333333333,3000000
Herbivores,0.5411140583554377,0.8464245,4000000
Herbivores,0.5411140583554377,0.8465228,5000000
Herbivores,0.5411140583554377,0.8465636666666667,6000000
Herbivores,0.5411140583554377,0.8465678571428571,7000000
Herbivores,0.5411140583554377,0.846489875,8000000
Herbivores,0.5411140583554377,0.8464401111111111,9000000
Herbivores,0.5411140583554377,0.8464446,10000000
Herbivores,0.5411140583554377,0.8464603636363637,11000000
Herbivores,0.5411140583554377,0.846426,12000000
Herbivores,0.5411140583554377,0.8464424615384616,13000000
Herbivores,0.5411140583554377,0.8464448571428571,14000000
Herbivores,0.5411140583554377,0.8464194666666667,15000000
Herbivores,0.5411140583554377,0.8464264375,16000000
Herbivores,0.5411140583554377,0.8464239411764706,17000000
Herbivores,0.5411140583554377,0.8464240555555556,18000000
Herbivores,0.5411140583554377,0.8463894736842106,19000000
Herbivores,0.5411140583554377,0.8464309,20000000
Herbivores,0.5411140583554377,0.8464166666666667,21000000
Herbivores,0.5411140583554377,0.8463997272727273,22000000
Herbivores,0.5411140583554377,0.8463823913043478,23000000
Herbivores,0.5411140583554377,0.846373125,24000000
Herbivores,0.5411140583554377,0.84636176,25000000
Herbivores,0.5411140583554377,0.8463777692307692,26000000
Herbivores,0.5411140583554377,0.8463532962962963,27000000
Herbivores,0.5411140583554377,0.8463451428571429,28000000
Herbivores,0.5411140583554377,0.8463560344827586,29000000
Herbivores,0.5411140583554377,0.8463641666666667,30000000
Herbivores,0.5411140583554377,0.846342,31000000
Herbivores,0.5411140583554377,0.84634703125,32000000
Herbivores,0.5411140583554377,0.8463330606060606,33000000
Herbivores,0.5411140583554377,0.8463198823529412,34000000
Herbivores,0.5411140583554377,0.8463370857142857,35000000
Herbivores,0.5411140583554377,0.8463415833333333,36000000
Herbivores,0.5411140583554377,0.8463525405405405,37000000
Herbivores,0.5411140583554377,0.8463575789473684,38000000
Herbivores,0.5411140583554377,0.8463745384615384,39000000
Herbivores,0.5411140583554377,0.846372625,40000000
Herbivores,0.5411140583554377,0.8463708780487805,41000000
Herbivores,0.5411140583554377,0.8463717380952381,42000000
Herbivores,0.5411140583554377,0.8463748372093023,43000000
Herbivores,0.5411140583554377,0.8463650681818182,44000000
Herbivores,0.5411140583554377,0.8463640666666666,45000000
Herbivores,0.5411140583554377,0.8463742608695652,46000000
Herbivores,0.5411140583554377,0.8463702553191489,47000000
Herbivores,0.5411140583554377,0.846376625,48000000
Herbivores,0.5411140583554377,0.8463733673469388,49000000
Herbivores,0.5411140583554377,0.84635758,50000000
Herbivores,0.5411140583554377,0.8463587450980392,51000000
Herbivores,0.5411140583554377,0.8463498269230769,52000000
Herbivores,0.5411140583554377,0.8463452830188679,53000000
Herbivores,0.5411140583554377,0.8463427222222222,54000000
Herbivores,0.5411140583554377,0.8463457272727273,55000000
Herbivores,0.5411140583554377,0.8463382142857143,56000000
Herbivores,0.5411140583554377,0.8463393333333333,57000000
Herbivores,0.5411140583554377,0.846331224137931,58000000
Herbivores,0.5411140583554377,0.8463323389830508,59000000
Herbivores,0.5411140583554377,0.84633895,60000000
Herbivores,0.5411140583554377,0.846339131147541,61000000
Herbivores,0.5411140583554377,0.8463414032258064,62000000
Herbivores,0.5411140583554377,0.846337873015873,63000000
Herbivores,0.5411140583554377,0.84633840625,64000000
Herbivores,0.5411140583554377,0.84634,65000000
Herbivores,0.5411140583554377,0.8463347575757576,66000000
Herbivores,0.5411140583554377,0.8463409552238806,67000000
Herbivores,0.5411140583554377,0.8463425882352941,68000000
Herbivores,0.5411140583554377,0.8463354782608695,69000000
Herbivores,0.5411140583554377,0.8463274571428572,70000000
Herbivores,0.5411140583554377,0.8463260985915493,71000000
Herbivores,0.5411140583554377,0.8463233055555556,72000000
Herbivores,0.5411140583554377,0.8463311095890411,73000000
Herbivores,0.5411140583554377,0.846341527027027,74000000
Herbivores,0.5411140583554377,0.8463428133333334,75000000
Herbivores,0.5411140583554377,0.8463454868421053,76000000
Herbivores,0.5411140583554377,0.846339038961039,77000000
Herbivores,0.5411140583554377,0.8463387948717949,78000000
Herbivores,0.5411140583554377,0.8463390253164557,79000000
Herbivores,0.5411140583554377,0.8463390125,80000000
Herbivores,0.5411140583554377,0.8463364938271605,81000000
Herbivores,0.5411140583554377,0.8463360609756098,82000000
Herbivores,0.5411140583554377,0.8463354939759036,83000000
Herbivores,0.5411140583554377,0.8463368928571429,84000000
Herbivores,0.5411140583554377,0.8463318823529412,85000000
Herbivores,0.5411140583554377,0.8463346976744186,86000000
Herbivores,0.5411140583554377,0.8463311034482759,87000000
Herbivores,0.5411140583554377,0.8463348181818182,88000000
Herbivores,0.5411140583554377,0.8463394831460674,89000000
Herbivores,0.5411140583554377,0.8463391222222222,90000000
Herbivores,0.5411140583554377,0.8463401538461538,91000000
Herbivores,0.5411140583554377,0.8463358260869566,92000000
Herbivores,0.5411140583554377,0.8463386451612903,93000000
Herbivores,0.5411140583554377,0.8463393723404256,94000000
Herbivores,0.5411140583554377,0.8463449578947368,95000000
Herbivores,0.5411140583554377,0.8463476041666667,96000000
Herbivores,0.5411140583554377,0.846346030927835,97000000
Herbivores,0.5411140583554377,0.8463427448979591,98000000
Herbivores,0.5411140583554377,0.8463456161616162,99000000
Herbivores,0.5411140583554377,0.84634605,100000000
