Primary_Producers,0.75,0.693871,1000000
Primary_Producers,0.75,0.693631,2000000
Primary_Producers,0.75,0.6937216666666667,3000000
Primary_Producers,0.75,0.69365375,4000000
Primary_Producers,0.75,0.6936518,5000000
Primary_Producers,0.75,0.6935521666666666,6000000
Primary_Producers,0.75,0.693491,7000000
Primary_Producers,0.75,0.69352275,8000000
Primary_Producers,0.75,0.6934557777777778,9000000
Primary_Producers,0.75,0.693366,10000000
Primary_Producers,0.75,0.6933662727272727,11000000
Primary_Producers,0.75,0.693461,12000000
Primary_Producers,0.75,0.6935008461538461,13000000
Primary_Producers,0.75,0.693532,14000000
Primary_Producers,0.75,0.6934834,15000000
Primary_Producers,0.75,0.69356525,16000000
Primary_Producers,0.75,0.6935977058823529,17000000
Primary_Producers,0.75,0.6935778333333333,18000000
Primary_Producers,0.75,0.6935505789473684,19000000
Primary_Producers,0.75,0.69356805,20000000
Primary_Producers,0.75,0.6935760476190476,21000000
Primary_Producers,0.75,0.6936393181818182,22000000
Primary_Producers,0.75,0.6936427826086956,23000000
Primary_Producers,0.75,0.6936114583333334,24000000
Primary_Producers,0.75,0.6936112,25000000
Primary_Producers,0.75,0.6936288461538461,26000000
Primary_Producers,0.75,0.6935991111111112,27000000
Primary_Producers,0.75,0.6935754285714286,28000000
Primary_Producers,0.75,0.6935630689655172,29000000
Primary_Producers,0.75,0.6935643666666667,30000000
Primary_Producers,0.75,0.6935697096774194,31000000
Primary_Producers,0.75,0.6935905625,32000000
Primary_Producers,0.75,0.6936044848484848,33000000
Primary_Producers,0.75,0.6936167058823529,34000000
Primary_Producers,0.75,0.6936262857142858,35000000
Primary_Producers,0.75,0.6936231388888889,36000000
Primary_Producers,0.75,0.6936034864864865,37000000
Primary_Producers,0.75,0.6936192105263158,38000000
Primary_Producers,0.75,0.6935934102564103,39000000
Primary_Producers,0.75,0.693596775,40000000
Primary_Producers,0.75,0.6935832682926829,41000000
Primary_Producers,0.75,0.6935912857142857,42000000
Primary_Producers,0.75,0.6935897209302325,43000000
Primary_Producers,0.75,0.6935747045454546,44000000
Primary_Producers,0.75,0.6935957777777778,45000000
Primary_Producers,0.75,0.6935990652173913,46000000
Primary_Producers,0.75,0.693616659574468,47000000
Primary_Producers,0.75,0.69361075,48000000
Primary_Producers,0.75,0.6936332857142857,49000000
Primary_Producers,0.75,0.69363224,50000000
Primary_Producers,0.75,0.6936386470588235,51000000
Primary_Producers,0.75,0.6936430769230769,52000000
Primary_Producers,0.75,0.6936523584905661,53000000
Primary_Producers,0.75,0.6936592777777778,54000000
Primary_Producers,0.75,0.6936627818181819,55000000
Primary_Producers,0.75,0.693663125,56000000
Primary_Producers,0.75,0.6936515964912281,57000000
Primary_Producers,0.75,0.6936463448275862,58000000
Primary_Producers,0.75,0.6936496101694916,59000000
Primary_Producers,0.75,0.69365655,60000000
Primary_Producers,0.75,0.6936623606557377,61000000
Primary_Producers,0.75,0.6936636935483871,62000000
Primary_Producers,0.75,0.6936641587301587,63000000
Primary_Producers,0.75,0.693664359375,64000000
Primary_Producers,0.75,0.6936719846153846,65000000
Primary_Producers,0.75,0.6936668484848485,66000000
Primary_Producers,0.75,0.6936676417910448,67000000
Primary_Producers,0.75,0.6936649264705882,68000000
Primary_Producers,0.75,0.6936703913043478,69000000
Primary_Producers,0.75,0.6936684428571429,70000000
Primary_Producers,0.75,0.693675971830986,71000000
Primary_Producers,0.75,0.6936705555555556,72000000
Primary_Producers,0.75,0.6936685342465754,73000000
Primary_Producers,0.75,0.6936622567567567,74000000
Primary_Producers,0.75,0.69366608,75000000
Primary_Producers,0.75,0.6936675263157894,76000000
Primary_Producers,0.75,0.6936637662337662,77000000
Primary_Producers,0.75,0.6936651282051282,78000000
Primary_Producers,0.75,0.6936656075949367,79000000
Primary_Producers,0.75,0.693671425,80000000
Primary_Producers,0.75,0.6936618395061729,81000000
Primary_Producers,0.75,0.6936558170731707,82000000
Primary_Producers,0.75,0.6936478072289156,83000000
Primary_Producers,0.75,0.6936445952380952,84000000
Primary_Producers,0.75,0.6936321764705883,85000000
Primary_Producers,0.75,0.6936346046511628,86000000
Primary_Producers,0.75,0.6936396091954024,87000000
Primary_Producers,0.75,0.6936418977272727,88000000
Primary_Producers,0.75,0.6936401123595506,89000000
Primary_Producers,0.75,0.6936361,90000000
Primary_Producers,0.75,0.6936338241758242,91000000
Primary_Producers,0.75,0.6936358260869565,92000000
Primary_Producers,0.75,0.693630559139785,93000000
Primary_Producers,0.75,0.693632329787234,94000000
Primary_Producers,0.75,0.6936357368421052,95000000
Primary_Producers,0.75,0.693646625,96000000
Primary_Producers,0.75,0.6936465463917526,97000000
Primary_Producers,0.75,0.6936516326530612,98000000
Primary_Producers,0.75,0.6936556161616162,99000000
Primary_Producers,0.75,0.69365689,100000000
