all,0.29135338345864664,1.0e-6,1000000
all,0.29135338345864664,1.0e-6,2000000
all,0.29135338345864664,6.666666666666667e-7,3000000
all,0.29135338345864664,7.5e-7,4000000
all,0.29135338345864664,6.0e-7,5000000
all,0.29135338345864664,6.666666666666667e-7,6000000
all,0.29135338345864664,7.142857142857143e-7,7000000
all,0.29135338345864664,6.25e-7,8000000
all,0.29135338345864664,6.666666666666667e-7,9000000
all,0.29135338345864664,6.0e-7,10000000
all,0.29135338345864664,6.363636363636364e-7,11000000
all,0.29135338345864664,5.833333333333333e-7,12000000
all,0.29135338345864664,5.384615384615384e-7,13000000
all,0.29135338345864664,5.0e-7,14000000
all,0.29135338345864664,5.333333333333333e-7,15000000
all,0.29135338345864664,5.0e-7,16000000
all,0.29135338345864664,5.294117647058824e-7,17000000
all,0.29135338345864664,5.0e-7,18000000
all,0.29135338345864664,5.789473684210526e-7,19000000
all,0.29135338345864664,5.5e-7,20000000
all,0.29135338345864664,5.714285714285714e-7,21000000
all,0.29135338345864664,5.909090909090909e-7,22000000
all,0.29135338345864664,6.521739130434783e-7,23000000
all,0.29135338345864664,6.666666666666667e-7,24000000
all,0.29135338345864664,7.2e-7,25000000
all,0.29135338345864664,6.923076923076923e-7,26000000
all,0.29135338345864664,7.407407407407407e-7,27000000
all,0.29135338345864664,7.5e-7,28000000
all,0.29135338345864664,7.241379310344827e-7,29000000
all,0.29135338345864664,7.0e-7,30000000
all,0.29135338345864664,6.774193548387097e-7,31000000
all,0.29135338345864664,7.1875e-7,32000000
all,0.29135338345864664,6.96969696969697e-7,33000000
all,0.29135338345864664,7.058823529411765e-7,34000000
all,0.29135338345864664,7.142857142857143e-7,35000000
all,0.29135338345864664,6.944444444444445e-7,36000000
all,0.29135338345864664,7.027027027027027e-7,37000000
all,0.29135338345864664,7.105263157894736e-7,38000000
all,0.29135338345864664,7.179487179487179e-7,39000000
all,0.29135338345864664,7.25e-7,40000000
all,0.29135338345864664,7.073170731707318e-7,41000000
all,0.29135338345864664,7.380952380952381e-7,42000000
all,0.29135338345864664,7.209302325581396e-7,43000000
all,0.29135338345864664,7.727272727272727e-7,44000000
all,0.29135338345864664,7.555555555555555e-7,45000000
all,0.29135338345864664,8.043478260869565e-7,46000000
all,0.29135338345864664,8.085106382978724e-7,47000000
all,0.29135338345864664,8.125e-7,48000000
all,0.29135338345864664,7.959183673469388e-7,49000000
all,0.29135338345864664,8.2e-7,50000000
all,0.29135338345864664,8.03921568627451e-7,51000000
all,0.29135338345864664,8.076923076923077e-7,52000000
all,0.29135338345864664,7.924528301886793e-7,53000000
all,0.29135338345864664,7.962962962962963e-7,54000000
all,0.29135338345864664,8.181818181818182e-7,55000000
all,0.29135338345864664,8.214285714285714e-7,56000000
all,0.29135338345864664,8.070175438596491e-7,57000000
all,0.29135338345864664,7.931034482758621e-7,58000000
all,0.29135338345864664,7.796610169491526e-7,59000000
all,0.29135338345864664,7.666666666666667e-7,60000000
all,0.29135338345864664,7.540983606557377e-7,61000000
all,0.29135338345864664,7.580645161290323e-7,62000000
all,0.29135338345864664,7.619047619047619e-7,63000000
all,0.29135338345864664,7.65625e-7,64000000
all,0.29135338345864664,7.538461538461538e-7,65000000
all,0.29135338345864664,7.424242424242424e-7,66000000
all,0.29135338345864664,7.313432835820896e-7,67000000
all,0.29135338345864664,7.205882352941176e-7,68000000
all,0.29135338345864664,7.101449275362319e-7,69000000
all,0.29135338345864664,7.142857142857143e-7,70000000
all,0.29135338345864664,7.183098591549296e-7,71000000
all,0.29135338345864664,7.361111111111111e-7,72000000
all,0.29135338345864664,7.260273972602739e-7,73000000
all,0.29135338345864664,7.297297297297297e-7,74000000
all,0.29135338345864664,7.2e-7,75000000
all,0.29135338345864664,7.105263157894736e-7,76000000
all,0.29135338345864664,7.402597402597402e-7,77000000
all,0.29135338345864664,7.307692307692308e-7,78000000
all,0.29135338345864664,7.468354430379747e-7,79000000
all,0.29135338345864664,7.375e-7,80000000
all,0.29135338345864664,7.28395061728395e-7,81000000
all,0.29135338345864664,7.439024390243903e-7,82000000
all,0.29135338345864664,7.349397590361446e-7,83000000
all,0.29135338345864664,7.261904761904762e-7,84000000
all,0.29135338345864664,7.176470588235294e-7,85000000
all,0.29135338345864664,7.093023255813954e-7,86000000
all,0.29135338345864664,7.011494252873563e-7,87000000
all,0.29135338345864664,7.045454545454545e-7,88000000
all,0.29135338345864664,7.191011235955056e-7,89000000
all,0.29135338345864664,7.222222222222222e-7,90000000
all,0.29135338345864664,7.142857142857143e-7,91000000
all,0.29135338345864664,7.17391304347826e-7,92000000
all,0.29135338345864664,7.311827956989247e-7,93000000
all,0.29135338345864664,7.340425531914893e-7,94000000
all,0.29135338345864664,7.263157894736843e-7,95000000
all,0.29135338345864664,7.1875e-7,96000000
all,0.29135338345864664,7.319587628865979e-7,97000000
all,0.29135338345864664,7.346938775510204e-7,98000000
all,0.29135338345864664,7.272727272727273e-7,99000000
all,0.29135338345864664,7.2e-7,100000000
