Primary_Producers,0.6153846153846154,0.436405,1000000
Primary_Producers,0.6153846153846154,0.43681,2000000
Primary_Producers,0.6153846153846154,0.43686833333333336,3000000
Primary_Producers,0.6153846153846154,0.4370265,4000000
Primary_Producers,0.6153846153846154,0.4369486,5000000
Primary_Producers,0.6153846153846154,0.43700316666666666,6000000
Primary_Producers,0.6153846153846154,0.43698385714285715,7000000
Primary_Producers,0.6153846153846154,0.437002875,8000000
Primary_Producers,0.6153846153846154,0.4370032222222222,9000000
Primary_Producers,0.6153846153846154,0.4370227,10000000
Primary_Producers,0.6153846153846154,0.43689872727272727,11000000
Primary_Producers,0.6153846153846154,0.43686783333333334,12000000
Primary_Producers,0.6153846153846154,0.43692861538461536,13000000
Primary_Producers,0.6153846153846154,0.4369261428571429,14000000
Primary_Producers,0.6153846153846154,0.43689633333333333,15000000
Primary_Producers,0.6153846153846154,0.4369126875,16000000
Primary_Producers,0.6153846153846154,0.4369374705882353,17000000
Primary_Producers,0.6153846153846154,0.4369240555555556,18000000
Primary_Producers,0.6153846153846154,0.43688894736842104,19000000
Primary_Producers,0.6153846153846154,0.4368977,20000000
Primary_Producers,0.6153846153846154,0.43687161904761906,21000000
Primary_Producers,0.6153846153846154,0.43688045454545454,22000000
Primary_Producers,0.6153846153846154,0.4369085652173913,23000000
Primary_Producers,0.6153846153846154,0.43687983333333336,24000000
Primary_Producers,0.6153846153846154,0.43688296,25000000
Primary_Producers,0.6153846153846154,0.43691311538461536,26000000
Primary_Producers,0.6153846153846154,0.4368992222222222,27000000
Primary_Producers,0.6153846153846154,0.436877,28000000
Primary_Producers,0.6153846153846154,0.43691503448275865,29000000
Primary_Producers,0.6153846153846154,0.4369338,30000000
Primary_Producers,0.6153846153846154,0.4369391935483871,31000000
Primary_Producers,0.6153846153846154,0.43694884375,32000000
Primary_Producers,0.6153846153846154,0.4369369090909091,33000000
Primary_Producers,0.6153846153846154,0.4369584117647059,34000000
Primary_Producers,0.6153846153846154,0.43696525714285717,35000000
Primary_Producers,0.6153846153846154,0.4369618333333333,36000000
Primary_Producers,0.6153846153846154,0.43693145945945944,37000000
Primary_Producers,0.6153846153846154,0.43693944736842105,38000000
Primary_Producers,0.6153846153846154,0.4369407435897436,39000000
Primary_Producers,0.6153846153846154,0.43692275,40000000
Primary_Producers,0.6153846153846154,0.43692175609756095,41000000
Primary_Producers,0.6153846153846154,0.43691861904761903,42000000
Primary_Producers,0.6153846153846154,0.4369007906976744,43000000
Primary_Producers,0.6153846153846154,0.43691304545454546,44000000
Primary_Producers,0.6153846153846154,0.4369121777777778,45000000
Primary_Producers,0.6153846153846154,0.4368971304347826,46000000
Primary_Producers,0.6153846153846154,0.4368968936170213,47000000
Primary_Producers,0.6153846153846154,0.43689116666666666,48000000
Primary_Producers,0.6153846153846154,0.4368963265306122,49000000
Primary_Producers,0.6153846153846154,0.43690542,50000000
Primary_Producers,0.6153846153846154,0.43691223529411766,51000000
Primary_Producers,0.6153846153846154,0.43690640384615387,52000000
Primary_Producers,0.6153846153846154,0.43691477358490566,53000000
Primary_Producers,0.6153846153846154,0.4369168148148148,54000000
Primary_Producers,0.6153846153846154,0.43690616363636364,55000000
Primary_Producers,0.6153846153846154,0.4369078571428571,56000000
Primary_Producers,0.6153846153846154,0.4369147719298246,57000000
Primary_Producers,0.6153846153846154,0.4369230517241379,58000000
Primary_Producers,0.6153846153846154,0.43690522033898305,59000000
Primary_Producers,0.6153846153846154,0.4369090666666667,60000000
Primary_Producers,0.6153846153846154,0.43690947540983605,61000000
Primary_Producers,0.6153846153846154,0.43691617741935485,62000000
Primary_Producers,0.6153846153846154,0.4369143015873016,63000000
Primary_Producers,0.6153846153846154,0.436908359375,64000000
Primary_Producers,0.6153846153846154,0.43690883076923076,65000000
Primary_Producers,0.6153846153846154,0.436914696969697,66000000
Primary_Producers,0.6153846153846154,0.4369158955223881,67000000
Primary_Producers,0.6153846153846154,0.43691670588235293,68000000
Primary_Producers,0.6153846153846154,0.4369163188405797,69000000
Primary_Producers,0.6153846153846154,0.4369267,70000000
Primary_Producers,0.6153846153846154,0.43692428169014086,71000000
Primary_Producers,0.6153846153846154,0.43693344444444443,72000000
Primary_Producers,0.6153846153846154,0.4369476849315069,73000000
Primary_Producers,0.6153846153846154,0.4369396891891892,74000000
Primary_Producers,0.6153846153846154,0.43694106666666666,75000000
Primary_Producers,0.6153846153846154,0.43694617105263156,76000000
Primary_Producers,0.6153846153846154,0.4369535584415584,77000000
Primary_Producers,0.6153846153846154,0.4369466923076923,78000000
Primary_Producers,0.6153846153846154,0.43693827848101263,79000000
Primary_Producers,0.6153846153846154,0.4369306375,80000000
Primary_Producers,0.6153846153846154,0.43692792592592594,81000000
Primary_Producers,0.6153846153846154,0.43693060975609754,82000000
Primary_Producers,0.6153846153846154,0.43692439759036145,83000000
Primary_Producers,0.6153846153846154,0.4369207976190476,84000000
Primary_Producers,0.6153846153846154,0.43692348235294115,85000000
Primary_Producers,0.6153846153846154,0.43692318604651165,86000000
Primary_Producers,0.6153846153846154,0.43692319540229885,87000000
Primary_Producers,0.6153846153846154,0.43693264772727275,88000000
Primary_Producers,0.6153846153846154,0.4369358426966292,89000000
Primary_Producers,0.6153846153846154,0.43693936666666666,90000000
Primary_Producers,0.6153846153846154,0.43694196703296706,91000000
Primary_Producers,0.6153846153846154,0.43693715217391305,92000000
Primary_Producers,0.6153846153846154,0.436931623655914,93000000
Primary_Producers,0.6153846153846154,0.436932085106383,94000000
Primary_Producers,0.6153846153846154,0.4369305263157895,95000000
Primary_Producers,0.6153846153846154,0.4369250520833333,96000000
Primary_Producers,0.6153846153846154,0.4369202680412371,97000000
Primary_Producers,0.6153846153846154,0.43692411224489797,98000000
Primary_Producers,0.6153846153846154,0.43692396969696967,99000000
Primary_Producers,0.6153846153846154,0.43692413,100000000
