Herbivores,0.6220238095238095,0.999852,1000000
Herbivores,0.6220238095238095,0.999861,2000000
Herbivores,0.6220238095238095,0.999856,3000000
Herbivores,0.6220238095238095,0.9998545,4000000
Herbivores,0.6220238095238095,0.9998548,5000000
Herbivores,0.6220238095238095,0.9998525,6000000
Herbivores,0.6220238095238095,0.9998541428571428,7000000
Herbivores,0.6220238095238095,0.999851625,8000000
Herbivores,0.6220238095238095,0.9998523333333333,9000000
Herbivores,0.6220238095238095,0.9998539,10000000
Herbivores,0.6220238095238095,0.9998524545454546,11000000
Herbivores,0.6220238095238095,0.9998516666666667,12000000
Herbivores,0.6220238095238095,0.9998513846153846,13000000
Herbivores,0.6220238095238095,0.9998519285714286,14000000
Herbivores,0.6220238095238095,0.9998522666666667,15000000
Herbivores,0.6220238095238095,0.9998518125,16000000
Herbivores,0.6220238095238095,0.9998512352941177,17000000
Herbivores,0.6220238095238095,0.9998511666666666,18000000
Herbivores,0.6220238095238095,0.9998513157894737,19000000
Herbivores,0.6220238095238095,0.999851,20000000
Herbivores,0.6220238095238095,0.9998518095238095,21000000
Herbivores,0.6220238095238095,0.9998523181818182,22000000
Herbivores,0.6220238095238095,0.9998518695652174,23000000
Herbivores,0.6220238095238095,0.9998520416666666,24000000
Herbivores,0.6220238095238095,0.99985256,25000000
Herbivores,0.6220238095238095,0.9998521153846154,26000000
Herbivores,0.6220238095238095,0.9998516666666667,27000000
Herbivores,0.6220238095238095,0.9998516785714285,28000000
Herbivores,0.6220238095238095,0.9998512413793104,29000000
Herbivores,0.6220238095238095,0.9998509333333333,30000000
Herbivores,0.6220238095238095,0.999851064516129,31000000
Herbivores,0.6220238095238095,0.99985078125,32000000
Herbivores,0.6220238095238095,0.9998504545454545,33000000
Herbivores,0.6220238095238095,0.9998509411764706,34000000
Herbivores,0.6220238095238095,0.9998512857142857,35000000
Herbivores,0.6220238095238095,0.9998513333333333,36000000
Herbivores,0.6220238095238095,0.9998514054054054,37000000
Herbivores,0.6220238095238095,0.9998511052631579,38000000
Herbivores,0.6220238095238095,0.9998513076923077,39000000
Herbivores,0.6220238095238095,0.999851375,40000000
Herbivores,0.6220238095238095,0.9998514390243902,41000000
Herbivores,0.6220238095238095,0.9998512380952381,42000000
Herbivores,0.6220238095238095,0.9998511860465116,43000000
Herbivores,0.6220238095238095,0.9998510454545455,44000000
Herbivores,0.6220238095238095,0.9998510222222222,45000000
Herbivores,0.6220238095238095,0.9998509565217392,46000000
Herbivores,0.6220238095238095,0.9998514255319149,47000000
Herbivores,0.6220238095238095,0.99985175,48000000
Herbivores,0.6220238095238095,0.9998517959183674,49000000
Herbivores,0.6220238095238095,0.9998514,50000000
Herbivores,0.6220238095238095,0.9998511960784314,51000000
Herbivores,0.6220238095238095,0.9998508846153846,52000000
Herbivores,0.6220238095238095,0.9998505660377358,53000000
Herbivores,0.6220238095238095,0.9998508888888888,54000000
Herbivores,0.6220238095238095,0.999851,55000000
Herbivores,0.6220238095238095,0.999851125,56000000
Herbivores,0.6220238095238095,0.9998507543859649,57000000
Herbivores,0.6220238095238095,0.9998504310344828,58000000
Herbivores,0.6220238095238095,0.9998506101694915,59000000
Herbivores,0.6220238095238095,0.9998509166666667,60000000
Herbivores,0.6220238095238095,0.9998510163934426,61000000
Herbivores,0.6220238095238095,0.9998506451612903,62000000
Herbivores,0.6220238095238095,0.9998502857142857,63000000
Herbivores,0.6220238095238095,0.99985046875,64000000
Herbivores,0.6220238095238095,0.9998506461538461,65000000
Herbivores,0.6220238095238095,0.9998508636363637,66000000
Herbivores,0.6220238095238095,0.999850776119403,67000000
Herbivores,0.6220238095238095,0.999850455882353,68000000
Herbivores,0.6220238095238095,0.9998505217391305,69000000
Herbivores,0.6220238095238095,0.9998506428571429,70000000
Herbivores,0.6220238095238095,0.9998508169014084,71000000
Herbivores,0.6220238095238095,0.9998505138888889,72000000
Herbivores,0.6220238095238095,0.9998506301369863,73000000
Herbivores,0.6220238095238095,0.9998505405405406,74000000
Herbivores,0.6220238095238095,0.9998505466666666,75000000
Herbivores,0.6220238095238095,0.9998504605263158,76000000
Herbivores,0.6220238095238095,0.9998508831168831,77000000
Herbivores,0.6220238095238095,0.9998510384615384,78000000
Herbivores,0.6220238095238095,0.9998512405063291,79000000
Herbivores,0.6220238095238095,0.999851325,80000000
Herbivores,0.6220238095238095,0.9998509629629629,81000000
Herbivores,0.6220238095238095,0.9998507682926829,82000000
Herbivores,0.6220238095238095,0.9998508674698795,83000000
Herbivores,0.6220238095238095,0.9998509285714285,84000000
Herbivores,0.6220238095238095,0.9998506470588235,85000000
Herbivores,0.6220238095238095,0.9998506627906977,86000000
Herbivores,0.6220238095238095,0.9998503793103448,87000000
Herbivores,0.6220238095238095,0.999850215909091,88000000
Herbivores,0.6220238095238095,0.9998500449438202,89000000
Herbivores,0.6220238095238095,0.9998500333333333,90000000
Herbivores,0.6220238095238095,0.9998501868131868,91000000
Herbivores,0.6220238095238095,0.9998503043478261,92000000
Herbivores,0.6220238095238095,0.9998503225806452,93000000
Herbivores,0.6220238095238095,0.9998502234042553,94000000
Herbivores,0.6220238095238095,0.999850147368421,95000000
Herbivores,0.6220238095238095,0.9998502291666667,96000000
Herbivores,0.6220238095238095,0.9998503195876288,97000000
Herbivores,0.6220238095238095,0.9998503571428572,98000000
Herbivores,0.6220238095238095,0.9998504646464647,99000000
Herbivores,0.6220238095238095,0.99985039,100000000
