Herbivores,0.43961352657004826,0.13239,1000000
Herbivores,0.43961352657004826,0.132062,2000000
Herbivores,0.43961352657004826,0.132012,3000000
Herbivores,0.43961352657004826,0.13203,4000000
Herbivores,0.43961352657004826,0.1320232,5000000
Herbivores,0.43961352657004826,0.13193566666666667,6000000
Herbivores,0.43961352657004826,0.13180014285714287,7000000
Herbivores,0.43961352657004826,0.131772875,8000000
Herbivores,0.43961352657004826,0.13176588888888888,9000000
Herbivores,0.43961352657004826,0.1317804,10000000
Herbivores,0.43961352657004826,0.13179727272727274,11000000
Herbivores,0.43961352657004826,0.13180408333333332,12000000
Herbivores,0.43961352657004826,0.1318073846153846,13000000
Herbivores,0.43961352657004826,0.13181921428571428,14000000
Herbivores,0.43961352657004826,0.13178413333333333,15000000
Herbivores,0.43961352657004826,0.131771625,16000000
Herbivores,0.43961352657004826,0.13175647058823528,17000000
Herbivores,0.43961352657004826,0.13177305555555555,18000000
Herbivores,0.43961352657004826,0.1317495789473684,19000000
Herbivores,0.43961352657004826,0.131739,20000000
Herbivores,0.43961352657004826,0.13175409523809523,21000000
Herbivores,0.43961352657004826,0.13176245454545454,22000000
Herbivores,0.43961352657004826,0.1317754347826087,23000000
Herbivores,0.43961352657004826,0.13176620833333333,24000000
Herbivores,0.43961352657004826,0.1317552,25000000
Herbivores,0.43961352657004826,0.13177096153846155,26000000
Herbivores,0.43961352657004826,0.13177877777777777,27000000
Herbivores,0.43961352657004826,0.13178689285714285,28000000
Herbivores,0.43961352657004826,0.13179724137931034,29000000
Herbivores,0.43961352657004826,0.13180586666666666,30000000
Herbivores,0.43961352657004826,0.13182606451612902,31000000
Herbivores,0.43961352657004826,0.13181953125,32000000
Herbivores,0.43961352657004826,0.1318109090909091,33000000
Herbivores,0.43961352657004826,0.13181817647058824,34000000
Herbivores,0.43961352657004826,0.13181205714285715,35000000
Herbivores,0.43961352657004826,0.13182833333333333,36000000
Herbivores,0.43961352657004826,0.13182005405405406,37000000
Herbivores,0.43961352657004826,0.13182863157894736,38000000
Herbivores,0.43961352657004826,0.13182428205128205,39000000
Herbivores,0.43961352657004826,0.131818225,40000000
Herbivores,0.43961352657004826,0.13182770731707316,41000000
Herbivores,0.43961352657004826,0.131831,42000000
Herbivores,0.43961352657004826,0.13181862790697674,43000000
Herbivores,0.43961352657004826,0.13181563636363636,44000000
Herbivores,0.43961352657004826,0.13181704444444445,45000000
Herbivores,0.43961352657004826,0.13182569565217392,46000000
Herbivores,0.43961352657004826,0.1318246595744681,47000000
Herbivores,0.43961352657004826,0.13181866666666667,48000000
Herbivores,0.43961352657004826,0.131813306122449,49000000
Herbivores,0.43961352657004826,0.13181054,50000000
Herbivores,0.43961352657004826,0.13181788235294117,51000000
Herbivores,0.43961352657004826,0.13182461538461537,52000000
Herbivores,0.43961352657004826,0.13182358490566037,53000000
Herbivores,0.43961352657004826,0.1318262037037037,54000000
Herbivores,0.43961352657004826,0.1318246909090909,55000000
Herbivores,0.43961352657004826,0.13182642857142857,56000000
Herbivores,0.43961352657004826,0.13183575438596493,57000000
Herbivores,0.43961352657004826,0.13183096551724138,58000000
Herbivores,0.43961352657004826,0.13183993220338983,59000000
Herbivores,0.43961352657004826,0.1318443,60000000
Herbivores,0.43961352657004826,0.13183718032786884,61000000
Herbivores,0.43961352657004826,0.13183829032258065,62000000
Herbivores,0.43961352657004826,0.1318427619047619,63000000
Herbivores,0.43961352657004826,0.131838609375,64000000
Herbivores,0.43961352657004826,0.13183821538461538,65000000
Herbivores,0.43961352657004826,0.13184412121212122,66000000
Herbivores,0.43961352657004826,0.1318429104477612,67000000
Herbivores,0.43961352657004826,0.13185113235294119,68000000
Herbivores,0.43961352657004826,0.13184647826086957,69000000
Herbivores,0.43961352657004826,0.13184715714285714,70000000
Herbivores,0.43961352657004826,0.1318485633802817,71000000
Herbivores,0.43961352657004826,0.13184198611111111,72000000
Herbivores,0.43961352657004826,0.13185209589041097,73000000
Herbivores,0.43961352657004826,0.1318617027027027,74000000
Herbivores,0.43961352657004826,0.13186933333333334,75000000
Herbivores,0.43961352657004826,0.13187623684210525,76000000
Herbivores,0.43961352657004826,0.13187814285714286,77000000
Herbivores,0.43961352657004826,0.1318831282051282,78000000
Herbivores,0.43961352657004826,0.13189086075949366,79000000
Herbivores,0.43961352657004826,0.131891225,80000000
Herbivores,0.43961352657004826,0.13188459259259258,81000000
Herbivores,0.43961352657004826,0.13188873170731708,82000000
Herbivores,0.43961352657004826,0.131881421686747,83000000
Herbivores,0.43961352657004826,0.13188341666666667,84000000
Herbivores,0.43961352657004826,0.13188,85000000
Herbivores,0.43961352657004826,0.13188053488372092,86000000
Herbivores,0.43961352657004826,0.13188341379310345,87000000
Herbivores,0.43961352657004826,0.13188268181818183,88000000
Herbivores,0.43961352657004826,0.13187658426966292,89000000
Herbivores,0.43961352657004826,0.1318777777777778,90000000
Herbivores,0.43961352657004826,0.13187081318681318,91000000
Herbivores,0.43961352657004826,0.13186354347826088,92000000
Herbivores,0.43961352657004826,0.13186381720430107,93000000
Herbivores,0.43961352657004826,0.131867,94000000
Herbivores,0.43961352657004826,0.1318688947368421,95000000
Herbivores,0.43961352657004826,0.13186978125,96000000
Herbivores,0.43961352657004826,0.13187035051546392,97000000
Herbivores,0.43961352657004826,0.13186691836734693,98000000
Herbivores,0.43961352657004826,0.13187012121212122,99000000
Herbivores,0.43961352657004826,0.13186839,100000000
