Herbivores,0.7793880837359098,0.99795,1000000
Herbivores,0.7793880837359098,0.997947,2000000
Herbivores,0.7793880837359098,0.9979253333333333,3000000
Herbivores,0.7793880837359098,0.99794575,4000000
Herbivores,0.7793880837359098,0.9979448,5000000
Herbivores,0.7793880837359098,0.997943,6000000
Herbivores,0.7793880837359098,0.997946,7000000
Herbivores,0.7793880837359098,0.9979565,8000000
Herbivores,0.7793880837359098,0.9979625555555556,9000000
Herbivores,0.7793880837359098,0.9979622,10000000
Herbivores,0.7793880837359098,0.9979548181818182,11000000
Herbivores,0.7793880837359098,0.9979504166666666,12000000
Herbivores,0.7793880837359098,0.9979570769230769,13000000
Herbivores,0.7793880837359098,0.9979574285714286,14000000
Herbivores,0.7793880837359098,0.9979612,15000000
Herbivores,0.7793880837359098,0.99796525,16000000
Herbivores,0.7793880837359098,0.9979632941176471,17000000
Herbivores,0.7793880837359098,0.9979643333333333,18000000
Herbivores,0.7793880837359098,0.9979663684210527,19000000
Herbivores,0.7793880837359098,0.9979694,20000000
Herbivores,0.7793880837359098,0.9979720476190476,21000000
Herbivores,0.7793880837359098,0.9979710454545454,22000000
Herbivores,0.7793880837359098,0.997969304347826,23000000
Herbivores,0.7793880837359098,0.9979679166666666,24000000
Herbivores,0.7793880837359098,0.9979672,25000000
Herbivores,0.7793880837359098,0.9979680384615385,26000000
Herbivores,0.7793880837359098,0.9979687037037037,27000000
Herbivores,0.7793880837359098,0.99797025,28000000
Herbivores,0.7793880837359098,0.9979668275862069,29000000
Herbivores,0.7793880837359098,0.9979644666666667,30000000
Herbivores,0.7793880837359098,0.9979636774193549,31000000
Herbivores,0.7793880837359098,0.99796471875,32000000
Herbivores,0.7793880837359098,0.997965606060606,33000000
Herbivores,0.7793880837359098,0.9979641764705882,34000000
Herbivores,0.7793880837359098,0.9979640285714285,35000000
Herbivores,0.7793880837359098,0.9979630833333333,36000000
Herbivores,0.7793880837359098,0.9979644324324324,37000000
Herbivores,0.7793880837359098,0.997964447368421,38000000
Herbivores,0.7793880837359098,0.9979651025641025,39000000
Herbivores,0.7793880837359098,0.9979652,40000000
Herbivores,0.7793880837359098,0.9979646829268293,41000000
Herbivores,0.7793880837359098,0.9979635714285714,42000000
Herbivores,0.7793880837359098,0.9979640697674419,43000000
Herbivores,0.7793880837359098,0.9979630909090909,44000000
Herbivores,0.7793880837359098,0.9979605111111111,45000000
Herbivores,0.7793880837359098,0.9979609782608696,46000000
Herbivores,0.7793880837359098,0.9979622765957447,47000000
Herbivores,0.7793880837359098,0.9979640625,48000000
Herbivores,0.7793880837359098,0.997965612244898,49000000
Herbivores,0.7793880837359098,0.99796312,50000000
Herbivores,0.7793880837359098,0.9979640196078431,51000000
Herbivores,0.7793880837359098,0.9979652307692307,52000000
Herbivores,0.7793880837359098,0.9979653773584906,53000000
Herbivores,0.7793880837359098,0.9979649814814815,54000000
Herbivores,0.7793880837359098,0.9979661818181819,55000000
Herbivores,0.7793880837359098,0.9979643571428571,56000000
Herbivores,0.7793880837359098,0.9979646842105263,57000000
Herbivores,0.7793880837359098,0.9979648448275862,58000000
Herbivores,0.7793880837359098,0.9979645762711864,59000000
Herbivores,0.7793880837359098,0.9979631666666666,60000000
Herbivores,0.7793880837359098,0.9979645901639345,61000000
Herbivores,0.7793880837359098,0.997964,62000000
Herbivores,0.7793880837359098,0.9979647301587301,63000000
Herbivores,0.7793880837359098,0.99796475,64000000
Herbivores,0.7793880837359098,0.9979665846153846,65000000
Herbivores,0.7793880837359098,0.997967303030303,66000000
Herbivores,0.7793880837359098,0.9979680895522388,67000000
Herbivores,0.7793880837359098,0.9979679852941177,68000000
Herbivores,0.7793880837359098,0.9979673623188405,69000000
Herbivores,0.7793880837359098,0.9979677285714286,70000000
Herbivores,0.7793880837359098,0.9979681408450705,71000000
Herbivores,0.7793880837359098,0.9979684722222222,72000000
Herbivores,0.7793880837359098,0.9979688904109589,73000000
Herbivores,0.7793880837359098,0.9979694324324324,74000000
Herbivores,0.7793880837359098,0.99796856,75000000
Herbivores,0.7793880837359098,0.9979678421052631,76000000
Herbivores,0.7793880837359098,0.9979675064935065,77000000
Herbivores,0.7793880837359098,0.9979675256410256,78000000
Herbivores,0.7793880837359098,0.997967582278481,79000000
Herbivores,0.7793880837359098,0.9979680875,80000000
Herbivores,0.7793880837359098,0.9979673333333333,81000000
Herbivores,0.7793880837359098,0.9979671463414634,82000000
Herbivores,0.7793880837359098,0.9979668313253012,83000000
Herbivores,0.7793880837359098,0.99796725,84000000
Herbivores,0.7793880837359098,0.9979671058823529,85000000
Herbivores,0.7793880837359098,0.9979668953488372,86000000
Herbivores,0.7793880837359098,0.9979670229885057,87000000
Herbivores,0.7793880837359098,0.997966625,88000000
Herbivores,0.7793880837359098,0.9979669438202248,89000000
Herbivores,0.7793880837359098,0.9979665777777778,90000000
Herbivores,0.7793880837359098,0.9979666923076923,91000000
Herbivores,0.7793880837359098,0.9979668152173913,92000000
Herbivores,0.7793880837359098,0.9979667849462366,93000000
Herbivores,0.7793880837359098,0.997967085106383,94000000
Herbivores,0.7793880837359098,0.9979672210526316,95000000
Herbivores,0.7793880837359098,0.9979672291666667,96000000
Herbivores,0.7793880837359098,0.9979670515463918,97000000
Herbivores,0.7793880837359098,0.9979674285714286,98000000
Herbivores,0.7793880837359098,0.9979666565656565,99000000
Herbivores,0.7793880837359098,0.99796638,100000000
