Herbivores,0.6799097744360902,0.99765,1000000
Herbivores,0.6799097744360902,0.997665,2000000
Herbivores,0.6799097744360902,0.9976813333333333,3000000
Herbivores,0.6799097744360902,0.99769,4000000
Herbivores,0.6799097744360902,0.9976904,5000000
Herbivores,0.6799097744360902,0.9976925,6000000
Herbivores,0.6799097744360902,0.9976788571428571,7000000
Herbivores,0.6799097744360902,0.997685375,8000000
Herbivores,0.6799097744360902,0.9976771111111111,9000000
Herbivores,0.6799097744360902,0.9976768,10000000
Herbivores,0.6799097744360902,0.9976661818181818,11000000
Herbivores,0.6799097744360902,0.9976645833333333,12000000
Herbivores,0.6799097744360902,0.9976622307692308,13000000
Herbivores,0.6799097744360902,0.9976638571428571,14000000
Herbivores,0.6799097744360902,0.9976641333333334,15000000
Herbivores,0.6799097744360902,0.9976625,16000000
Herbivores,0.6799097744360902,0.9976650588235294,17000000
Herbivores,0.6799097744360902,0.9976680555555556,18000000
Herbivores,0.6799097744360902,0.9976697894736842,19000000
Herbivores,0.6799097744360902,0.99766905,20000000
Herbivores,0.6799097744360902,0.9976662857142857,21000000
Herbivores,0.6799097744360902,0.9976648181818182,22000000
Herbivores,0.6799097744360902,0.997666347826087,23000000
Herbivores,0.6799097744360902,0.9976647083333333,24000000
Herbivores,0.6799097744360902,0.9976648,25000000
Herbivores,0.6799097744360902,0.9976649230769231,26000000
Herbivores,0.6799097744360902,0.9976652962962963,27000000
Herbivores,0.6799097744360902,0.9976636428571428,28000000
Herbivores,0.6799097744360902,0.9976657241379311,29000000
Herbivores,0.6799097744360902,0.9976640333333333,30000000
Herbivores,0.6799097744360902,0.9976646451612903,31000000
Herbivores,0.6799097744360902,0.99766740625,32000000
Herbivores,0.6799097744360902,0.9976704848484849,33000000
Herbivores,0.6799097744360902,0.9976699117647059,34000000
Herbivores,0.6799097744360902,0.9976691714285715,35000000
Herbivores,0.6799097744360902,0.9976697222222223,36000000
Herbivores,0.6799097744360902,0.9976713513513513,37000000
Herbivores,0.6799097744360902,0.9976721315789474,38000000
Herbivores,0.6799097744360902,0.9976724871794872,39000000
Herbivores,0.6799097744360902,0.9976734,40000000
Herbivores,0.6799097744360902,0.9976736829268292,41000000
Herbivores,0.6799097744360902,0.9976747619047619,42000000
Herbivores,0.6799097744360902,0.9976730930232558,43000000
Herbivores,0.6799097744360902,0.9976743409090909,44000000
Herbivores,0.6799097744360902,0.9976750444444444,45000000
Herbivores,0.6799097744360902,0.9976762391304348,46000000
Herbivores,0.6799097744360902,0.9976757446808511,47000000
Herbivores,0.6799097744360902,0.99767825,48000000
Herbivores,0.6799097744360902,0.9976768979591837,49000000
Herbivores,0.6799097744360902,0.99767544,50000000
Herbivores,0.6799097744360902,0.9976746470588236,51000000
Herbivores,0.6799097744360902,0.9976750192307692,52000000
Herbivores,0.6799097744360902,0.997675358490566,53000000
Herbivores,0.6799097744360902,0.9976773333333333,54000000
Herbivores,0.6799097744360902,0.9976778363636364,55000000
Herbivores,0.6799097744360902,0.997676625,56000000
Herbivores,0.6799097744360902,0.9976766666666667,57000000
Herbivores,0.6799097744360902,0.9976749137931035,58000000
Herbivores,0.6799097744360902,0.9976754576271186,59000000
Herbivores,0.6799097744360902,0.9976747166666666,60000000
Herbivores,0.6799097744360902,0.997674868852459,61000000
Herbivores,0.6799097744360902,0.9976745806451612,62000000
Herbivores,0.6799097744360902,0.9976734920634921,63000000
Herbivores,0.6799097744360902,0.9976725625,64000000
Herbivores,0.6799097744360902,0.9976734461538461,65000000
Herbivores,0.6799097744360902,0.9976744090909091,66000000
Herbivores,0.6799097744360902,0.9976740597014926,67000000
Herbivores,0.6799097744360902,0.9976738382352941,68000000
Herbivores,0.6799097744360902,0.9976747971014492,69000000
Herbivores,0.6799097744360902,0.9976757285714286,70000000
Herbivores,0.6799097744360902,0.9976750422535211,71000000
Herbivores,0.6799097744360902,0.9976756388888889,72000000
Herbivores,0.6799097744360902,0.9976759589041095,73000000
Herbivores,0.6799097744360902,0.9976770135135136,74000000
Herbivores,0.6799097744360902,0.9976772133333334,75000000
Herbivores,0.6799097744360902,0.9976761710526316,76000000
Herbivores,0.6799097744360902,0.9976758961038961,77000000
Herbivores,0.6799097744360902,0.9976753333333334,78000000
Herbivores,0.6799097744360902,0.9976763544303797,79000000
Herbivores,0.6799097744360902,0.9976771625,80000000
Herbivores,0.6799097744360902,0.9976782222222222,81000000
Herbivores,0.6799097744360902,0.997677256097561,82000000
Herbivores,0.6799097744360902,0.997678,83000000
Herbivores,0.6799097744360902,0.9976776785714285,84000000
Herbivores,0.6799097744360902,0.997677294117647,85000000
Herbivores,0.6799097744360902,0.9976773953488373,86000000
Herbivores,0.6799097744360902,0.9976780459770115,87000000
Herbivores,0.6799097744360902,0.9976787272727273,88000000
Herbivores,0.6799097744360902,0.9976786853932584,89000000
Herbivores,0.6799097744360902,0.9976782444444444,90000000
Herbivores,0.6799097744360902,0.997677923076923,91000000
Herbivores,0.6799097744360902,0.9976784891304348,92000000
Herbivores,0.6799097744360902,0.9976794516129033,93000000
Herbivores,0.6799097744360902,0.9976796382978723,94000000
Herbivores,0.6799097744360902,0.9976790210526316,95000000
Herbivores,0.6799097744360902,0.9976787291666667,96000000
Herbivores,0.6799097744360902,0.9976793608247423,97000000
Herbivores,0.6799097744360902,0.9976793061224489,98000000
Herbivores,0.6799097744360902,0.997679191919192,99000000
Herbivores,0.6799097744360902,0.99767885,100000000
