Herbivores,0.6804733727810651,1.0e-6,1000000
Herbivores,0.6804733727810651,5.0e-7,2000000
Herbivores,0.6804733727810651,3.3333333333333335e-7,3000000
Herbivores,0.6804733727810651,2.5e-7,4000000
Herbivores,0.6804733727810651,2.0e-7,5000000
Herbivores,0.6804733727810651,1.6666666666666668e-7,6000000
Herbivores,0.6804733727810651,1.4285714285714285e-7,7000000
Herbivores,0.6804733727810651,1.25e-7,8000000
Herbivores,0.6804733727810651,1.1111111111111111e-7,9000000
Herbivores,0.6804733727810651,1.0e-7,10000000
Herbivores,0.6804733727810651,9.090909090909091e-8,11000000
Herbivores,0.6804733727810651,1.6666666666666668e-7,12000000
Herbivores,0.6804733727810651,1.5384615384615385e-7,13000000
Herbivores,0.6804733727810651,1.4285714285714285e-7,14000000
Herbivores,0.6804733727810651,1.3333333333333334e-7,15000000
Herbivores,0.6804733727810651,1.25e-7,16000000
Herbivores,0.6804733727810651,1.1764705882352942e-7,17000000
Herbivores,0.6804733727810651,1.1111111111111111e-7,18000000
Herbivores,0.6804733727810651,1.0526315789473685e-7,19000000
Herbivores,0.6804733727810651,1.0e-7,20000000
Herbivores,0.6804733727810651,9.523809523809524e-8,21000000
Herbivores,0.6804733727810651,9.090909090909091e-8,22000000
Herbivores,0.6804733727810651,8.695652173913044e-8,23000000
Herbivores,0.6804733727810651,8.333333333333334e-8,24000000
Herbivores,0.6804733727810651,8.0e-8,25000000
Herbivores,0.6804733727810651,7.692307692307692e-8,26000000
Herbivores,0.6804733727810651,7.407407407407407e-8,27000000
Herbivores,0.6804733727810651,7.142857142857142e-8,28000000
Herbivores,0.6804733727810651,6.896551724137931e-8,29000000
Herbivores,0.6804733727810651,6.666666666666667e-8,30000000
Herbivores,0.6804733727810651,6.451612903225807e-8,31000000
Herbivores,0.6804733727810651,6.25e-8,32000000
Herbivores,0.6804733727810651,6.060606060606061e-8,33000000
Herbivores,0.6804733727810651,5.882352941176471e-8,34000000
Herbivores,0.6804733727810651,1.1428571428571429e-7,35000000
Herbivores,0.6804733727810651,1.1111111111111111e-7,36000000
Herbivores,0.6804733727810651,1.0810810810810811e-7,37000000
Herbivores,0.6804733727810651,1.0526315789473685e-7,38000000
Herbivores,0.6804733727810651,1.0256410256410256e-7,39000000
Herbivores,0.6804733727810651,1.0e-7,40000000
Herbivores,0.6804733727810651,9.75609756097561e-8,41000000
Herbivores,0.6804733727810651,9.523809523809524e-8,42000000
Herbivores,0.6804733727810651,9.302325581395349e-8,43000000
Herbivores,0.6804733727810651,9.090909090909091e-8,44000000
Herbivores,0.6804733727810651,8.88888888888889e-8,45000000
Herbivores,0.6804733727810651,8.695652173913044e-8,46000000
Herbivores,0.6804733727810651,8.51063829787234e-8,47000000
Herbivores,0.6804733727810651,8.333333333333334e-8,48000000
Herbivores,0.6804733727810651,8.16326530612245e-8,49000000
Herbivores,0.6804733727810651,8.0e-8,50000000
Herbivores,0.6804733727810651,7.843137254901961e-8,51000000
Herbivores,0.6804733727810651,7.692307692307692e-8,52000000
Herbivores,0.6804733727810651,7.547169811320755e-8,53000000
Herbivores,0.6804733727810651,7.407407407407407e-8,54000000
Herbivores,0.6804733727810651,7.272727272727273e-8,55000000
Herbivores,0.6804733727810651,7.142857142857142e-8,56000000
Herbivores,0.6804733727810651,7.017543859649123e-8,57000000
Herbivores,0.6804733727810651,6.896551724137931e-8,58000000
Herbivores,0.6804733727810651,6.779661016949153e-8,59000000
Herbivores,0.6804733727810651,6.666666666666667e-8,60000000
Herbivores,0.6804733727810651,6.557377049180328e-8,61000000
Herbivores,0.6804733727810651,6.451612903225807e-8,62000000
Herbivores,0.6804733727810651,6.349206349206349e-8,63000000
Herbivores,0.6804733727810651,6.25e-8,64000000
Herbivores,0.6804733727810651,6.153846153846154e-8,65000000
Herbivores,0.6804733727810651,6.060606060606061e-8,66000000
Herbivores,0.6804733727810651,7.462686567164179e-8,67000000
Herbivores,0.6804733727810651,7.352941176470588e-8,68000000
Herbivores,0.6804733727810651,7.246376811594203e-8,69000000
Herbivores,0.6804733727810651,7.142857142857142e-8,70000000
Herbivores,0.6804733727810651,7.042253521126761e-8,71000000
Herbivores,0.6804733727810651,6.944444444444444e-8,72000000
Herbivores,0.6804733727810651,6.84931506849315e-8,73000000
Herbivores,0.6804733727810651,6.756756756756757e-8,74000000
Herbivores,0.6804733727810651,6.666666666666667e-8,75000000
Herbivores,0.6804733727810651,6.578947368421052e-8,76000000
Herbivores,0.6804733727810651,6.493506493506494e-8,77000000
Herbivores,0.6804733727810651,6.41025641025641e-8,78000000
Herbivores,0.6804733727810651,6.329113924050633e-8,79000000
Herbivores,0.6804733727810651,6.25e-8,80000000
Herbivores,0.6804733727810651,6.17283950617284e-8,81000000
Herbivores,0.6804733727810651,6.097560975609756e-8,82000000
Herbivores,0.6804733727810651,6.024096385542168e-8,83000000
Herbivores,0.6804733727810651,5.952380952380952e-8,84000000
Herbivores,0.6804733727810651,5.882352941176471e-8,85000000
Herbivores,0.6804733727810651,5.813953488372093e-8,86000000
Herbivores,0.6804733727810651,5.7471264367816094e-8,87000000
Herbivores,0.6804733727810651,5.6818181818181815e-8,88000000
Herbivores,0.6804733727810651,5.617977528089888e-8,89000000
Herbivores,0.6804733727810651,5.5555555555555555e-8,90000000
Herbivores,0.6804733727810651,5.4945054945054946e-8,91000000
Herbivores,0.6804733727810651,5.4347826086956524e-8,92000000
Herbivores,0.6804733727810651,5.3763440860215054e-8,93000000
Herbivores,0.6804733727810651,5.319148936170213e-8,94000000
Herbivores,0.6804733727810651,5.263157894736842e-8,95000000
Herbivores,0.6804733727810651,5.208333333333333e-8,96000000
Herbivores,0.6804733727810651,5.154639175257732e-8,97000000
Herbivores,0.6804733727810651,5.1020408163265303e-8,98000000
Herbivores,0.6804733727810651,5.0505050505050506e-8,99000000
Herbivores,0.6804733727810651,5.0e-8,100000000
