Parasites,0.39185616076150187,0.289853,1000000
Parasites,0.39185616076150187,0.2900315,2000000
Parasites,0.39185616076150187,0.290064,3000000
Parasites,0.39185616076150187,0.2900435,4000000
Parasites,0.39185616076150187,0.2901204,5000000
Parasites,0.39185616076150187,0.2901155,6000000
Parasites,0.39185616076150187,0.29008957142857145,7000000
Parasites,0.39185616076150187,0.290012375,8000000
Parasites,0.39185616076150187,0.2899672222222222,9000000
Parasites,0.39185616076150187,0.289987,10000000
Parasites,0.39185616076150187,0.2900418181818182,11000000
Parasites,0.39185616076150187,0.29001933333333335,12000000
Parasites,0.39185616076150187,0.2900393846153846,13000000
Parasites,0.39185616076150187,0.29002385714285717,14000000
Parasites,0.39185616076150187,0.2900062,15000000
Parasites,0.39185616076150187,0.2899431875,16000000
Parasites,0.39185616076150187,0.28991182352941175,17000000
Parasites,0.39185616076150187,0.2899142777777778,18000000
Parasites,0.39185616076150187,0.28992852631578947,19000000
Parasites,0.39185616076150187,0.28991745,20000000
Parasites,0.39185616076150187,0.2899177142857143,21000000
Parasites,0.39185616076150187,0.2899031818181818,22000000
Parasites,0.39185616076150187,0.28989078260869566,23000000
Parasites,0.39185616076150187,0.289883,24000000
Parasites,0.39185616076150187,0.28992792,25000000
Parasites,0.39185616076150187,0.28987315384615386,26000000
Parasites,0.39185616076150187,0.2898741111111111,27000000
Parasites,0.39185616076150187,0.2899107857142857,28000000
Parasites,0.39185616076150187,0.2899006551724138,29000000
Parasites,0.39185616076150187,0.28989306666666664,30000000
Parasites,0.39185616076150187,0.2898647741935484,31000000
Parasites,0.39185616076150187,0.28986540625,32000000
Parasites,0.39185616076150187,0.28987851515151514,33000000
Parasites,0.39185616076150187,0.2898931764705882,34000000
Parasites,0.39185616076150187,0.28990214285714283,35000000
Parasites,0.39185616076150187,0.28989780555555555,36000000
Parasites,0.39185616076150187,0.2898933243243243,37000000
Parasites,0.39185616076150187,0.28989463157894735,38000000
Parasites,0.39185616076150187,0.2899054358974359,39000000
Parasites,0.39185616076150187,0.289908675,40000000
Parasites,0.39185616076150187,0.2899027804878049,41000000
Parasites,0.39185616076150187,0.2898897380952381,42000000
Parasites,0.39185616076150187,0.2899056511627907,43000000
Parasites,0.39185616076150187,0.2898965681818182,44000000
Parasites,0.39185616076150187,0.2898900888888889,45000000
Parasites,0.39185616076150187,0.28988560869565216,46000000
Parasites,0.39185616076150187,0.28989182978723405,47000000
Parasites,0.39185616076150187,0.28989004166666665,48000000
Parasites,0.39185616076150187,0.289882306122449,49000000
Parasites,0.39185616076150187,0.28987722,50000000
Parasites,0.39185616076150187,0.2898760392156863,51000000
Parasites,0.39185616076150187,0.28987071153846156,52000000
Parasites,0.39185616076150187,0.2898787358490566,53000000
Parasites,0.39185616076150187,0.28987175925925923,54000000
Parasites,0.39185616076150187,0.2898552545454545,55000000
Parasites,0.39185616076150187,0.28985682142857144,56000000
Parasites,0.39185616076150187,0.2898605438596491,57000000
Parasites,0.39185616076150187,0.28987039655172414,58000000
Parasites,0.39185616076150187,0.28987293220338983,59000000
Parasites,0.39185616076150187,0.2898740166666667,60000000
Parasites,0.39185616076150187,0.28988306557377047,61000000
Parasites,0.39185616076150187,0.2898797258064516,62000000
Parasites,0.39185616076150187,0.28987714285714283,63000000
Parasites,0.39185616076150187,0.289878078125,64000000
Parasites,0.39185616076150187,0.28987047692307694,65000000
Parasites,0.39185616076150187,0.2898653939393939,66000000
Parasites,0.39185616076150187,0.2898602537313433,67000000
Parasites,0.39185616076150187,0.28985955882352943,68000000
Parasites,0.39185616076150187,0.28985663768115943,69000000
Parasites,0.39185616076150187,0.2898489714285714,70000000
Parasites,0.39185616076150187,0.28985552112676055,71000000
Parasites,0.39185616076150187,0.2898583888888889,72000000
Parasites,0.39185616076150187,0.2898571917808219,73000000
Parasites,0.39185616076150187,0.2898575135135135,74000000
Parasites,0.39185616076150187,0.28985462666666667,75000000
Parasites,0.39185616076150187,0.2898563157894737,76000000
Parasites,0.39185616076150187,0.28985393506493506,77000000
Parasites,0.39185616076150187,0.2898582564102564,78000000
Parasites,0.39185616076150187,0.28986056962025314,79000000
Parasites,0.39185616076150187,0.2898637875,80000000
Parasites,0.39185616076150187,0.2898648641975309,81000000
Parasites,0.39185616076150187,0.28987103658536584,82000000
Parasites,0.39185616076150187,0.2898642771084337,83000000
Parasites,0.39185616076150187,0.2898716666666667,84000000
Parasites,0.39185616076150187,0.28987610588235296,85000000
Parasites,0.39185616076150187,0.28988182558139536,86000000
Parasites,0.39185616076150187,0.2898930344827586,87000000
Parasites,0.39185616076150187,0.2898917272727273,88000000
Parasites,0.39185616076150187,0.28988965168539327,89000000
Parasites,0.39185616076150187,0.2898961666666667,90000000
Parasites,0.39185616076150187,0.2898960659340659,91000000
Parasites,0.39185616076150187,0.28989695652173914,92000000
Parasites,0.39185616076150187,0.2898941075268817,93000000
Parasites,0.39185616076150187,0.28989528723404256,94000000
Parasites,0.39185616076150187,0.2898965473684211,95000000
Parasites,0.39185616076150187,0.28990778125,96000000
Parasites,0.39185616076150187,0.28991367010309277,97000000
Parasites,0.39185616076150187,0.28991755102040817,98000000
Parasites,0.39185616076150187,0.2899189696969697,99000000
Parasites,0.39185616076150187,0.28992215,100000000
