Parasites,0.3473684210526316,0.000115,1000000
Parasites,0.3473684210526316,0.000118,2000000
Parasites,0.3473684210526316,0.00011633333333333333,3000000
Parasites,0.3473684210526316,0.00011425,4000000
Parasites,0.3473684210526316,0.0001184,5000000
Parasites,0.3473684210526316,0.00011683333333333333,6000000
Parasites,0.3473684210526316,0.00012114285714285714,7000000
Parasites,0.3473684210526316,0.000119875,8000000
Parasites,0.3473684210526316,0.00011944444444444444,9000000
Parasites,0.3473684210526316,0.0001197,10000000
Parasites,0.3473684210526316,0.00011972727272727273,11000000
Parasites,0.3473684210526316,0.00011983333333333334,12000000
Parasites,0.3473684210526316,0.00012007692307692308,13000000
Parasites,0.3473684210526316,0.000122,14000000
Parasites,0.3473684210526316,0.0001216,15000000
Parasites,0.3473684210526316,0.0001224375,16000000
Parasites,0.3473684210526316,0.00012235294117647058,17000000
Parasites,0.3473684210526316,0.00012205555555555556,18000000
Parasites,0.3473684210526316,0.000122,19000000
Parasites,0.3473684210526316,0.00012205,20000000
Parasites,0.3473684210526316,0.00012223809523809523,21000000
Parasites,0.3473684210526316,0.00012195454545454545,22000000
Parasites,0.3473684210526316,0.00012230434782608694,23000000
Parasites,0.3473684210526316,0.00012229166666666665,24000000
Parasites,0.3473684210526316,0.00012256,25000000
Parasites,0.3473684210526316,0.000122,26000000
Parasites,0.3473684210526316,0.00012244444444444445,27000000
Parasites,0.3473684210526316,0.00012221428571428572,28000000
Parasites,0.3473684210526316,0.00012189655172413793,29000000
Parasites,0.3473684210526316,0.00012146666666666666,30000000
Parasites,0.3473684210526316,0.00012203225806451613,31000000
Parasites,0.3473684210526316,0.00012215625,32000000
Parasites,0.3473684210526316,0.00012248484848484848,33000000
Parasites,0.3473684210526316,0.0001228529411764706,34000000
Parasites,0.3473684210526316,0.0001226,35000000
Parasites,0.3473684210526316,0.00012222222222222221,36000000
Parasites,0.3473684210526316,0.00012205405405405406,37000000
Parasites,0.3473684210526316,0.00012186842105263158,38000000
Parasites,0.3473684210526316,0.00012166666666666667,39000000
Parasites,0.3473684210526316,0.000121775,40000000
Parasites,0.3473684210526316,0.00012170731707317073,41000000
Parasites,0.3473684210526316,0.00012207142857142858,42000000
Parasites,0.3473684210526316,0.00012211627906976745,43000000
Parasites,0.3473684210526316,0.00012256818181818183,44000000
Parasites,0.3473684210526316,0.0001226,45000000
Parasites,0.3473684210526316,0.0001226304347826087,46000000
Parasites,0.3473684210526316,0.00012261702127659574,47000000
Parasites,0.3473684210526316,0.00012254166666666666,48000000
Parasites,0.3473684210526316,0.00012240816326530613,49000000
Parasites,0.3473684210526316,0.00012252,50000000
Parasites,0.3473684210526316,0.00012225490196078433,51000000
Parasites,0.3473684210526316,0.0001218076923076923,52000000
Parasites,0.3473684210526316,0.0001219622641509434,53000000
Parasites,0.3473684210526316,0.0001215,54000000
Parasites,0.3473684210526316,0.00012145454545454546,55000000
Parasites,0.3473684210526316,0.0001215,56000000
Parasites,0.3473684210526316,0.00012147368421052631,57000000
Parasites,0.3473684210526316,0.0001213103448275862,58000000
Parasites,0.3473684210526316,0.00012113559322033898,59000000
Parasites,0.3473684210526316,0.00012116666666666667,60000000
Parasites,0.3473684210526316,0.00012104918032786885,61000000
Parasites,0.3473684210526316,0.00012088709677419355,62000000
Parasites,0.3473684210526316,0.00012057142857142857,63000000
Parasites,0.3473684210526316,0.0001205625,64000000
Parasites,0.3473684210526316,0.00012047692307692307,65000000
Parasites,0.3473684210526316,0.00012043939393939394,66000000
Parasites,0.3473684210526316,0.00012034328358208956,67000000
Parasites,0.3473684210526316,0.00012023529411764706,68000000
Parasites,0.3473684210526316,0.00012027536231884058,69000000
Parasites,0.3473684210526316,0.0001204,70000000
Parasites,0.3473684210526316,0.00012069014084507043,71000000
Parasites,0.3473684210526316,0.0001207361111111111,72000000
Parasites,0.3473684210526316,0.0001204931506849315,73000000
Parasites,0.3473684210526316,0.00012033783783783784,74000000
Parasites,0.3473684210526316,0.00012030666666666666,75000000
Parasites,0.3473684210526316,0.00012043421052631579,76000000
Parasites,0.3473684210526316,0.00012068831168831168,77000000
Parasites,0.3473684210526316,0.00012084615384615385,78000000
Parasites,0.3473684210526316,0.0001209746835443038,79000000
Parasites,0.3473684210526316,0.00012115,80000000
Parasites,0.3473684210526316,0.0001215679012345679,81000000
Parasites,0.3473684210526316,0.00012148780487804878,82000000
Parasites,0.3473684210526316,0.00012128915662650602,83000000
Parasites,0.3473684210526316,0.00012157142857142857,84000000
Parasites,0.3473684210526316,0.00012175294117647059,85000000
Parasites,0.3473684210526316,0.00012152325581395348,86000000
Parasites,0.3473684210526316,0.00012158620689655173,87000000
Parasites,0.3473684210526316,0.00012154545454545454,88000000
Parasites,0.3473684210526316,0.00012150561797752809,89000000
Parasites,0.3473684210526316,0.00012165555555555555,90000000
Parasites,0.3473684210526316,0.00012172527472527472,91000000
Parasites,0.3473684210526316,0.00012163043478260869,92000000
Parasites,0.3473684210526316,0.00012174193548387096,93000000
Parasites,0.3473684210526316,0.00012162765957446809,94000000
Parasites,0.3473684210526316,0.00012185263157894737,95000000
Parasites,0.3473684210526316,0.00012210416666666666,96000000
Parasites,0.3473684210526316,0.0001220721649484536,97000000
Parasites,0.3473684210526316,0.00012205102040816327,98000000
Parasites,0.3473684210526316,0.00012192929292929293,99000000
Parasites,0.3473684210526316,0.00012191,100000000
