Herbivores,0.6421370967741935,0.104776,1000000
Herbivores,0.6421370967741935,0.1043285,2000000
Herbivores,0.6421370967741935,0.10422533333333334,3000000
Herbivores,0.6421370967741935,0.104431,4000000
Herbivores,0.6421370967741935,0.1044066,5000000
Herbivores,0.6421370967741935,0.10443016666666667,6000000
Herbivores,0.6421370967741935,0.10429871428571429,7000000
Herbivores,0.6421370967741935,0.104241375,8000000
Herbivores,0.6421370967741935,0.104206,9000000
Herbivores,0.6421370967741935,0.1041753,10000000
Herbivores,0.6421370967741935,0.10417190909090909,11000000
Herbivores,0.6421370967741935,0.10416808333333333,12000000
Herbivores,0.6421370967741935,0.10417892307692307,13000000
Herbivores,0.6421370967741935,0.10419128571428571,14000000
Herbivores,0.6421370967741935,0.1041572,15000000
Herbivores,0.6421370967741935,0.1041703125,16000000
Herbivores,0.6421370967741935,0.10418135294117647,17000000
Herbivores,0.6421370967741935,0.10418988888888889,18000000
Herbivores,0.6421370967741935,0.10418252631578948,19000000
Herbivores,0.6421370967741935,0.10418315,20000000
Herbivores,0.6421370967741935,0.10416757142857143,21000000
Herbivores,0.6421370967741935,0.1041845,22000000
Herbivores,0.6421370967741935,0.10417695652173913,23000000
Herbivores,0.6421370967741935,0.10417395833333333,24000000
Herbivores,0.6421370967741935,0.1041656,25000000
Herbivores,0.6421370967741935,0.10417696153846154,26000000
Herbivores,0.6421370967741935,0.10417437037037038,27000000
Herbivores,0.6421370967741935,0.10417082142857143,28000000
Herbivores,0.6421370967741935,0.10417431034482759,29000000
Herbivores,0.6421370967741935,0.1041876,30000000
Herbivores,0.6421370967741935,0.10419703225806451,31000000
Herbivores,0.6421370967741935,0.10421071875,32000000
Herbivores,0.6421370967741935,0.10420472727272727,33000000
Herbivores,0.6421370967741935,0.10419614705882353,34000000
Herbivores,0.6421370967741935,0.10419117142857143,35000000
Herbivores,0.6421370967741935,0.10419888888888888,36000000
Herbivores,0.6421370967741935,0.10419505405405405,37000000
Herbivores,0.6421370967741935,0.10419547368421053,38000000
Herbivores,0.6421370967741935,0.10419758974358974,39000000
Herbivores,0.6421370967741935,0.104190275,40000000
Herbivores,0.6421370967741935,0.10419773170731707,41000000
Herbivores,0.6421370967741935,0.1041995,42000000
Herbivores,0.6421370967741935,0.1042033488372093,43000000
Herbivores,0.6421370967741935,0.104202,44000000
Herbivores,0.6421370967741935,0.10420204444444445,45000000
Herbivores,0.6421370967741935,0.10421371739130435,46000000
Herbivores,0.6421370967741935,0.10420006382978723,47000000
Herbivores,0.6421370967741935,0.1042086875,48000000
Herbivores,0.6421370967741935,0.10420442857142857,49000000
Herbivores,0.6421370967741935,0.10420434,50000000
Herbivores,0.6421370967741935,0.10419398039215687,51000000
Herbivores,0.6421370967741935,0.10419255769230769,52000000
Herbivores,0.6421370967741935,0.10418188679245283,53000000
Herbivores,0.6421370967741935,0.1041847962962963,54000000
Herbivores,0.6421370967741935,0.10418645454545454,55000000
Herbivores,0.6421370967741935,0.10419283928571428,56000000
Herbivores,0.6421370967741935,0.10419752631578948,57000000
Herbivores,0.6421370967741935,0.10419560344827586,58000000
Herbivores,0.6421370967741935,0.10419952542372882,59000000
Herbivores,0.6421370967741935,0.10420355,60000000
Herbivores,0.6421370967741935,0.10419922950819673,61000000
Herbivores,0.6421370967741935,0.10419512903225807,62000000
Herbivores,0.6421370967741935,0.10419753968253968,63000000
Herbivores,0.6421370967741935,0.104197921875,64000000
Herbivores,0.6421370967741935,0.1041964923076923,65000000
Herbivores,0.6421370967741935,0.10420119696969697,66000000
Herbivores,0.6421370967741935,0.10420597014925373,67000000
Herbivores,0.6421370967741935,0.10421,68000000
Herbivores,0.6421370967741935,0.10420898550724637,69000000
Herbivores,0.6421370967741935,0.10420431428571429,70000000
Herbivores,0.6421370967741935,0.10420814084507042,71000000
Herbivores,0.6421370967741935,0.10420558333333334,72000000
Herbivores,0.6421370967741935,0.10420052054794521,73000000
Herbivores,0.6421370967741935,0.10420560810810811,74000000
Herbivores,0.6421370967741935,0.10420329333333334,75000000
Herbivores,0.6421370967741935,0.10420522368421052,76000000
Herbivores,0.6421370967741935,0.10419802597402597,77000000
Herbivores,0.6421370967741935,0.10419696153846154,78000000
Herbivores,0.6421370967741935,0.10420043037974684,79000000
Herbivores,0.6421370967741935,0.1042013125,80000000
Herbivores,0.6421370967741935,0.10419927160493828,81000000
Herbivores,0.6421370967741935,0.10420739024390244,82000000
Herbivores,0.6421370967741935,0.10420807228915663,83000000
Herbivores,0.6421370967741935,0.10420610714285715,84000000
Herbivores,0.6421370967741935,0.10420455294117648,85000000
Herbivores,0.6421370967741935,0.10420106976744187,86000000
Herbivores,0.6421370967741935,0.10419765517241379,87000000
Herbivores,0.6421370967741935,0.10419457954545455,88000000
Herbivores,0.6421370967741935,0.1041940224719101,89000000
Herbivores,0.6421370967741935,0.10420197777777777,90000000
Herbivores,0.6421370967741935,0.10420234065934066,91000000
Herbivores,0.6421370967741935,0.1042011847826087,92000000
Herbivores,0.6421370967741935,0.104204,93000000
Herbivores,0.6421370967741935,0.10420192553191489,94000000
Herbivores,0.6421370967741935,0.10419856842105263,95000000
Herbivores,0.6421370967741935,0.10419826041666666,96000000
Herbivores,0.6421370967741935,0.10420147422680412,97000000
Herbivores,0.6421370967741935,0.10419776530612244,98000000
Herbivores,0.6421370967741935,0.10419978787878788,99000000
Herbivores,0.6421370967741935,0.10419799,100000000
