Consumers,0.3326282390269698,0.105446,1000000
Consumers,0.3326282390269698,0.105279,2000000
Consumers,0.3326282390269698,0.10509266666666667,3000000
Consumers,0.3326282390269698,0.10506,4000000
Consumers,0.3326282390269698,0.1049184,5000000
Consumers,0.3326282390269698,0.10492016666666666,6000000
Consumers,0.3326282390269698,0.10494771428571428,7000000
Consumers,0.3326282390269698,0.104987125,8000000
Consumers,0.3326282390269698,0.10499466666666667,9000000
Consumers,0.3326282390269698,0.1050159,10000000
Consumers,0.3326282390269698,0.10499963636363636,11000000
Consumers,0.3326282390269698,0.10500975,12000000
Consumers,0.3326282390269698,0.10500807692307693,13000000
Consumers,0.3326282390269698,0.10500178571428571,14000000
Consumers,0.3326282390269698,0.10498506666666667,15000000
Consumers,0.3326282390269698,0.1049965,16000000
Consumers,0.3326282390269698,0.10500011764705883,17000000
Consumers,0.3326282390269698,0.10496094444444444,18000000
Consumers,0.3326282390269698,0.10496494736842105,19000000
Consumers,0.3326282390269698,0.1049734,20000000
Consumers,0.3326282390269698,0.10496790476190476,21000000
Consumers,0.3326282390269698,0.10498463636363636,22000000
Consumers,0.3326282390269698,0.10498539130434782,23000000
Consumers,0.3326282390269698,0.105012,24000000
Consumers,0.3326282390269698,0.10498188,25000000
Consumers,0.3326282390269698,0.10497634615384616,26000000
Consumers,0.3326282390269698,0.10499088888888888,27000000
Consumers,0.3326282390269698,0.10497267857142857,28000000
Consumers,0.3326282390269698,0.10497324137931034,29000000
Consumers,0.3326282390269698,0.1049609,30000000
Consumers,0.3326282390269698,0.10496303225806451,31000000
Consumers,0.3326282390269698,0.1049711875,32000000
Consumers,0.3326282390269698,0.10495951515151515,33000000
Consumers,0.3326282390269698,0.1049484705882353,34000000
Consumers,0.3326282390269698,0.1049372,35000000
Consumers,0.3326282390269698,0.10493072222222222,36000000
Consumers,0.3326282390269698,0.10494635135135136,37000000
Consumers,0.3326282390269698,0.10495578947368421,38000000
Consumers,0.3326282390269698,0.1049555641025641,39000000
Consumers,0.3326282390269698,0.1049596,40000000
Consumers,0.3326282390269698,0.10495809756097561,41000000
Consumers,0.3326282390269698,0.10496245238095238,42000000
Consumers,0.3326282390269698,0.1049560465116279,43000000
Consumers,0.3326282390269698,0.1049581590909091,44000000
Consumers,0.3326282390269698,0.10497062222222223,45000000
Consumers,0.3326282390269698,0.10497243478260869,46000000
Consumers,0.3326282390269698,0.10496851063829787,47000000
Consumers,0.3326282390269698,0.10496491666666667,48000000
Consumers,0.3326282390269698,0.10496167346938776,49000000
Consumers,0.3326282390269698,0.10495864,50000000
Consumers,0.3326282390269698,0.10496407843137255,51000000
Consumers,0.3326282390269698,0.10497369230769231,52000000
Consumers,0.3326282390269698,0.10497139622641509,53000000
Consumers,0.3326282390269698,0.10496792592592592,54000000
Consumers,0.3326282390269698,0.10496681818181818,55000000
Consumers,0.3326282390269698,0.10497228571428571,56000000
Consumers,0.3326282390269698,0.10497512280701754,57000000
Consumers,0.3326282390269698,0.1049720172413793,58000000
Consumers,0.3326282390269698,0.10497294915254238,59000000
Consumers,0.3326282390269698,0.10497211666666667,60000000
Consumers,0.3326282390269698,0.10497690163934426,61000000
Consumers,0.3326282390269698,0.10497964516129032,62000000
Consumers,0.3326282390269698,0.10497547619047619,63000000
Consumers,0.3326282390269698,0.104962515625,64000000
Consumers,0.3326282390269698,0.10497432307692307,65000000
Consumers,0.3326282390269698,0.10497637878787879,66000000
Consumers,0.3326282390269698,0.1049794328358209,67000000
Consumers,0.3326282390269698,0.10497467647058824,68000000
Consumers,0.3326282390269698,0.10497713043478261,69000000
Consumers,0.3326282390269698,0.10497362857142857,70000000
Consumers,0.3326282390269698,0.10497529577464788,71000000
Consumers,0.3326282390269698,0.10498215277777778,72000000
Consumers,0.3326282390269698,0.10497997260273972,73000000
Consumers,0.3326282390269698,0.10498224324324325,74000000
Consumers,0.3326282390269698,0.10498218666666667,75000000
Consumers,0.3326282390269698,0.10498338157894736,76000000
Consumers,0.3326282390269698,0.10498175324675324,77000000
Consumers,0.3326282390269698,0.10497702564102564,78000000
Consumers,0.3326282390269698,0.10497441772151898,79000000
Consumers,0.3326282390269698,0.1049764375,80000000
Consumers,0.3326282390269698,0.10497597530864197,81000000
Consumers,0.3326282390269698,0.10497292682926829,82000000
Consumers,0.3326282390269698,0.10496672289156626,83000000
Consumers,0.3326282390269698,0.10496832142857143,84000000
Consumers,0.3326282390269698,0.10496283529411765,85000000
Consumers,0.3326282390269698,0.10496013953488371,86000000
Consumers,0.3326282390269698,0.10495909195402299,87000000
Consumers,0.3326282390269698,0.1049552840909091,88000000
Consumers,0.3326282390269698,0.10495107865168539,89000000
Consumers,0.3326282390269698,0.10495001111111112,90000000
Consumers,0.3326282390269698,0.10495102197802197,91000000
Consumers,0.3326282390269698,0.10494865217391304,92000000
Consumers,0.3326282390269698,0.1049568817204301,93000000
Consumers,0.3326282390269698,0.10495306382978724,94000000
Consumers,0.3326282390269698,0.10495602105263158,95000000
Consumers,0.3326282390269698,0.10495736458333334,96000000
Consumers,0.3326282390269698,0.10495617525773196,97000000
Consumers,0.3326282390269698,0.10495544897959183,98000000
Consumers,0.3326282390269698,0.10495648484848485,99000000
Consumers,0.3326282390269698,0.10495717,100000000
