Primary_Producers,0.9210526315789473,0.051715,1000000
Primary_Producers,0.9210526315789473,0.051445,2000000
Primary_Producers,0.9210526315789473,0.051336,3000000
Primary_Producers,0.9210526315789473,0.05132475,4000000
Primary_Producers,0.9210526315789473,0.0513436,5000000
Primary_Producers,0.9210526315789473,0.0513855,6000000
Primary_Producers,0.9210526315789473,0.051384428571428574,7000000
Primary_Producers,0.9210526315789473,0.051405375,8000000
Primary_Producers,0.9210526315789473,0.051428,9000000
Primary_Producers,0.9210526315789473,0.0514689,10000000
Primary_Producers,0.9210526315789473,0.051434545454545455,11000000
Primary_Producers,0.9210526315789473,0.051442416666666664,12000000
Primary_Producers,0.9210526315789473,0.05146061538461538,13000000
Primary_Producers,0.9210526315789473,0.051433714285714284,14000000
Primary_Producers,0.9210526315789473,0.051440733333333336,15000000
Primary_Producers,0.9210526315789473,0.0514401875,16000000
Primary_Producers,0.9210526315789473,0.05145441176470588,17000000
Primary_Producers,0.9210526315789473,0.051445,18000000
Primary_Producers,0.9210526315789473,0.05144921052631579,19000000
Primary_Producers,0.9210526315789473,0.0514656,20000000
Primary_Producers,0.9210526315789473,0.05148895238095238,21000000
Primary_Producers,0.9210526315789473,0.051479636363636366,22000000
Primary_Producers,0.9210526315789473,0.05146495652173913,23000000
Primary_Producers,0.9210526315789473,0.05145983333333334,24000000
Primary_Producers,0.9210526315789473,0.05145648,25000000
Primary_Producers,0.9210526315789473,0.051464115384615386,26000000
Primary_Producers,0.9210526315789473,0.05146288888888889,27000000
Primary_Producers,0.9210526315789473,0.05145396428571428,28000000
Primary_Producers,0.9210526315789473,0.051457068965517244,29000000
Primary_Producers,0.9210526315789473,0.05144856666666667,30000000
Primary_Producers,0.9210526315789473,0.051448548387096775,31000000
Primary_Producers,0.9210526315789473,0.05145415625,32000000
Primary_Producers,0.9210526315789473,0.05145021212121212,33000000
Primary_Producers,0.9210526315789473,0.05144511764705882,34000000
Primary_Producers,0.9210526315789473,0.051460428571428574,35000000
Primary_Producers,0.9210526315789473,0.051458722222222225,36000000
Primary_Producers,0.9210526315789473,0.05145943243243243,37000000
Primary_Producers,0.9210526315789473,0.051457605263157895,38000000
Primary_Producers,0.9210526315789473,0.051451717948717945,39000000
Primary_Producers,0.9210526315789473,0.0514414,40000000
Primary_Producers,0.9210526315789473,0.051440560975609756,41000000
Primary_Producers,0.9210526315789473,0.05143352380952381,42000000
Primary_Producers,0.9210526315789473,0.05144172093023256,43000000
Primary_Producers,0.9210526315789473,0.05144025,44000000
Primary_Producers,0.9210526315789473,0.051443777777777776,45000000
Primary_Producers,0.9210526315789473,0.05144604347826087,46000000
Primary_Producers,0.9210526315789473,0.05144525531914894,47000000
Primary_Producers,0.9210526315789473,0.0514455625,48000000
Primary_Producers,0.9210526315789473,0.05144228571428571,49000000
Primary_Producers,0.9210526315789473,0.0514381,50000000
Primary_Producers,0.9210526315789473,0.051445901960784315,51000000
Primary_Producers,0.9210526315789473,0.05144569230769231,52000000
Primary_Producers,0.9210526315789473,0.05144258490566038,53000000
Primary_Producers,0.9210526315789473,0.051444296296296294,54000000
Primary_Producers,0.9210526315789473,0.05143818181818182,55000000
Primary_Producers,0.9210526315789473,0.05144180357142857,56000000
Primary_Producers,0.9210526315789473,0.05144878947368421,57000000
Primary_Producers,0.9210526315789473,0.05144255172413793,58000000
Primary_Producers,0.9210526315789473,0.05144252542372881,59000000
Primary_Producers,0.9210526315789473,0.05144403333333333,60000000
Primary_Producers,0.9210526315789473,0.05144047540983607,61000000
Primary_Producers,0.9210526315789473,0.05144267741935484,62000000
Primary_Producers,0.9210526315789473,0.0514475873015873,63000000
Primary_Producers,0.9210526315789473,0.051452890625,64000000
Primary_Producers,0.9210526315789473,0.05145401538461539,65000000
Primary_Producers,0.9210526315789473,0.05145104545454546,66000000
Primary_Producers,0.9210526315789473,0.051447,67000000
Primary_Producers,0.9210526315789473,0.05144567647058824,68000000
Primary_Producers,0.9210526315789473,0.05144291304347826,69000000
Primary_Producers,0.9210526315789473,0.0514409,70000000
Primary_Producers,0.9210526315789473,0.051438028169014084,71000000
Primary_Producers,0.9210526315789473,0.05143748611111111,72000000
Primary_Producers,0.9210526315789473,0.05143839726027397,73000000
Primary_Producers,0.9210526315789473,0.05143313513513514,74000000
Primary_Producers,0.9210526315789473,0.051433,75000000
Primary_Producers,0.9210526315789473,0.051429802631578946,76000000
Primary_Producers,0.9210526315789473,0.051429532467532464,77000000
Primary_Producers,0.9210526315789473,0.05143120512820513,78000000
Primary_Producers,0.9210526315789473,0.05142762025316456,79000000
Primary_Producers,0.9210526315789473,0.0514280125,80000000
Primary_Producers,0.9210526315789473,0.05142153086419753,81000000
Primary_Producers,0.9210526315789473,0.05142537804878049,82000000
Primary_Producers,0.9210526315789473,0.05142877108433735,83000000
Primary_Producers,0.9210526315789473,0.05142904761904762,84000000
Primary_Producers,0.9210526315789473,0.051429141176470586,85000000
Primary_Producers,0.9210526315789473,0.05142962790697674,86000000
Primary_Producers,0.9210526315789473,0.05143274712643678,87000000
Primary_Producers,0.9210526315789473,0.05143338636363636,88000000
Primary_Producers,0.9210526315789473,0.05143262921348315,89000000
Primary_Producers,0.9210526315789473,0.05143511111111111,90000000
Primary_Producers,0.9210526315789473,0.05143538461538461,91000000
Primary_Producers,0.9210526315789473,0.05143611956521739,92000000
Primary_Producers,0.9210526315789473,0.05143474193548387,93000000
Primary_Producers,0.9210526315789473,0.05143956382978723,94000000
Primary_Producers,0.9210526315789473,0.05143921052631579,95000000
Primary_Producers,0.9210526315789473,0.05143652083333333,96000000
Primary_Producers,0.9210526315789473,0.05143615463917526,97000000
Primary_Producers,0.9210526315789473,0.05143660204081633,98000000
Primary_Producers,0.9210526315789473,0.05144315151515152,99000000
Primary_Producers,0.9210526315789473,0.05144641,100000000
