Primary_Producers,0.8879464285714286,0.043664,1000000
Primary_Producers,0.8879464285714286,0.0437325,2000000
Primary_Producers,0.8879464285714286,0.04372966666666667,3000000
Primary_Producers,0.8879464285714286,0.043676,4000000
Primary_Producers,0.8879464285714286,0.0436254,5000000
Primary_Producers,0.8879464285714286,0.043656,6000000
Primary_Producers,0.8879464285714286,0.043632285714285714,7000000
Primary_Producers,0.8879464285714286,0.04358675,8000000
Primary_Producers,0.8879464285714286,0.04356588888888889,9000000
Primary_Producers,0.8879464285714286,0.0435208,10000000
Primary_Producers,0.8879464285714286,0.043493363636363636,11000000
Primary_Producers,0.8879464285714286,0.043520166666666665,12000000
Primary_Producers,0.8879464285714286,0.04352030769230769,13000000
Primary_Producers,0.8879464285714286,0.04353257142857143,14000000
Primary_Producers,0.8879464285714286,0.043521333333333335,15000000
Primary_Producers,0.8879464285714286,0.043543875,16000000
Primary_Producers,0.8879464285714286,0.04353552941176471,17000000
Primary_Producers,0.8879464285714286,0.04353972222222222,18000000
Primary_Producers,0.8879464285714286,0.043543,19000000
Primary_Producers,0.8879464285714286,0.0435588,20000000
Primary_Producers,0.8879464285714286,0.04357309523809524,21000000
Primary_Producers,0.8879464285714286,0.043582863636363635,22000000
Primary_Producers,0.8879464285714286,0.043587,23000000
Primary_Producers,0.8879464285714286,0.043603166666666665,24000000
Primary_Producers,0.8879464285714286,0.04360188,25000000
Primary_Producers,0.8879464285714286,0.04360511538461539,26000000
Primary_Producers,0.8879464285714286,0.04362044444444445,27000000
Primary_Producers,0.8879464285714286,0.04361232142857143,28000000
Primary_Producers,0.8879464285714286,0.04361296551724138,29000000
Primary_Producers,0.8879464285714286,0.0436262,30000000
Primary_Producers,0.8879464285714286,0.043624032258064514,31000000
Primary_Producers,0.8879464285714286,0.04362790625,32000000
Primary_Producers,0.8879464285714286,0.04362621212121212,33000000
Primary_Producers,0.8879464285714286,0.04362470588235294,34000000
Primary_Producers,0.8879464285714286,0.04361874285714286,35000000
Primary_Producers,0.8879464285714286,0.043624583333333335,36000000
Primary_Producers,0.8879464285714286,0.04363089189189189,37000000
Primary_Producers,0.8879464285714286,0.0436245,38000000
Primary_Producers,0.8879464285714286,0.04362905128205128,39000000
Primary_Producers,0.8879464285714286,0.043626075,40000000
Primary_Producers,0.8879464285714286,0.04362517073170732,41000000
Primary_Producers,0.8879464285714286,0.04362428571428571,42000000
Primary_Producers,0.8879464285714286,0.04362493023255814,43000000
Primary_Producers,0.8879464285714286,0.04362477272727273,44000000
Primary_Producers,0.8879464285714286,0.043623244444444445,45000000
Primary_Producers,0.8879464285714286,0.04362347826086956,46000000
Primary_Producers,0.8879464285714286,0.04361795744680851,47000000
Primary_Producers,0.8879464285714286,0.04361385416666667,48000000
Primary_Producers,0.8879464285714286,0.04361004081632653,49000000
Primary_Producers,0.8879464285714286,0.0436073,50000000
Primary_Producers,0.8879464285714286,0.043607705882352944,51000000
Primary_Producers,0.8879464285714286,0.04360571153846154,52000000
Primary_Producers,0.8879464285714286,0.043606509433962264,53000000
Primary_Producers,0.8879464285714286,0.043601148148148146,54000000
Primary_Producers,0.8879464285714286,0.04360652727272727,55000000
Primary_Producers,0.8879464285714286,0.04360925,56000000
Primary_Producers,0.8879464285714286,0.04360657894736842,57000000
Primary_Producers,0.8879464285714286,0.04360937931034483,58000000
Primary_Producers,0.8879464285714286,0.043611118644067796,59000000
Primary_Producers,0.8879464285714286,0.04361021666666667,60000000
Primary_Producers,0.8879464285714286,0.04360819672131148,61000000
Primary_Producers,0.8879464285714286,0.043606983870967744,62000000
Primary_Producers,0.8879464285714286,0.04360352380952381,63000000
Primary_Producers,0.8879464285714286,0.043597421875,64000000
Primary_Producers,0.8879464285714286,0.04359852307692308,65000000
Primary_Producers,0.8879464285714286,0.04359824242424242,66000000
Primary_Producers,0.8879464285714286,0.04360059701492537,67000000
Primary_Producers,0.8879464285714286,0.04359904411764706,68000000
Primary_Producers,0.8879464285714286,0.043599797101449275,69000000
Primary_Producers,0.8879464285714286,0.0436048,70000000
Primary_Producers,0.8879464285714286,0.043604098591549297,71000000
Primary_Producers,0.8879464285714286,0.043604972222222226,72000000
Primary_Producers,0.8879464285714286,0.043606849315068495,73000000
Primary_Producers,0.8879464285714286,0.04360691891891892,74000000
Primary_Producers,0.8879464285714286,0.04360512,75000000
Primary_Producers,0.8879464285714286,0.04360835526315789,76000000
Primary_Producers,0.8879464285714286,0.043608155844155845,77000000
Primary_Producers,0.8879464285714286,0.04360673076923077,78000000
Primary_Producers,0.8879464285714286,0.04360673417721519,79000000
Primary_Producers,0.8879464285714286,0.04360975,80000000
Primary_Producers,0.8879464285714286,0.0436080987654321,81000000
Primary_Producers,0.8879464285714286,0.043607890243902436,82000000
Primary_Producers,0.8879464285714286,0.043604012048192774,83000000
Primary_Producers,0.8879464285714286,0.04360704761904762,84000000
Primary_Producers,0.8879464285714286,0.04360788235294118,85000000
Primary_Producers,0.8879464285714286,0.04360760465116279,86000000
Primary_Producers,0.8879464285714286,0.0436085632183908,87000000
Primary_Producers,0.8879464285714286,0.04361153409090909,88000000
Primary_Producers,0.8879464285714286,0.04361265168539326,89000000
Primary_Producers,0.8879464285714286,0.04361161111111111,90000000
Primary_Producers,0.8879464285714286,0.0436133956043956,91000000
Primary_Producers,0.8879464285714286,0.043614358695652174,92000000
Primary_Producers,0.8879464285714286,0.04361159139784946,93000000
Primary_Producers,0.8879464285714286,0.043612553191489364,94000000
Primary_Producers,0.8879464285714286,0.04361137894736842,95000000
Primary_Producers,0.8879464285714286,0.04360892708333333,96000000
Primary_Producers,0.8879464285714286,0.04360858762886598,97000000
Primary_Producers,0.8879464285714286,0.04360816326530612,98000000
Primary_Producers,0.8879464285714286,0.04361061616161616,99000000
Primary_Producers,0.8879464285714286,0.04361133,100000000
