Herbivores,0.8289473684210527,0.001296,1000000
Herbivores,0.8289473684210527,0.00126,2000000
Herbivores,0.8289473684210527,0.0012523333333333334,3000000
Herbivores,0.8289473684210527,0.001251,4000000
Herbivores,0.8289473684210527,0.0012474,5000000
Herbivores,0.8289473684210527,0.0012408333333333334,6000000
Herbivores,0.8289473684210527,0.0012432857142857143,7000000
Herbivores,0.8289473684210527,0.0012415,8000000
Herbivores,0.8289473684210527,0.0012405555555555555,9000000
Herbivores,0.8289473684210527,0.0012437,10000000
Herbivores,0.8289473684210527,0.001243,11000000
Herbivores,0.8289473684210527,0.001238,12000000
Herbivores,0.8289473684210527,0.001236,13000000
Herbivores,0.8289473684210527,0.0012332142857142856,14000000
Herbivores,0.8289473684210527,0.0012328666666666667,15000000
Herbivores,0.8289473684210527,0.0012341875,16000000
Herbivores,0.8289473684210527,0.001240705882352941,17000000
Herbivores,0.8289473684210527,0.0012443333333333334,18000000
Herbivores,0.8289473684210527,0.0012430526315789475,19000000
Herbivores,0.8289473684210527,0.00123975,20000000
Herbivores,0.8289473684210527,0.0012385238095238096,21000000
Herbivores,0.8289473684210527,0.0012365,22000000
Herbivores,0.8289473684210527,0.0012366521739130434,23000000
Herbivores,0.8289473684210527,0.0012394583333333333,24000000
Herbivores,0.8289473684210527,0.00124244,25000000
Herbivores,0.8289473684210527,0.001240923076923077,26000000
Herbivores,0.8289473684210527,0.0012422222222222223,27000000
Herbivores,0.8289473684210527,0.0012424285714285714,28000000
Herbivores,0.8289473684210527,0.0012407586206896553,29000000
Herbivores,0.8289473684210527,0.0012412333333333334,30000000
Herbivores,0.8289473684210527,0.0012414193548387097,31000000
Herbivores,0.8289473684210527,0.00124240625,32000000
Herbivores,0.8289473684210527,0.001240878787878788,33000000
Herbivores,0.8289473684210527,0.0012390882352941177,34000000
Herbivores,0.8289473684210527,0.0012380857142857142,35000000
Herbivores,0.8289473684210527,0.0012384722222222222,36000000
Herbivores,0.8289473684210527,0.001239054054054054,37000000
Herbivores,0.8289473684210527,0.0012390263157894736,38000000
Herbivores,0.8289473684210527,0.0012392564102564102,39000000
Herbivores,0.8289473684210527,0.001239975,40000000
Herbivores,0.8289473684210527,0.0012391463414634146,41000000
Herbivores,0.8289473684210527,0.0012383809523809524,42000000
Herbivores,0.8289473684210527,0.0012383488372093023,43000000
Herbivores,0.8289473684210527,0.0012390227272727273,44000000
Herbivores,0.8289473684210527,0.0012399111111111112,45000000
Herbivores,0.8289473684210527,0.0012396739130434782,46000000
Herbivores,0.8289473684210527,0.001240595744680851,47000000
Herbivores,0.8289473684210527,0.0012402291666666666,48000000
Herbivores,0.8289473684210527,0.0012405714285714286,49000000
Herbivores,0.8289473684210527,0.00123992,50000000
Herbivores,0.8289473684210527,0.0012409411764705883,51000000
Herbivores,0.8289473684210527,0.001240923076923077,52000000
Herbivores,0.8289473684210527,0.0012408867924528302,53000000
Herbivores,0.8289473684210527,0.001239148148148148,54000000
Herbivores,0.8289473684210527,0.0012388,55000000
Herbivores,0.8289473684210527,0.001238375,56000000
Herbivores,0.8289473684210527,0.0012383333333333333,57000000
Herbivores,0.8289473684210527,0.0012383103448275863,58000000
Herbivores,0.8289473684210527,0.0012386610169491526,59000000
Herbivores,0.8289473684210527,0.0012386,60000000
Herbivores,0.8289473684210527,0.0012385081967213115,61000000
Herbivores,0.8289473684210527,0.0012394516129032257,62000000
Herbivores,0.8289473684210527,0.001239984126984127,63000000
Herbivores,0.8289473684210527,0.00123959375,64000000
Herbivores,0.8289473684210527,0.0012400615384615384,65000000
Herbivores,0.8289473684210527,0.0012403181818181818,66000000
Herbivores,0.8289473684210527,0.001240223880597015,67000000
Herbivores,0.8289473684210527,0.0012406176470588235,68000000
Herbivores,0.8289473684210527,0.0012415942028985508,69000000
Herbivores,0.8289473684210527,0.0012422571428571429,70000000
Herbivores,0.8289473684210527,0.0012423239436619717,71000000
Herbivores,0.8289473684210527,0.001242875,72000000
Herbivores,0.8289473684210527,0.001242958904109589,73000000
Herbivores,0.8289473684210527,0.0012432702702702702,74000000
Herbivores,0.8289473684210527,0.0012431866666666666,75000000
Herbivores,0.8289473684210527,0.0012437894736842105,76000000
Herbivores,0.8289473684210527,0.0012437532467532467,77000000
Herbivores,0.8289473684210527,0.001244551282051282,78000000
Herbivores,0.8289473684210527,0.0012448354430379747,79000000
Herbivores,0.8289473684210527,0.00124515,80000000
Herbivores,0.8289473684210527,0.0012456666666666666,81000000
Herbivores,0.8289473684210527,0.0012455243902439025,82000000
Herbivores,0.8289473684210527,0.0012452409638554216,83000000
Herbivores,0.8289473684210527,0.0012447738095238095,84000000
Herbivores,0.8289473684210527,0.0012442823529411765,85000000
Herbivores,0.8289473684210527,0.0012446046511627906,86000000
Herbivores,0.8289473684210527,0.001244080459770115,87000000
Herbivores,0.8289473684210527,0.0012440227272727273,88000000
Herbivores,0.8289473684210527,0.0012436629213483147,89000000
Herbivores,0.8289473684210527,0.0012432666666666666,90000000
Herbivores,0.8289473684210527,0.0012432857142857143,91000000
Herbivores,0.8289473684210527,0.001243032608695652,92000000
Herbivores,0.8289473684210527,0.0012438494623655913,93000000
Herbivores,0.8289473684210527,0.0012431702127659575,94000000
Herbivores,0.8289473684210527,0.0012429894736842105,95000000
Herbivores,0.8289473684210527,0.0012429270833333333,96000000
Herbivores,0.8289473684210527,0.001242742268041237,97000000
Herbivores,0.8289473684210527,0.0012430408163265306,98000000
Herbivores,0.8289473684210527,0.0012428484848484849,99000000
Herbivores,0.8289473684210527,0.00124307,100000000
