all,0.35574063057703753,6.2e-5,1000000
all,0.35574063057703753,5.95e-5,2000000
all,0.35574063057703753,5.833333333333333e-5,3000000
all,0.35574063057703753,6.125e-5,4000000
all,0.35574063057703753,6.2e-5,5000000
all,0.35574063057703753,6.283333333333333e-5,6000000
all,0.35574063057703753,6.157142857142857e-5,7000000
all,0.35574063057703753,5.975e-5,8000000
all,0.35574063057703753,6.0777777777777775e-5,9000000
all,0.35574063057703753,6.05e-5,10000000
all,0.35574063057703753,6.0636363636363635e-5,11000000
all,0.35574063057703753,6.0333333333333334e-5,12000000
all,0.35574063057703753,5.946153846153846e-5,13000000
all,0.35574063057703753,5.9928571428571425e-5,14000000
all,0.35574063057703753,6.073333333333333e-5,15000000
all,0.35574063057703753,6.0625e-5,16000000
all,0.35574063057703753,5.994117647058824e-5,17000000
all,0.35574063057703753,6.005555555555555e-5,18000000
all,0.35574063057703753,6.005263157894737e-5,19000000
all,0.35574063057703753,6.055e-5,20000000
all,0.35574063057703753,6.019047619047619e-5,21000000
all,0.35574063057703753,6.072727272727273e-5,22000000
all,0.35574063057703753,6.065217391304348e-5,23000000
all,0.35574063057703753,6.041666666666667e-5,24000000
all,0.35574063057703753,6.04e-5,25000000
all,0.35574063057703753,6.0423076923076924e-5,26000000
all,0.35574063057703753,6.081481481481481e-5,27000000
all,0.35574063057703753,6.0214285714285716e-5,28000000
all,0.35574063057703753,5.9586206896551725e-5,29000000
all,0.35574063057703753,5.966666666666667e-5,30000000
all,0.35574063057703753,5.941935483870968e-5,31000000
all,0.35574063057703753,5.909375e-5,32000000
all,0.35574063057703753,5.887878787878788e-5,33000000
all,0.35574063057703753,5.8676470588235296e-5,34000000
all,0.35574063057703753,5.842857142857143e-5,35000000
all,0.35574063057703753,5.897222222222222e-5,36000000
all,0.35574063057703753,5.894594594594595e-5,37000000
all,0.35574063057703753,5.8894736842105264e-5,38000000
all,0.35574063057703753,5.8564102564102567e-5,39000000
all,0.35574063057703753,5.84e-5,40000000
all,0.35574063057703753,5.851219512195122e-5,41000000
all,0.35574063057703753,5.8595238095238096e-5,42000000
all,0.35574063057703753,5.851162790697674e-5,43000000
all,0.35574063057703753,5.85e-5,44000000
all,0.35574063057703753,5.8577777777777776e-5,45000000
all,0.35574063057703753,5.876086956521739e-5,46000000
all,0.35574063057703753,5.838297872340425e-5,47000000
all,0.35574063057703753,5.825e-5,48000000
all,0.35574063057703753,5.8142857142857146e-5,49000000
all,0.35574063057703753,5.818e-5,50000000
all,0.35574063057703753,5.819607843137255e-5,51000000
all,0.35574063057703753,5.809615384615385e-5,52000000
all,0.35574063057703753,5.8471698113207545e-5,53000000
all,0.35574063057703753,5.85e-5,54000000
all,0.35574063057703753,5.8345454545454544e-5,55000000
all,0.35574063057703753,5.8732142857142856e-5,56000000
all,0.35574063057703753,5.880701754385965e-5,57000000
all,0.35574063057703753,5.8775862068965514e-5,58000000
all,0.35574063057703753,5.8694915254237285e-5,59000000
all,0.35574063057703753,5.86e-5,60000000
all,0.35574063057703753,5.859016393442623e-5,61000000
all,0.35574063057703753,5.864516129032258e-5,62000000
all,0.35574063057703753,5.8698412698412695e-5,63000000
all,0.35574063057703753,5.8734375e-5,64000000
all,0.35574063057703753,5.876923076923077e-5,65000000
all,0.35574063057703753,5.8681818181818184e-5,66000000
all,0.35574063057703753,5.870149253731343e-5,67000000
all,0.35574063057703753,5.8852941176470586e-5,68000000
all,0.35574063057703753,5.891304347826087e-5,69000000
all,0.35574063057703753,5.9071428571428574e-5,70000000
all,0.35574063057703753,5.898591549295775e-5,71000000
all,0.35574063057703753,5.906944444444444e-5,72000000
all,0.35574063057703753,5.882191780821918e-5,73000000
all,0.35574063057703753,5.886486486486486e-5,74000000
all,0.35574063057703753,5.888e-5,75000000
all,0.35574063057703753,5.901315789473684e-5,76000000
all,0.35574063057703753,5.883116883116883e-5,77000000
all,0.35574063057703753,5.8974358974358975e-5,78000000
all,0.35574063057703753,5.8734177215189874e-5,79000000
all,0.35574063057703753,5.8525e-5,80000000
all,0.35574063057703753,5.853086419753086e-5,81000000
all,0.35574063057703753,5.852439024390244e-5,82000000
all,0.35574063057703753,5.856626506024096e-5,83000000
all,0.35574063057703753,5.85e-5,84000000
all,0.35574063057703753,5.849411764705882e-5,85000000
all,0.35574063057703753,5.846511627906977e-5,86000000
all,0.35574063057703753,5.842528735632184e-5,87000000
all,0.35574063057703753,5.8420454545454546e-5,88000000
all,0.35574063057703753,5.842696629213483e-5,89000000
all,0.35574063057703753,5.846666666666667e-5,90000000
all,0.35574063057703753,5.8406593406593404e-5,91000000
all,0.35574063057703753,5.8369565217391306e-5,92000000
all,0.35574063057703753,5.83010752688172e-5,93000000
all,0.35574063057703753,5.826595744680851e-5,94000000
all,0.35574063057703753,5.833684210526316e-5,95000000
all,0.35574063057703753,5.8416666666666666e-5,96000000
all,0.35574063057703753,5.843298969072165e-5,97000000
all,0.35574063057703753,5.833673469387755e-5,98000000
all,0.35574063057703753,5.84040404040404e-5,99000000
all,0.35574063057703753,5.844e-5,100000000
