Primary_Producers,0.49999999999999994,0.988853,1000000
Primary_Producers,0.49999999999999994,0.9888075,2000000
Primary_Producers,0.49999999999999994,0.9888196666666667,3000000
Primary_Producers,0.49999999999999994,0.98882375,4000000
Primary_Producers,0.49999999999999994,0.9888122,5000000
Primary_Producers,0.49999999999999994,0.9888293333333333,6000000
Primary_Producers,0.49999999999999994,0.988832,7000000
Primary_Producers,0.49999999999999994,0.98883125,8000000
Primary_Producers,0.49999999999999994,0.9888215555555555,9000000
Primary_Producers,0.49999999999999994,0.9888357,10000000
Primary_Producers,0.49999999999999994,0.9888275454545454,11000000
Primary_Producers,0.49999999999999994,0.9888159166666667,12000000
Primary_Producers,0.49999999999999994,0.9888100769230769,13000000
Primary_Producers,0.49999999999999994,0.9888041428571429,14000000
Primary_Producers,0.49999999999999994,0.9888183333333334,15000000
Primary_Producers,0.49999999999999994,0.9888219375,16000000
Primary_Producers,0.49999999999999994,0.9888250588235294,17000000
Primary_Producers,0.49999999999999994,0.9888229444444444,18000000
Primary_Producers,0.49999999999999994,0.9888232105263158,19000000
Primary_Producers,0.49999999999999994,0.9888289,20000000
Primary_Producers,0.49999999999999994,0.9888306666666666,21000000
Primary_Producers,0.49999999999999994,0.9888395,22000000
Primary_Producers,0.49999999999999994,0.9888380434782609,23000000
Primary_Producers,0.49999999999999994,0.988841,24000000
Primary_Producers,0.49999999999999994,0.98883968,25000000
Primary_Producers,0.49999999999999994,0.9888431538461538,26000000
Primary_Producers,0.49999999999999994,0.9888387407407407,27000000
Primary_Producers,0.49999999999999994,0.98884175,28000000
Primary_Producers,0.49999999999999994,0.9888412758620689,29000000
Primary_Producers,0.49999999999999994,0.9888400666666667,30000000
Primary_Producers,0.49999999999999994,0.9888384516129032,31000000
Primary_Producers,0.49999999999999994,0.98883971875,32000000
Primary_Producers,0.49999999999999994,0.9888392121212122,33000000
Primary_Producers,0.49999999999999994,0.9888366176470588,34000000
Primary_Producers,0.49999999999999994,0.9888407714285714,35000000
Primary_Producers,0.49999999999999994,0.9888373055555556,36000000
Primary_Producers,0.49999999999999994,0.9888377837837837,37000000
Primary_Producers,0.49999999999999994,0.9888338684210526,38000000
Primary_Producers,0.49999999999999994,0.9888329743589743,39000000
Primary_Producers,0.49999999999999994,0.9888353,40000000
Primary_Producers,0.49999999999999994,0.9888362195121951,41000000
Primary_Producers,0.49999999999999994,0.988835119047619,42000000
Primary_Producers,0.49999999999999994,0.9888318372093023,43000000
Primary_Producers,0.49999999999999994,0.98883025,44000000
Primary_Producers,0.49999999999999994,0.9888283111111111,45000000
Primary_Producers,0.49999999999999994,0.9888259347826087,46000000
Primary_Producers,0.49999999999999994,0.9888269361702128,47000000
Primary_Producers,0.49999999999999994,0.9888263958333333,48000000
Primary_Producers,0.49999999999999994,0.9888251836734694,49000000
Primary_Producers,0.49999999999999994,0.98882676,50000000
Primary_Producers,0.49999999999999994,0.9888278039215687,51000000
Primary_Producers,0.49999999999999994,0.9888296923076924,52000000
Primary_Producers,0.49999999999999994,0.9888310754716981,53000000
Primary_Producers,0.49999999999999994,0.9888292037037038,54000000
Primary_Producers,0.49999999999999994,0.9888276181818182,55000000
Primary_Producers,0.49999999999999994,0.9888279107142857,56000000
Primary_Producers,0.49999999999999994,0.9888280350877193,57000000
Primary_Producers,0.49999999999999994,0.9888250689655173,58000000
Primary_Producers,0.49999999999999994,0.9888262033898305,59000000
Primary_Producers,0.49999999999999994,0.9888265666666667,60000000
Primary_Producers,0.49999999999999994,0.9888285737704918,61000000
Primary_Producers,0.49999999999999994,0.9888296451612903,62000000
Primary_Producers,0.49999999999999994,0.9888298253968254,63000000
Primary_Producers,0.49999999999999994,0.98883075,64000000
Primary_Producers,0.49999999999999994,0.9888305538461538,65000000
Primary_Producers,0.49999999999999994,0.9888282878787878,66000000
Primary_Producers,0.49999999999999994,0.9888305223880597,67000000
Primary_Producers,0.49999999999999994,0.98883025,68000000
Primary_Producers,0.49999999999999994,0.9888301739130435,69000000
Primary_Producers,0.49999999999999994,0.9888314714285714,70000000
Primary_Producers,0.49999999999999994,0.988831690140845,71000000
Primary_Producers,0.49999999999999994,0.9888332638888889,72000000
Primary_Producers,0.49999999999999994,0.9888318356164384,73000000
Primary_Producers,0.49999999999999994,0.9888309594594594,74000000
Primary_Producers,0.49999999999999994,0.98883384,75000000
Primary_Producers,0.49999999999999994,0.9888336710526315,76000000
Primary_Producers,0.49999999999999994,0.9888313636363636,77000000
Primary_Producers,0.49999999999999994,0.9888350512820513,78000000
Primary_Producers,0.49999999999999994,0.9888358734177215,79000000
Primary_Producers,0.49999999999999994,0.9888366375,80000000
Primary_Producers,0.49999999999999994,0.9888367160493827,81000000
Primary_Producers,0.49999999999999994,0.9888366219512195,82000000
Primary_Producers,0.49999999999999994,0.9888339156626506,83000000
Primary_Producers,0.49999999999999994,0.988833630952381,84000000
Primary_Producers,0.49999999999999994,0.9888349764705883,85000000
Primary_Producers,0.49999999999999994,0.9888364302325582,86000000
Primary_Producers,0.49999999999999994,0.9888361724137931,87000000
Primary_Producers,0.49999999999999994,0.9888369204545454,88000000
Primary_Producers,0.49999999999999994,0.9888380449438202,89000000
Primary_Producers,0.49999999999999994,0.9888369222222222,90000000
Primary_Producers,0.49999999999999994,0.988837912087912,91000000
Primary_Producers,0.49999999999999994,0.9888391195652174,92000000
Primary_Producers,0.49999999999999994,0.9888414731182795,93000000
Primary_Producers,0.49999999999999994,0.9888408297872341,94000000
Primary_Producers,0.49999999999999994,0.9888410315789473,95000000
Primary_Producers,0.49999999999999994,0.98884153125,96000000
Primary_Producers,0.49999999999999994,0.9888425463917526,97000000
Primary_Producers,0.49999999999999994,0.9888432040816326,98000000
Primary_Producers,0.49999999999999994,0.9888429191919192,99000000
Primary_Producers,0.49999999999999994,0.98884466,100000000
