Herbivores,0.6904761904761905,0.0011,1000000
Herbivores,0.6904761904761905,0.0010655,2000000
Herbivores,0.6904761904761905,0.001062,3000000
Herbivores,0.6904761904761905,0.00106,4000000
Herbivores,0.6904761904761905,0.0010556,5000000
Herbivores,0.6904761904761905,0.0010623333333333333,6000000
Herbivores,0.6904761904761905,0.001056142857142857,7000000
Herbivores,0.6904761904761905,0.0010555,8000000
Herbivores,0.6904761904761905,0.0010506666666666668,9000000
Herbivores,0.6904761904761905,0.0010558,10000000
Herbivores,0.6904761904761905,0.001053,11000000
Herbivores,0.6904761904761905,0.0010575833333333333,12000000
Herbivores,0.6904761904761905,0.0010566923076923077,13000000
Herbivores,0.6904761904761905,0.0010557857142857142,14000000
Herbivores,0.6904761904761905,0.0010543333333333333,15000000
Herbivores,0.6904761904761905,0.0010555625,16000000
Herbivores,0.6904761904761905,0.0010569411764705882,17000000
Herbivores,0.6904761904761905,0.0010613333333333334,18000000
Herbivores,0.6904761904761905,0.0010606842105263159,19000000
Herbivores,0.6904761904761905,0.0010598,20000000
Herbivores,0.6904761904761905,0.0010567142857142856,21000000
Herbivores,0.6904761904761905,0.001055409090909091,22000000
Herbivores,0.6904761904761905,0.0010536521739130434,23000000
Herbivores,0.6904761904761905,0.0010556666666666666,24000000
Herbivores,0.6904761904761905,0.00105676,25000000
Herbivores,0.6904761904761905,0.0010544615384615384,26000000
Herbivores,0.6904761904761905,0.0010556296296296297,27000000
Herbivores,0.6904761904761905,0.0010552142857142856,28000000
Herbivores,0.6904761904761905,0.001055896551724138,29000000
Herbivores,0.6904761904761905,0.0010554333333333333,30000000
Herbivores,0.6904761904761905,0.0010567096774193548,31000000
Herbivores,0.6904761904761905,0.00105634375,32000000
Herbivores,0.6904761904761905,0.0010557878787878787,33000000
Herbivores,0.6904761904761905,0.0010561764705882353,34000000
Herbivores,0.6904761904761905,0.0010563142857142858,35000000
Herbivores,0.6904761904761905,0.0010559166666666666,36000000
Herbivores,0.6904761904761905,0.0010567297297297297,37000000
Herbivores,0.6904761904761905,0.0010576842105263157,38000000
Herbivores,0.6904761904761905,0.0010574615384615384,39000000
Herbivores,0.6904761904761905,0.0010577,40000000
Herbivores,0.6904761904761905,0.001057731707317073,41000000
Herbivores,0.6904761904761905,0.0010587619047619048,42000000
Herbivores,0.6904761904761905,0.0010578372093023255,43000000
Herbivores,0.6904761904761905,0.0010580681818181817,44000000
Herbivores,0.6904761904761905,0.001059711111111111,45000000
Herbivores,0.6904761904761905,0.0010597826086956523,46000000
Herbivores,0.6904761904761905,0.0010592765957446809,47000000
Herbivores,0.6904761904761905,0.0010606458333333334,48000000
Herbivores,0.6904761904761905,0.0010596734693877551,49000000
Herbivores,0.6904761904761905,0.00106004,50000000
Herbivores,0.6904761904761905,0.0010598431372549019,51000000
Herbivores,0.6904761904761905,0.00106,52000000
Herbivores,0.6904761904761905,0.0010596981132075473,53000000
Herbivores,0.6904761904761905,0.0010601296296296296,54000000
Herbivores,0.6904761904761905,0.001060309090909091,55000000
Herbivores,0.6904761904761905,0.001060375,56000000
Herbivores,0.6904761904761905,0.001060017543859649,57000000
Herbivores,0.6904761904761905,0.0010591206896551724,58000000
Herbivores,0.6904761904761905,0.001058677966101695,59000000
Herbivores,0.6904761904761905,0.0010583833333333334,60000000
Herbivores,0.6904761904761905,0.0010588360655737704,61000000
Herbivores,0.6904761904761905,0.001057741935483871,62000000
Herbivores,0.6904761904761905,0.0010581746031746032,63000000
Herbivores,0.6904761904761905,0.0010579375,64000000
Herbivores,0.6904761904761905,0.0010581230769230769,65000000
Herbivores,0.6904761904761905,0.0010588484848484847,66000000
Herbivores,0.6904761904761905,0.0010590149253731343,67000000
Herbivores,0.6904761904761905,0.0010589117647058824,68000000
Herbivores,0.6904761904761905,0.0010593623188405797,69000000
Herbivores,0.6904761904761905,0.0010590285714285714,70000000
Herbivores,0.6904761904761905,0.0010586760563380281,71000000
Herbivores,0.6904761904761905,0.0010584444444444445,72000000
Herbivores,0.6904761904761905,0.0010587260273972603,73000000
Herbivores,0.6904761904761905,0.0010589864864864866,74000000
Herbivores,0.6904761904761905,0.0010585066666666666,75000000
Herbivores,0.6904761904761905,0.0010585131578947369,76000000
Herbivores,0.6904761904761905,0.0010583766233766233,77000000
Herbivores,0.6904761904761905,0.0010589102564102565,78000000
Herbivores,0.6904761904761905,0.0010595696202531646,79000000
Herbivores,0.6904761904761905,0.0010601,80000000
Herbivores,0.6904761904761905,0.0010600617283950617,81000000
Herbivores,0.6904761904761905,0.001061170731707317,82000000
Herbivores,0.6904761904761905,0.0010621084337349399,83000000
Herbivores,0.6904761904761905,0.0010624166666666666,84000000
Herbivores,0.6904761904761905,0.0010627411764705882,85000000
Herbivores,0.6904761904761905,0.001063360465116279,86000000
Herbivores,0.6904761904761905,0.0010636781609195403,87000000
Herbivores,0.6904761904761905,0.001063625,88000000
Herbivores,0.6904761904761905,0.0010632921348314606,89000000
Herbivores,0.6904761904761905,0.0010629333333333334,90000000
Herbivores,0.6904761904761905,0.0010631978021978022,91000000
Herbivores,0.6904761904761905,0.001063163043478261,92000000
Herbivores,0.6904761904761905,0.0010627096774193548,93000000
Herbivores,0.6904761904761905,0.0010626276595744682,94000000
Herbivores,0.6904761904761905,0.0010628,95000000
Herbivores,0.6904761904761905,0.0010623333333333333,96000000
Herbivores,0.6904761904761905,0.001062701030927835,97000000
Herbivores,0.6904761904761905,0.0010622346938775511,98000000
Herbivores,0.6904761904761905,0.001062040404040404,99000000
Herbivores,0.6904761904761905,0.00106214,100000000
