Consumers,0.20842105263157895,0.089009,1000000
Consumers,0.20842105263157895,0.088631,2000000
Consumers,0.20842105263157895,0.08856133333333334,3000000
Consumers,0.20842105263157895,0.08868375,4000000
Consumers,0.20842105263157895,0.0885294,5000000
Consumers,0.20842105263157895,0.08862783333333334,6000000
Consumers,0.20842105263157895,0.08863071428571428,7000000
Consumers,0.20842105263157895,0.088643375,8000000
Consumers,0.20842105263157895,0.08864966666666667,9000000
Consumers,0.20842105263157895,0.0886161,10000000
Consumers,0.20842105263157895,0.08859009090909091,11000000
Consumers,0.20842105263157895,0.08859183333333333,12000000
Consumers,0.20842105263157895,0.088578,13000000
Consumers,0.20842105263157895,0.08859507142857143,14000000
Consumers,0.20842105263157895,0.08857966666666667,15000000
Consumers,0.20842105263157895,0.08858975,16000000
Consumers,0.20842105263157895,0.08856141176470589,17000000
Consumers,0.20842105263157895,0.08852816666666667,18000000
Consumers,0.20842105263157895,0.08849936842105263,19000000
Consumers,0.20842105263157895,0.088503,20000000
Consumers,0.20842105263157895,0.08849928571428571,21000000
Consumers,0.20842105263157895,0.0884964090909091,22000000
Consumers,0.20842105263157895,0.08848721739130434,23000000
Consumers,0.20842105263157895,0.08849541666666666,24000000
Consumers,0.20842105263157895,0.08848732,25000000
Consumers,0.20842105263157895,0.08846911538461538,26000000
Consumers,0.20842105263157895,0.08845307407407407,27000000
Consumers,0.20842105263157895,0.08847632142857143,28000000
Consumers,0.20842105263157895,0.08848120689655173,29000000
Consumers,0.20842105263157895,0.08847353333333334,30000000
Consumers,0.20842105263157895,0.08847725806451613,31000000
Consumers,0.20842105263157895,0.08847915625,32000000
Consumers,0.20842105263157895,0.08849,33000000
Consumers,0.20842105263157895,0.08849173529411765,34000000
Consumers,0.20842105263157895,0.08850157142857143,35000000
Consumers,0.20842105263157895,0.08850725,36000000
Consumers,0.20842105263157895,0.08850272972972972,37000000
Consumers,0.20842105263157895,0.08850344736842106,38000000
Consumers,0.20842105263157895,0.08849761538461538,39000000
Consumers,0.20842105263157895,0.088480875,40000000
Consumers,0.20842105263157895,0.08847856097560976,41000000
Consumers,0.20842105263157895,0.0884815,42000000
Consumers,0.20842105263157895,0.08848851162790698,43000000
Consumers,0.20842105263157895,0.08847563636363637,44000000
Consumers,0.20842105263157895,0.08848735555555555,45000000
Consumers,0.20842105263157895,0.08849010869565217,46000000
Consumers,0.20842105263157895,0.08849755319148936,47000000
Consumers,0.20842105263157895,0.08848545833333334,48000000
Consumers,0.20842105263157895,0.08848895918367347,49000000
Consumers,0.20842105263157895,0.08849256,50000000
Consumers,0.20842105263157895,0.08848843137254903,51000000
Consumers,0.20842105263157895,0.08849713461538461,52000000
Consumers,0.20842105263157895,0.08849301886792453,53000000
Consumers,0.20842105263157895,0.08849575925925926,54000000
Consumers,0.20842105263157895,0.08849605454545455,55000000
Consumers,0.20842105263157895,0.08849314285714285,56000000
Consumers,0.20842105263157895,0.08849150877192982,57000000
Consumers,0.20842105263157895,0.08849343103448276,58000000
Consumers,0.20842105263157895,0.08850362711864407,59000000
Consumers,0.20842105263157895,0.08850003333333334,60000000
Consumers,0.20842105263157895,0.08850627868852459,61000000
Consumers,0.20842105263157895,0.088503,62000000
Consumers,0.20842105263157895,0.08850434920634921,63000000
Consumers,0.20842105263157895,0.088511765625,64000000
Consumers,0.20842105263157895,0.08850852307692307,65000000
Consumers,0.20842105263157895,0.08851028787878788,66000000
Consumers,0.20842105263157895,0.0885071343283582,67000000
Consumers,0.20842105263157895,0.08850617647058824,68000000
Consumers,0.20842105263157895,0.08850904347826087,69000000
Consumers,0.20842105263157895,0.0885092,70000000
Consumers,0.20842105263157895,0.08851191549295774,71000000
Consumers,0.20842105263157895,0.08850990277777777,72000000
Consumers,0.20842105263157895,0.08851416438356165,73000000
Consumers,0.20842105263157895,0.08851702702702703,74000000
Consumers,0.20842105263157895,0.08851872,75000000
Consumers,0.20842105263157895,0.08850923684210527,76000000
Consumers,0.20842105263157895,0.08850950649350649,77000000
Consumers,0.20842105263157895,0.08850824358974359,78000000
Consumers,0.20842105263157895,0.08850829113924051,79000000
Consumers,0.20842105263157895,0.0885106375,80000000
Consumers,0.20842105263157895,0.0885102098765432,81000000
Consumers,0.20842105263157895,0.08850675609756098,82000000
Consumers,0.20842105263157895,0.0884990843373494,83000000
Consumers,0.20842105263157895,0.0885027619047619,84000000
Consumers,0.20842105263157895,0.08850394117647059,85000000
Consumers,0.20842105263157895,0.08850495348837209,86000000
Consumers,0.20842105263157895,0.08850642528735632,87000000
Consumers,0.20842105263157895,0.08850559090909091,88000000
Consumers,0.20842105263157895,0.08849966292134831,89000000
Consumers,0.20842105263157895,0.08850487777777778,90000000
Consumers,0.20842105263157895,0.08850524175824176,91000000
Consumers,0.20842105263157895,0.08850160869565217,92000000
Consumers,0.20842105263157895,0.08849995698924731,93000000
Consumers,0.20842105263157895,0.08850020212765958,94000000
Consumers,0.20842105263157895,0.08850394736842106,95000000
Consumers,0.20842105263157895,0.08850158333333333,96000000
Consumers,0.20842105263157895,0.08850408247422681,97000000
Consumers,0.20842105263157895,0.08849824489795918,98000000
Consumers,0.20842105263157895,0.08849426262626263,99000000
Consumers,0.20842105263157895,0.08849216,100000000
