Consumers,0.3151515151515151,0.0,1000000
Consumers,0.3151515151515151,0.0,2000000
Consumers,0.3151515151515151,0.0,3000000
Consumers,0.3151515151515151,0.0,4000000
Consumers,0.3151515151515151,0.0,5000000
Consumers,0.3151515151515151,1.6666666666666668e-7,6000000
Consumers,0.3151515151515151,1.4285714285714285e-7,7000000
Consumers,0.3151515151515151,1.25e-7,8000000
Consumers,0.3151515151515151,1.1111111111111111e-7,9000000
Consumers,0.3151515151515151,1.0e-7,10000000
Consumers,0.3151515151515151,9.090909090909091e-8,11000000
Consumers,0.3151515151515151,8.333333333333334e-8,12000000
Consumers,0.3151515151515151,7.692307692307692e-8,13000000
Consumers,0.3151515151515151,7.142857142857142e-8,14000000
Consumers,0.3151515151515151,6.666666666666667e-8,15000000
Consumers,0.3151515151515151,6.25e-8,16000000
Consumers,0.3151515151515151,5.882352941176471e-8,17000000
Consumers,0.3151515151515151,5.5555555555555555e-8,18000000
Consumers,0.3151515151515151,5.263157894736842e-8,19000000
Consumers,0.3151515151515151,5.0e-8,20000000
Consumers,0.3151515151515151,4.761904761904762e-8,21000000
Consumers,0.3151515151515151,4.545454545454546e-8,22000000
Consumers,0.3151515151515151,4.347826086956522e-8,23000000
Consumers,0.3151515151515151,4.166666666666667e-8,24000000
Consumers,0.3151515151515151,4.0e-8,25000000
Consumers,0.3151515151515151,3.846153846153846e-8,26000000
Consumers,0.3151515151515151,3.7037037037037036e-8,27000000
Consumers,0.3151515151515151,3.571428571428571e-8,28000000
Consumers,0.3151515151515151,3.448275862068966e-8,29000000
Consumers,0.3151515151515151,3.3333333333333334e-8,30000000
Consumers,0.3151515151515151,3.2258064516129035e-8,31000000
Consumers,0.3151515151515151,3.125e-8,32000000
Consumers,0.3151515151515151,3.0303030303030305e-8,33000000
Consumers,0.3151515151515151,5.882352941176471e-8,34000000
Consumers,0.3151515151515151,5.7142857142857144e-8,35000000
Consumers,0.3151515151515151,5.5555555555555555e-8,36000000
Consumers,0.3151515151515151,5.4054054054054056e-8,37000000
Consumers,0.3151515151515151,5.263157894736842e-8,38000000
Consumers,0.3151515151515151,5.128205128205128e-8,39000000
Consumers,0.3151515151515151,5.0e-8,40000000
Consumers,0.3151515151515151,4.878048780487805e-8,41000000
Consumers,0.3151515151515151,4.761904761904762e-8,42000000
Consumers,0.3151515151515151,4.6511627906976744e-8,43000000
Consumers,0.3151515151515151,4.545454545454546e-8,44000000
Consumers,0.3151515151515151,4.444444444444445e-8,45000000
Consumers,0.3151515151515151,4.347826086956522e-8,46000000
Consumers,0.3151515151515151,4.25531914893617e-8,47000000
Consumers,0.3151515151515151,4.166666666666667e-8,48000000
Consumers,0.3151515151515151,4.081632653061225e-8,49000000
Consumers,0.3151515151515151,4.0e-8,50000000
Consumers,0.3151515151515151,3.9215686274509804e-8,51000000
Consumers,0.3151515151515151,3.846153846153846e-8,52000000
Consumers,0.3151515151515151,3.7735849056603774e-8,53000000
Consumers,0.3151515151515151,3.7037037037037036e-8,54000000
Consumers,0.3151515151515151,3.636363636363636e-8,55000000
Consumers,0.3151515151515151,3.571428571428571e-8,56000000
Consumers,0.3151515151515151,3.508771929824562e-8,57000000
Consumers,0.3151515151515151,3.448275862068966e-8,58000000
Consumers,0.3151515151515151,3.3898305084745764e-8,59000000
Consumers,0.3151515151515151,3.3333333333333334e-8,60000000
Consumers,0.3151515151515151,3.278688524590164e-8,61000000
Consumers,0.3151515151515151,3.2258064516129035e-8,62000000
Consumers,0.3151515151515151,3.1746031746031744e-8,63000000
Consumers,0.3151515151515151,3.125e-8,64000000
Consumers,0.3151515151515151,3.076923076923077e-8,65000000
Consumers,0.3151515151515151,3.0303030303030305e-8,66000000
Consumers,0.3151515151515151,2.9850746268656714e-8,67000000
Consumers,0.3151515151515151,2.9411764705882354e-8,68000000
Consumers,0.3151515151515151,2.898550724637681e-8,69000000
Consumers,0.3151515151515151,2.8571428571428572e-8,70000000
Consumers,0.3151515151515151,4.2253521126760564e-8,71000000
Consumers,0.3151515151515151,4.166666666666667e-8,72000000
Consumers,0.3151515151515151,4.1095890410958903e-8,73000000
Consumers,0.3151515151515151,4.054054054054054e-8,74000000
Consumers,0.3151515151515151,4.0e-8,75000000
Consumers,0.3151515151515151,3.947368421052632e-8,76000000
Consumers,0.3151515151515151,3.896103896103896e-8,77000000
Consumers,0.3151515151515151,3.846153846153846e-8,78000000
Consumers,0.3151515151515151,3.79746835443038e-8,79000000
Consumers,0.3151515151515151,3.75e-8,80000000
Consumers,0.3151515151515151,3.7037037037037036e-8,81000000
Consumers,0.3151515151515151,3.658536585365854e-8,82000000
Consumers,0.3151515151515151,3.6144578313253015e-8,83000000
Consumers,0.3151515151515151,4.761904761904762e-8,84000000
Consumers,0.3151515151515151,5.882352941176471e-8,85000000
Consumers,0.3151515151515151,5.813953488372093e-8,86000000
Consumers,0.3151515151515151,5.7471264367816094e-8,87000000
Consumers,0.3151515151515151,5.6818181818181815e-8,88000000
Consumers,0.3151515151515151,5.617977528089888e-8,89000000
Consumers,0.3151515151515151,5.5555555555555555e-8,90000000
Consumers,0.3151515151515151,5.4945054945054946e-8,91000000
Consumers,0.3151515151515151,5.4347826086956524e-8,92000000
Consumers,0.3151515151515151,5.3763440860215054e-8,93000000
Consumers,0.3151515151515151,5.319148936170213e-8,94000000
Consumers,0.3151515151515151,5.263157894736842e-8,95000000
Consumers,0.3151515151515151,5.208333333333333e-8,96000000
Consumers,0.3151515151515151,5.154639175257732e-8,97000000
Consumers,0.3151515151515151,5.1020408163265303e-8,98000000
Consumers,0.3151515151515151,5.0505050505050506e-8,99000000
Consumers,0.3151515151515151,5.0e-8,100000000
