Consumers,0.6190476190476191,0.0,1000000
Consumers,0.6190476190476191,5.0e-7,2000000
Consumers,0.6190476190476191,3.3333333333333335e-7,3000000
Consumers,0.6190476190476191,2.5e-7,4000000
Consumers,0.6190476190476191,2.0e-7,5000000
Consumers,0.6190476190476191,1.6666666666666668e-7,6000000
Consumers,0.6190476190476191,1.4285714285714285e-7,7000000
Consumers,0.6190476190476191,1.25e-7,8000000
Consumers,0.6190476190476191,1.1111111111111111e-7,9000000
Consumers,0.6190476190476191,1.0e-7,10000000
Consumers,0.6190476190476191,9.090909090909091e-8,11000000
Consumers,0.6190476190476191,8.333333333333334e-8,12000000
Consumers,0.6190476190476191,7.692307692307692e-8,13000000
Consumers,0.6190476190476191,7.142857142857142e-8,14000000
Consumers,0.6190476190476191,6.666666666666667e-8,15000000
Consumers,0.6190476190476191,6.25e-8,16000000
Consumers,0.6190476190476191,5.882352941176471e-8,17000000
Consumers,0.6190476190476191,5.5555555555555555e-8,18000000
Consumers,0.6190476190476191,5.263157894736842e-8,19000000
Consumers,0.6190476190476191,5.0e-8,20000000
Consumers,0.6190476190476191,4.761904761904762e-8,21000000
Consumers,0.6190476190476191,9.090909090909091e-8,22000000
Consumers,0.6190476190476191,8.695652173913044e-8,23000000
Consumers,0.6190476190476191,8.333333333333334e-8,24000000
Consumers,0.6190476190476191,8.0e-8,25000000
Consumers,0.6190476190476191,7.692307692307692e-8,26000000
Consumers,0.6190476190476191,7.407407407407407e-8,27000000
Consumers,0.6190476190476191,7.142857142857142e-8,28000000
Consumers,0.6190476190476191,1.0344827586206897e-7,29000000
Consumers,0.6190476190476191,1.0e-7,30000000
Consumers,0.6190476190476191,9.677419354838709e-8,31000000
Consumers,0.6190476190476191,9.375e-8,32000000
Consumers,0.6190476190476191,9.090909090909091e-8,33000000
Consumers,0.6190476190476191,8.823529411764706e-8,34000000
Consumers,0.6190476190476191,8.571428571428572e-8,35000000
Consumers,0.6190476190476191,8.333333333333334e-8,36000000
Consumers,0.6190476190476191,8.108108108108108e-8,37000000
Consumers,0.6190476190476191,7.894736842105264e-8,38000000
Consumers,0.6190476190476191,7.692307692307692e-8,39000000
Consumers,0.6190476190476191,1.0e-7,40000000
Consumers,0.6190476190476191,9.75609756097561e-8,41000000
Consumers,0.6190476190476191,9.523809523809524e-8,42000000
Consumers,0.6190476190476191,9.302325581395349e-8,43000000
Consumers,0.6190476190476191,1.1363636363636363e-7,44000000
Consumers,0.6190476190476191,1.1111111111111111e-7,45000000
Consumers,0.6190476190476191,1.0869565217391305e-7,46000000
Consumers,0.6190476190476191,1.0638297872340426e-7,47000000
Consumers,0.6190476190476191,1.0416666666666667e-7,48000000
Consumers,0.6190476190476191,1.0204081632653061e-7,49000000
Consumers,0.6190476190476191,1.0e-7,50000000
Consumers,0.6190476190476191,9.80392156862745e-8,51000000
Consumers,0.6190476190476191,1.1538461538461539e-7,52000000
Consumers,0.6190476190476191,1.1320754716981133e-7,53000000
Consumers,0.6190476190476191,1.2962962962962964e-7,54000000
Consumers,0.6190476190476191,1.2727272727272726e-7,55000000
Consumers,0.6190476190476191,1.25e-7,56000000
Consumers,0.6190476190476191,1.2280701754385964e-7,57000000
Consumers,0.6190476190476191,1.206896551724138e-7,58000000
Consumers,0.6190476190476191,1.1864406779661017e-7,59000000
Consumers,0.6190476190476191,1.1666666666666667e-7,60000000
Consumers,0.6190476190476191,1.1475409836065573e-7,61000000
Consumers,0.6190476190476191,1.2903225806451614e-7,62000000
Consumers,0.6190476190476191,1.4285714285714285e-7,63000000
Consumers,0.6190476190476191,1.5625e-7,64000000
Consumers,0.6190476190476191,1.5384615384615385e-7,65000000
Consumers,0.6190476190476191,1.5151515151515152e-7,66000000
Consumers,0.6190476190476191,1.791044776119403e-7,67000000
Consumers,0.6190476190476191,1.764705882352941e-7,68000000
Consumers,0.6190476190476191,1.7391304347826088e-7,69000000
Consumers,0.6190476190476191,1.7142857142857143e-7,70000000
Consumers,0.6190476190476191,1.8309859154929577e-7,71000000
Consumers,0.6190476190476191,1.8055555555555556e-7,72000000
Consumers,0.6190476190476191,1.7808219178082191e-7,73000000
Consumers,0.6190476190476191,1.7567567567567567e-7,74000000
Consumers,0.6190476190476191,1.7333333333333332e-7,75000000
Consumers,0.6190476190476191,1.7105263157894736e-7,76000000
Consumers,0.6190476190476191,1.8181818181818183e-7,77000000
Consumers,0.6190476190476191,1.7948717948717948e-7,78000000
Consumers,0.6190476190476191,1.7721518987341772e-7,79000000
Consumers,0.6190476190476191,1.75e-7,80000000
Consumers,0.6190476190476191,1.8518518518518518e-7,81000000
Consumers,0.6190476190476191,1.8292682926829268e-7,82000000
Consumers,0.6190476190476191,1.8072289156626505e-7,83000000
Consumers,0.6190476190476191,1.9047619047619048e-7,84000000
Consumers,0.6190476190476191,1.8823529411764705e-7,85000000
Consumers,0.6190476190476191,1.8604651162790698e-7,86000000
Consumers,0.6190476190476191,1.839080459770115e-7,87000000
Consumers,0.6190476190476191,1.8181818181818183e-7,88000000
Consumers,0.6190476190476191,1.797752808988764e-7,89000000
Consumers,0.6190476190476191,1.8888888888888888e-7,90000000
Consumers,0.6190476190476191,1.8681318681318681e-7,91000000
Consumers,0.6190476190476191,1.8478260869565217e-7,92000000
Consumers,0.6190476190476191,1.8279569892473118e-7,93000000
Consumers,0.6190476190476191,1.8085106382978722e-7,94000000
Consumers,0.6190476190476191,1.8947368421052632e-7,95000000
Consumers,0.6190476190476191,1.875e-7,96000000
Consumers,0.6190476190476191,1.8556701030927835e-7,97000000
Consumers,0.6190476190476191,1.836734693877551e-7,98000000
Consumers,0.6190476190476191,1.919191919191919e-7,99000000
Consumers,0.6190476190476191,1.9e-7,100000000
