Herbivores,0.8761904761904762,0.114252,1000000
Herbivores,0.8761904761904762,0.113716,2000000
Herbivores,0.8761904761904762,0.113728,3000000
Herbivores,0.8761904761904762,0.11376125,4000000
Herbivores,0.8761904761904762,0.1138128,5000000
Herbivores,0.8761904761904762,0.11376116666666666,6000000
Herbivores,0.8761904761904762,0.11370985714285714,7000000
Herbivores,0.8761904761904762,0.113745625,8000000
Herbivores,0.8761904761904762,0.11374944444444444,9000000
Herbivores,0.8761904761904762,0.1137149,10000000
Herbivores,0.8761904761904762,0.11373172727272728,11000000
Herbivores,0.8761904761904762,0.11372566666666667,12000000
Herbivores,0.8761904761904762,0.11370069230769231,13000000
Herbivores,0.8761904761904762,0.11368414285714286,14000000
Herbivores,0.8761904761904762,0.11366113333333333,15000000
Herbivores,0.8761904761904762,0.113681375,16000000
Herbivores,0.8761904761904762,0.11365211764705882,17000000
Herbivores,0.8761904761904762,0.11366833333333333,18000000
Herbivores,0.8761904761904762,0.11368515789473684,19000000
Herbivores,0.8761904761904762,0.1136832,20000000
Herbivores,0.8761904761904762,0.11368614285714286,21000000
Herbivores,0.8761904761904762,0.11368045454545454,22000000
Herbivores,0.8761904761904762,0.11366204347826087,23000000
Herbivores,0.8761904761904762,0.11366995833333333,24000000
Herbivores,0.8761904761904762,0.1136358,25000000
Herbivores,0.8761904761904762,0.11364196153846154,26000000
Herbivores,0.8761904761904762,0.11365088888888888,27000000
Herbivores,0.8761904761904762,0.11365314285714286,28000000
Herbivores,0.8761904761904762,0.11366437931034483,29000000
Herbivores,0.8761904761904762,0.11367026666666667,30000000
Herbivores,0.8761904761904762,0.11368277419354839,31000000
Herbivores,0.8761904761904762,0.1136881875,32000000
Herbivores,0.8761904761904762,0.11369236363636363,33000000
Herbivores,0.8761904761904762,0.11370132352941177,34000000
Herbivores,0.8761904761904762,0.11370011428571429,35000000
Herbivores,0.8761904761904762,0.11369602777777778,36000000
Herbivores,0.8761904761904762,0.11369408108108107,37000000
Herbivores,0.8761904761904762,0.11368997368421052,38000000
Herbivores,0.8761904761904762,0.11369241025641026,39000000
Herbivores,0.8761904761904762,0.11368025,40000000
Herbivores,0.8761904761904762,0.11368146341463414,41000000
Herbivores,0.8761904761904762,0.11366930952380952,42000000
Herbivores,0.8761904761904762,0.11367616279069767,43000000
Herbivores,0.8761904761904762,0.11367925,44000000
Herbivores,0.8761904761904762,0.11368373333333333,45000000
Herbivores,0.8761904761904762,0.11369121739130435,46000000
Herbivores,0.8761904761904762,0.11368329787234042,47000000
Herbivores,0.8761904761904762,0.11368916666666666,48000000
Herbivores,0.8761904761904762,0.11368995918367347,49000000
Herbivores,0.8761904761904762,0.1136845,50000000
Herbivores,0.8761904761904762,0.11368445098039216,51000000
Herbivores,0.8761904761904762,0.11368071153846154,52000000
Herbivores,0.8761904761904762,0.11367584905660377,53000000
Herbivores,0.8761904761904762,0.11368425925925926,54000000
Herbivores,0.8761904761904762,0.11368165454545455,55000000
Herbivores,0.8761904761904762,0.11369039285714286,56000000
Herbivores,0.8761904761904762,0.11369070175438596,57000000
Herbivores,0.8761904761904762,0.11368493103448275,58000000
Herbivores,0.8761904761904762,0.11367845762711865,59000000
Herbivores,0.8761904761904762,0.11367508333333333,60000000
Herbivores,0.8761904761904762,0.11367208196721311,61000000
Herbivores,0.8761904761904762,0.11367512903225807,62000000
Herbivores,0.8761904761904762,0.11368096825396826,63000000
Herbivores,0.8761904761904762,0.113673359375,64000000
Herbivores,0.8761904761904762,0.1136659076923077,65000000
Herbivores,0.8761904761904762,0.11366048484848484,66000000
Herbivores,0.8761904761904762,0.11366119402985074,67000000
Herbivores,0.8761904761904762,0.11366291176470589,68000000
Herbivores,0.8761904761904762,0.11366582608695652,69000000
Herbivores,0.8761904761904762,0.11366927142857143,70000000
Herbivores,0.8761904761904762,0.11366933802816902,71000000
Herbivores,0.8761904761904762,0.11366672222222222,72000000
Herbivores,0.8761904761904762,0.11367695890410959,73000000
Herbivores,0.8761904761904762,0.11367401351351351,74000000
Herbivores,0.8761904761904762,0.11366850666666667,75000000
Herbivores,0.8761904761904762,0.11367251315789474,76000000
Herbivores,0.8761904761904762,0.11367049350649351,77000000
Herbivores,0.8761904761904762,0.11367532051282052,78000000
Herbivores,0.8761904761904762,0.11368459493670886,79000000
Herbivores,0.8761904761904762,0.1136909625,80000000
Herbivores,0.8761904761904762,0.11368466666666667,81000000
Herbivores,0.8761904761904762,0.1136925975609756,82000000
Herbivores,0.8761904761904762,0.11369832530120481,83000000
Herbivores,0.8761904761904762,0.11369646428571428,84000000
Herbivores,0.8761904761904762,0.11369490588235294,85000000
Herbivores,0.8761904761904762,0.11369563953488372,86000000
Herbivores,0.8761904761904762,0.11369827586206896,87000000
Herbivores,0.8761904761904762,0.11370039772727272,88000000
Herbivores,0.8761904761904762,0.11369941573033708,89000000
Herbivores,0.8761904761904762,0.11369553333333333,90000000
Herbivores,0.8761904761904762,0.11368820879120879,91000000
Herbivores,0.8761904761904762,0.1136868695652174,92000000
Herbivores,0.8761904761904762,0.11368620430107527,93000000
Herbivores,0.8761904761904762,0.11368377659574468,94000000
Herbivores,0.8761904761904762,0.1136838,95000000
Herbivores,0.8761904761904762,0.11368333333333333,96000000
Herbivores,0.8761904761904762,0.11367953608247423,97000000
Herbivores,0.8761904761904762,0.11367774489795919,98000000
Herbivores,0.8761904761904762,0.11368155555555555,99000000
Herbivores,0.8761904761904762,0.11368128,100000000
