Parasites,0.49597423510467,3.0e-6,1000000
Parasites,0.49597423510467,4.0e-6,2000000
Parasites,0.49597423510467,3.0e-6,3000000
Parasites,0.49597423510467,2.75e-6,4000000
Parasites,0.49597423510467,2.2e-6,5000000
Parasites,0.49597423510467,2.1666666666666665e-6,6000000
Parasites,0.49597423510467,1.857142857142857e-6,7000000
Parasites,0.49597423510467,1.875e-6,8000000
Parasites,0.49597423510467,2.0e-6,9000000
Parasites,0.49597423510467,2.2e-6,10000000
Parasites,0.49597423510467,2.0909090909090907e-6,11000000
Parasites,0.49597423510467,2.0833333333333334e-6,12000000
Parasites,0.49597423510467,2.076923076923077e-6,13000000
Parasites,0.49597423510467,2.0e-6,14000000
Parasites,0.49597423510467,2.0e-6,15000000
Parasites,0.49597423510467,1.875e-6,16000000
Parasites,0.49597423510467,1.8823529411764707e-6,17000000
Parasites,0.49597423510467,1.9444444444444444e-6,18000000
Parasites,0.49597423510467,1.8947368421052632e-6,19000000
Parasites,0.49597423510467,1.85e-6,20000000
Parasites,0.49597423510467,1.8095238095238095e-6,21000000
Parasites,0.49597423510467,1.7727272727272727e-6,22000000
Parasites,0.49597423510467,1.8260869565217391e-6,23000000
Parasites,0.49597423510467,1.8333333333333333e-6,24000000
Parasites,0.49597423510467,1.84e-6,25000000
Parasites,0.49597423510467,1.7692307692307693e-6,26000000
Parasites,0.49597423510467,1.814814814814815e-6,27000000
Parasites,0.49597423510467,1.857142857142857e-6,28000000
Parasites,0.49597423510467,1.7931034482758622e-6,29000000
Parasites,0.49597423510467,1.8e-6,30000000
Parasites,0.49597423510467,1.7419354838709678e-6,31000000
Parasites,0.49597423510467,1.75e-6,32000000
Parasites,0.49597423510467,1.7878787878787879e-6,33000000
Parasites,0.49597423510467,1.735294117647059e-6,34000000
Parasites,0.49597423510467,1.7714285714285714e-6,35000000
Parasites,0.49597423510467,1.75e-6,36000000
Parasites,0.49597423510467,1.7297297297297298e-6,37000000
Parasites,0.49597423510467,1.7105263157894737e-6,38000000
Parasites,0.49597423510467,1.6666666666666667e-6,39000000
Parasites,0.49597423510467,1.675e-6,40000000
Parasites,0.49597423510467,1.6829268292682926e-6,41000000
Parasites,0.49597423510467,1.6904761904761905e-6,42000000
Parasites,0.49597423510467,1.744186046511628e-6,43000000
Parasites,0.49597423510467,1.75e-6,44000000
Parasites,0.49597423510467,1.7333333333333334e-6,45000000
Parasites,0.49597423510467,1.7391304347826088e-6,46000000
Parasites,0.49597423510467,1.7021276595744682e-6,47000000
Parasites,0.49597423510467,1.6666666666666667e-6,48000000
Parasites,0.49597423510467,1.653061224489796e-6,49000000
Parasites,0.49597423510467,1.66e-6,50000000
Parasites,0.49597423510467,1.7058823529411764e-6,51000000
Parasites,0.49597423510467,1.7115384615384615e-6,52000000
Parasites,0.49597423510467,1.7169811320754717e-6,53000000
Parasites,0.49597423510467,1.7222222222222222e-6,54000000
Parasites,0.49597423510467,1.7090909090909091e-6,55000000
Parasites,0.49597423510467,1.7142857142857143e-6,56000000
Parasites,0.49597423510467,1.7368421052631579e-6,57000000
Parasites,0.49597423510467,1.7241379310344827e-6,58000000
Parasites,0.49597423510467,1.711864406779661e-6,59000000
Parasites,0.49597423510467,1.7166666666666666e-6,60000000
Parasites,0.49597423510467,1.7049180327868853e-6,61000000
Parasites,0.49597423510467,1.7258064516129032e-6,62000000
Parasites,0.49597423510467,1.7142857142857143e-6,63000000
Parasites,0.49597423510467,1.734375e-6,64000000
Parasites,0.49597423510467,1.7538461538461538e-6,65000000
Parasites,0.49597423510467,1.7424242424242425e-6,66000000
Parasites,0.49597423510467,1.7462686567164178e-6,67000000
Parasites,0.49597423510467,1.735294117647059e-6,68000000
Parasites,0.49597423510467,1.7391304347826088e-6,69000000
Parasites,0.49597423510467,1.742857142857143e-6,70000000
Parasites,0.49597423510467,1.7464788732394366e-6,71000000
Parasites,0.49597423510467,1.7222222222222222e-6,72000000
Parasites,0.49597423510467,1.6986301369863014e-6,73000000
Parasites,0.49597423510467,1.7027027027027026e-6,74000000
Parasites,0.49597423510467,1.6933333333333334e-6,75000000
Parasites,0.49597423510467,1.6710526315789474e-6,76000000
Parasites,0.49597423510467,1.6623376623376623e-6,77000000
Parasites,0.49597423510467,1.6666666666666667e-6,78000000
Parasites,0.49597423510467,1.6835443037974683e-6,79000000
Parasites,0.49597423510467,1.675e-6,80000000
Parasites,0.49597423510467,1.6666666666666667e-6,81000000
Parasites,0.49597423510467,1.6463414634146342e-6,82000000
Parasites,0.49597423510467,1.63855421686747e-6,83000000
Parasites,0.49597423510467,1.6428571428571429e-6,84000000
Parasites,0.49597423510467,1.6352941176470588e-6,85000000
Parasites,0.49597423510467,1.6511627906976744e-6,86000000
Parasites,0.49597423510467,1.6781609195402299e-6,87000000
Parasites,0.49597423510467,1.6818181818181819e-6,88000000
Parasites,0.49597423510467,1.6741573033707866e-6,89000000
Parasites,0.49597423510467,1.6777777777777779e-6,90000000
Parasites,0.49597423510467,1.7032967032967032e-6,91000000
Parasites,0.49597423510467,1.7065217391304349e-6,92000000
Parasites,0.49597423510467,1.7096774193548387e-6,93000000
Parasites,0.49597423510467,1.7127659574468086e-6,94000000
Parasites,0.49597423510467,1.7368421052631579e-6,95000000
Parasites,0.49597423510467,1.7291666666666667e-6,96000000
Parasites,0.49597423510467,1.7319587628865979e-6,97000000
Parasites,0.49597423510467,1.7346938775510204e-6,98000000
Parasites,0.49597423510467,1.7474747474747475e-6,99000000
Parasites,0.49597423510467,1.73e-6,100000000
