Herbivores,0.47743055555555547,3.0e-6,1000000
Herbivores,0.47743055555555547,3.5e-6,2000000
Herbivores,0.47743055555555547,2.666666666666667e-6,3000000
Herbivores,0.47743055555555547,2.5e-6,4000000
Herbivores,0.47743055555555547,2.0e-6,5000000
Herbivores,0.47743055555555547,2.1666666666666665e-6,6000000
Herbivores,0.47743055555555547,1.857142857142857e-6,7000000
Herbivores,0.47743055555555547,2.125e-6,8000000
Herbivores,0.47743055555555547,2.111111111111111e-6,9000000
Herbivores,0.47743055555555547,2.1e-6,10000000
Herbivores,0.47743055555555547,2.181818181818182e-6,11000000
Herbivores,0.47743055555555547,2.5e-6,12000000
Herbivores,0.47743055555555547,2.3076923076923077e-6,13000000
Herbivores,0.47743055555555547,2.1428571428571427e-6,14000000
Herbivores,0.47743055555555547,2.333333333333333e-6,15000000
Herbivores,0.47743055555555547,2.25e-6,16000000
Herbivores,0.47743055555555547,2.352941176470588e-6,17000000
Herbivores,0.47743055555555547,2.4444444444444442e-6,18000000
Herbivores,0.47743055555555547,2.368421052631579e-6,19000000
Herbivores,0.47743055555555547,2.35e-6,20000000
Herbivores,0.47743055555555547,2.2857142857142856e-6,21000000
Herbivores,0.47743055555555547,2.2727272727272728e-6,22000000
Herbivores,0.47743055555555547,2.2608695652173913e-6,23000000
Herbivores,0.47743055555555547,2.2083333333333335e-6,24000000
Herbivores,0.47743055555555547,2.2e-6,25000000
Herbivores,0.47743055555555547,2.1923076923076925e-6,26000000
Herbivores,0.47743055555555547,2.2592592592592592e-6,27000000
Herbivores,0.47743055555555547,2.2857142857142856e-6,28000000
Herbivores,0.47743055555555547,2.2758620689655173e-6,29000000
Herbivores,0.47743055555555547,2.3e-6,30000000
Herbivores,0.47743055555555547,2.2903225806451614e-6,31000000
Herbivores,0.47743055555555547,2.3125e-6,32000000
Herbivores,0.47743055555555547,2.303030303030303e-6,33000000
Herbivores,0.47743055555555547,2.2647058823529413e-6,34000000
Herbivores,0.47743055555555547,2.257142857142857e-6,35000000
Herbivores,0.47743055555555547,2.25e-6,36000000
Herbivores,0.47743055555555547,2.2702702702702705e-6,37000000
Herbivores,0.47743055555555547,2.263157894736842e-6,38000000
Herbivores,0.47743055555555547,2.282051282051282e-6,39000000
Herbivores,0.47743055555555547,2.325e-6,40000000
Herbivores,0.47743055555555547,2.2926829268292683e-6,41000000
Herbivores,0.47743055555555547,2.2857142857142856e-6,42000000
Herbivores,0.47743055555555547,2.3488372093023256e-6,43000000
Herbivores,0.47743055555555547,2.2954545454545455e-6,44000000
Herbivores,0.47743055555555547,2.266666666666667e-6,45000000
Herbivores,0.47743055555555547,2.239130434782609e-6,46000000
Herbivores,0.47743055555555547,2.276595744680851e-6,47000000
Herbivores,0.47743055555555547,2.2916666666666666e-6,48000000
Herbivores,0.47743055555555547,2.306122448979592e-6,49000000
Herbivores,0.47743055555555547,2.34e-6,50000000
Herbivores,0.47743055555555547,2.3725490196078433e-6,51000000
Herbivores,0.47743055555555547,2.3653846153846152e-6,52000000
Herbivores,0.47743055555555547,2.320754716981132e-6,53000000
Herbivores,0.47743055555555547,2.351851851851852e-6,54000000
Herbivores,0.47743055555555547,2.3454545454545454e-6,55000000
Herbivores,0.47743055555555547,2.3035714285714287e-6,56000000
Herbivores,0.47743055555555547,2.298245614035088e-6,57000000
Herbivores,0.47743055555555547,2.293103448275862e-6,58000000
Herbivores,0.47743055555555547,2.254237288135593e-6,59000000
Herbivores,0.47743055555555547,2.2333333333333333e-6,60000000
Herbivores,0.47743055555555547,2.2295081967213113e-6,61000000
Herbivores,0.47743055555555547,2.225806451612903e-6,62000000
Herbivores,0.47743055555555547,2.222222222222222e-6,63000000
Herbivores,0.47743055555555547,2.203125e-6,64000000
Herbivores,0.47743055555555547,2.169230769230769e-6,65000000
Herbivores,0.47743055555555547,2.1666666666666665e-6,66000000
Herbivores,0.47743055555555547,2.1492537313432837e-6,67000000
Herbivores,0.47743055555555547,2.1470588235294117e-6,68000000
Herbivores,0.47743055555555547,2.130434782608696e-6,69000000
Herbivores,0.47743055555555547,2.1e-6,70000000
Herbivores,0.47743055555555547,2.0985915492957744e-6,71000000
Herbivores,0.47743055555555547,2.0833333333333334e-6,72000000
Herbivores,0.47743055555555547,2.0684931506849317e-6,73000000
Herbivores,0.47743055555555547,2.054054054054054e-6,74000000
Herbivores,0.47743055555555547,2.0533333333333333e-6,75000000
Herbivores,0.47743055555555547,2.039473684210526e-6,76000000
Herbivores,0.47743055555555547,2.025974025974026e-6,77000000
Herbivores,0.47743055555555547,2.0128205128205127e-6,78000000
Herbivores,0.47743055555555547,1.9873417721518988e-6,79000000
Herbivores,0.47743055555555547,1.9875e-6,80000000
Herbivores,0.47743055555555547,1.9753086419753087e-6,81000000
Herbivores,0.47743055555555547,1.9512195121951218e-6,82000000
Herbivores,0.47743055555555547,1.9397590361445785e-6,83000000
Herbivores,0.47743055555555547,1.9523809523809523e-6,84000000
Herbivores,0.47743055555555547,1.952941176470588e-6,85000000
Herbivores,0.47743055555555547,1.930232558139535e-6,86000000
Herbivores,0.47743055555555547,1.942528735632184e-6,87000000
Herbivores,0.47743055555555547,1.9431818181818184e-6,88000000
Herbivores,0.47743055555555547,1.943820224719101e-6,89000000
Herbivores,0.47743055555555547,1.9444444444444444e-6,90000000
Herbivores,0.47743055555555547,1.956043956043956e-6,91000000
Herbivores,0.47743055555555547,1.9565217391304346e-6,92000000
Herbivores,0.47743055555555547,1.935483870967742e-6,93000000
Herbivores,0.47743055555555547,1.978723404255319e-6,94000000
Herbivores,0.47743055555555547,1.9894736842105262e-6,95000000
Herbivores,0.47743055555555547,2.0e-6,96000000
Herbivores,0.47743055555555547,2.0103092783505154e-6,97000000
Herbivores,0.47743055555555547,2.0e-6,98000000
Herbivores,0.47743055555555547,1.9898989898989898e-6,99000000
Herbivores,0.47743055555555547,1.99e-6,100000000
