Herbivores,0.5490196078431372,0.785652,1000000
Herbivores,0.5490196078431372,0.7860165,2000000
Herbivores,0.5490196078431372,0.786143,3000000
Herbivores,0.5490196078431372,0.786238,4000000
Herbivores,0.5490196078431372,0.7863482,5000000
Herbivores,0.5490196078431372,0.786461,6000000
Herbivores,0.5490196078431372,0.7863647142857143,7000000
Herbivores,0.5490196078431372,0.78633225,8000000
Herbivores,0.5490196078431372,0.7863138888888889,9000000
Herbivores,0.5490196078431372,0.7863465,10000000
Herbivores,0.5490196078431372,0.7863361818181818,11000000
Herbivores,0.5490196078431372,0.78636625,12000000
Herbivores,0.5490196078431372,0.7863732307692308,13000000
Herbivores,0.5490196078431372,0.7863833571428571,14000000
Herbivores,0.5490196078431372,0.7864172,15000000
Herbivores,0.5490196078431372,0.7863993125,16000000
Herbivores,0.5490196078431372,0.7863959411764706,17000000
Herbivores,0.5490196078431372,0.7864410555555555,18000000
Herbivores,0.5490196078431372,0.7864437368421052,19000000
Herbivores,0.5490196078431372,0.78645395,20000000
Herbivores,0.5490196078431372,0.7864788095238096,21000000
Herbivores,0.5490196078431372,0.786449590909091,22000000
Herbivores,0.5490196078431372,0.7864380434782609,23000000
Herbivores,0.5490196078431372,0.7864377916666667,24000000
Herbivores,0.5490196078431372,0.78640848,25000000
Herbivores,0.5490196078431372,0.7864242692307692,26000000
Herbivores,0.5490196078431372,0.7864122962962963,27000000
Herbivores,0.5490196078431372,0.7864161785714285,28000000
Herbivores,0.5490196078431372,0.7864446206896551,29000000
Herbivores,0.5490196078431372,0.7864611333333333,30000000
Herbivores,0.5490196078431372,0.7864449032258064,31000000
Herbivores,0.5490196078431372,0.7864561875,32000000
Herbivores,0.5490196078431372,0.7864199696969697,33000000
Herbivores,0.5490196078431372,0.7863989117647059,34000000
Herbivores,0.5490196078431372,0.7864056857142857,35000000
Herbivores,0.5490196078431372,0.7864032777777777,36000000
Herbivores,0.5490196078431372,0.7863967297297297,37000000
Herbivores,0.5490196078431372,0.7863955263157895,38000000
Herbivores,0.5490196078431372,0.7864016666666667,39000000
Herbivores,0.5490196078431372,0.78638605,40000000
Herbivores,0.5490196078431372,0.7863893170731707,41000000
Herbivores,0.5490196078431372,0.7863842857142858,42000000
Herbivores,0.5490196078431372,0.7863818139534884,43000000
Herbivores,0.5490196078431372,0.7863858863636364,44000000
Herbivores,0.5490196078431372,0.7863951333333333,45000000
Herbivores,0.5490196078431372,0.7864025434782609,46000000
Herbivores,0.5490196078431372,0.7863898936170213,47000000
Herbivores,0.5490196078431372,0.7863815625,48000000
Herbivores,0.5490196078431372,0.7863801428571429,49000000
Herbivores,0.5490196078431372,0.78638914,50000000
Herbivores,0.5490196078431372,0.7863858823529412,51000000
Herbivores,0.5490196078431372,0.7863852115384615,52000000
Herbivores,0.5490196078431372,0.7863734339622641,53000000
Herbivores,0.5490196078431372,0.7863557777777778,54000000
Herbivores,0.5490196078431372,0.7863543636363637,55000000
Herbivores,0.5490196078431372,0.786349875,56000000
Herbivores,0.5490196078431372,0.7863574035087719,57000000
Herbivores,0.5490196078431372,0.786350948275862,58000000
Herbivores,0.5490196078431372,0.7863536610169491,59000000
Herbivores,0.5490196078431372,0.78635595,60000000
Herbivores,0.5490196078431372,0.7863504918032787,61000000
Herbivores,0.5490196078431372,0.7863495967741936,62000000
Herbivores,0.5490196078431372,0.7863392857142857,63000000
Herbivores,0.5490196078431372,0.7863415,64000000
Herbivores,0.5490196078431372,0.7863317076923076,65000000
Herbivores,0.5490196078431372,0.7863383333333334,66000000
Herbivores,0.5490196078431372,0.7863321641791045,67000000
Herbivores,0.5490196078431372,0.7863383382352941,68000000
Herbivores,0.5490196078431372,0.7863379130434782,69000000
Herbivores,0.5490196078431372,0.7863245285714285,70000000
Herbivores,0.5490196078431372,0.7863254647887324,71000000
Herbivores,0.5490196078431372,0.786327,72000000
Herbivores,0.5490196078431372,0.7863258904109589,73000000
Herbivores,0.5490196078431372,0.7863283648648649,74000000
Herbivores,0.5490196078431372,0.7863216133333333,75000000
Herbivores,0.5490196078431372,0.7863219078947369,76000000
Herbivores,0.5490196078431372,0.7863181298701298,77000000
Herbivores,0.5490196078431372,0.7863132948717949,78000000
Herbivores,0.5490196078431372,0.7863164683544304,79000000
Herbivores,0.5490196078431372,0.786315875,80000000
Herbivores,0.5490196078431372,0.7863119135802469,81000000
Herbivores,0.5490196078431372,0.7863088658536586,82000000
Herbivores,0.5490196078431372,0.7863077590361446,83000000
Herbivores,0.5490196078431372,0.7863112857142858,84000000
Herbivores,0.5490196078431372,0.7863088705882353,85000000
Herbivores,0.5490196078431372,0.786306976744186,86000000
Herbivores,0.5490196078431372,0.7863017011494253,87000000
Herbivores,0.5490196078431372,0.7862954318181818,88000000
Herbivores,0.5490196078431372,0.7862965168539325,89000000
Herbivores,0.5490196078431372,0.7862995222222222,90000000
Herbivores,0.5490196078431372,0.7863001098901099,91000000
Herbivores,0.5490196078431372,0.7863056956521739,92000000
Herbivores,0.5490196078431372,0.7863119892473118,93000000
Herbivores,0.5490196078431372,0.7863153404255319,94000000
Herbivores,0.5490196078431372,0.7863172947368421,95000000
Herbivores,0.5490196078431372,0.7863151145833334,96000000
Herbivores,0.5490196078431372,0.7863150103092783,97000000
Herbivores,0.5490196078431372,0.7863193775510204,98000000
Herbivores,0.5490196078431372,0.7863165757575757,99000000
Herbivores,0.5490196078431372,0.78631705,100000000
