Primary_Producers,0.8345864661654135,0.999613,1000000
Primary_Producers,0.8345864661654135,0.9996105,2000000
Primary_Producers,0.8345864661654135,0.999618,3000000
Primary_Producers,0.8345864661654135,0.99962225,4000000
Primary_Producers,0.8345864661654135,0.9996164,5000000
Primary_Producers,0.8345864661654135,0.9996198333333334,6000000
Primary_Producers,0.8345864661654135,0.9996172857142858,7000000
Primary_Producers,0.8345864661654135,0.999619,8000000
Primary_Producers,0.8345864661654135,0.999617,9000000
Primary_Producers,0.8345864661654135,0.9996173,10000000
Primary_Producers,0.8345864661654135,0.9996187272727273,11000000
Primary_Producers,0.8345864661654135,0.999616,12000000
Primary_Producers,0.8345864661654135,0.9996166923076923,13000000
Primary_Producers,0.8345864661654135,0.9996171428571429,14000000
Primary_Producers,0.8345864661654135,0.9996162,15000000
Primary_Producers,0.8345864661654135,0.999616125,16000000
Primary_Producers,0.8345864661654135,0.9996168235294117,17000000
Primary_Producers,0.8345864661654135,0.999618,18000000
Primary_Producers,0.8345864661654135,0.9996195263157894,19000000
Primary_Producers,0.8345864661654135,0.9996196,20000000
Primary_Producers,0.8345864661654135,0.9996193809523809,21000000
Primary_Producers,0.8345864661654135,0.9996183636363636,22000000
Primary_Producers,0.8345864661654135,0.9996169130434782,23000000
Primary_Producers,0.8345864661654135,0.9996170416666667,24000000
Primary_Producers,0.8345864661654135,0.99961716,25000000
Primary_Producers,0.8345864661654135,0.9996166538461538,26000000
Primary_Producers,0.8345864661654135,0.999617,27000000
Primary_Producers,0.8345864661654135,0.9996168928571428,28000000
Primary_Producers,0.8345864661654135,0.9996164827586207,29000000
Primary_Producers,0.8345864661654135,0.9996161666666666,30000000
Primary_Producers,0.8345864661654135,0.9996154193548387,31000000
Primary_Producers,0.8345864661654135,0.99961546875,32000000
Primary_Producers,0.8345864661654135,0.9996164545454546,33000000
Primary_Producers,0.8345864661654135,0.9996163823529411,34000000
Primary_Producers,0.8345864661654135,0.9996163142857143,35000000
Primary_Producers,0.8345864661654135,0.9996155833333333,36000000
Primary_Producers,0.8345864661654135,0.9996155675675675,37000000
Primary_Producers,0.8345864661654135,0.999615447368421,38000000
Primary_Producers,0.8345864661654135,0.9996162051282051,39000000
Primary_Producers,0.8345864661654135,0.99961545,40000000
Primary_Producers,0.8345864661654135,0.9996154146341464,41000000
Primary_Producers,0.8345864661654135,0.9996155714285714,42000000
Primary_Producers,0.8345864661654135,0.9996163023255814,43000000
Primary_Producers,0.8345864661654135,0.9996155,44000000
Primary_Producers,0.8345864661654135,0.9996148,45000000
Primary_Producers,0.8345864661654135,0.9996151304347826,46000000
Primary_Producers,0.8345864661654135,0.9996161063829787,47000000
Primary_Producers,0.8345864661654135,0.9996165,48000000
Primary_Producers,0.8345864661654135,0.999616612244898,49000000
Primary_Producers,0.8345864661654135,0.99961654,50000000
Primary_Producers,0.8345864661654135,0.9996167843137255,51000000
Primary_Producers,0.8345864661654135,0.9996170192307692,52000000
Primary_Producers,0.8345864661654135,0.999617679245283,53000000
Primary_Producers,0.8345864661654135,0.9996177407407407,54000000
Primary_Producers,0.8345864661654135,0.9996179454545454,55000000
Primary_Producers,0.8345864661654135,0.9996177857142857,56000000
Primary_Producers,0.8345864661654135,0.999617947368421,57000000
Primary_Producers,0.8345864661654135,0.9996170344827586,58000000
Primary_Producers,0.8345864661654135,0.9996169322033899,59000000
Primary_Producers,0.8345864661654135,0.99961715,60000000
Primary_Producers,0.8345864661654135,0.9996176065573771,61000000
Primary_Producers,0.8345864661654135,0.9996174032258065,62000000
Primary_Producers,0.8345864661654135,0.9996170158730159,63000000
Primary_Producers,0.8345864661654135,0.999617203125,64000000
Primary_Producers,0.8345864661654135,0.9996174923076923,65000000
Primary_Producers,0.8345864661654135,0.9996180454545455,66000000
Primary_Producers,0.8345864661654135,0.9996179402985075,67000000
Primary_Producers,0.8345864661654135,0.9996180441176471,68000000
Primary_Producers,0.8345864661654135,0.9996182608695652,69000000
Primary_Producers,0.8345864661654135,0.9996183857142857,70000000
Primary_Producers,0.8345864661654135,0.9996187323943662,71000000
Primary_Producers,0.8345864661654135,0.99961875,72000000
Primary_Producers,0.8345864661654135,0.9996189589041096,73000000
Primary_Producers,0.8345864661654135,0.9996189459459459,74000000
Primary_Producers,0.8345864661654135,0.9996187333333333,75000000
Primary_Producers,0.8345864661654135,0.9996186710526316,76000000
Primary_Producers,0.8345864661654135,0.9996184805194805,77000000
Primary_Producers,0.8345864661654135,0.9996182948717949,78000000
Primary_Producers,0.8345864661654135,0.9996180759493671,79000000
Primary_Producers,0.8345864661654135,0.9996180625,80000000
Primary_Producers,0.8345864661654135,0.9996183209876544,81000000
Primary_Producers,0.8345864661654135,0.9996183536585366,82000000
Primary_Producers,0.8345864661654135,0.9996189759036145,83000000
Primary_Producers,0.8345864661654135,0.9996187261904762,84000000
Primary_Producers,0.8345864661654135,0.9996188823529412,85000000
Primary_Producers,0.8345864661654135,0.9996189418604651,86000000
Primary_Producers,0.8345864661654135,0.9996190689655172,87000000
Primary_Producers,0.8345864661654135,0.9996186818181818,88000000
Primary_Producers,0.8345864661654135,0.9996187078651685,89000000
Primary_Producers,0.8345864661654135,0.9996185666666667,90000000
Primary_Producers,0.8345864661654135,0.9996186043956043,91000000
Primary_Producers,0.8345864661654135,0.9996189130434783,92000000
Primary_Producers,0.8345864661654135,0.9996189462365591,93000000
Primary_Producers,0.8345864661654135,0.9996185,94000000
Primary_Producers,0.8345864661654135,0.9996184210526315,95000000
Primary_Producers,0.8345864661654135,0.9996181979166666,96000000
Primary_Producers,0.8345864661654135,0.999618237113402,97000000
Primary_Producers,0.8345864661654135,0.999618387755102,98000000
Primary_Producers,0.8345864661654135,0.9996181414141414,99000000
Primary_Producers,0.8345864661654135,0.99961789,100000000
