Consumers,0.3866745984533016,0.013192,1000000
Consumers,0.3866745984533016,0.013062,2000000
Consumers,0.3866745984533016,0.013079,3000000
Consumers,0.3866745984533016,0.01311075,4000000
Consumers,0.3866745984533016,0.0130976,5000000
Consumers,0.3866745984533016,0.013067333333333334,6000000
Consumers,0.3866745984533016,0.013059285714285714,7000000
Consumers,0.3866745984533016,0.0130555,8000000
Consumers,0.3866745984533016,0.013057111111111111,9000000
Consumers,0.3866745984533016,0.0130361,10000000
Consumers,0.3866745984533016,0.013022545454545455,11000000
Consumers,0.3866745984533016,0.013021583333333333,12000000
Consumers,0.3866745984533016,0.01301623076923077,13000000
Consumers,0.3866745984533016,0.0130305,14000000
Consumers,0.3866745984533016,0.0130224,15000000
Consumers,0.3866745984533016,0.0130225,16000000
Consumers,0.3866745984533016,0.013026411764705882,17000000
Consumers,0.3866745984533016,0.01301811111111111,18000000
Consumers,0.3866745984533016,0.013023157894736842,19000000
Consumers,0.3866745984533016,0.01302505,20000000
Consumers,0.3866745984533016,0.013025428571428571,21000000
Consumers,0.3866745984533016,0.013024954545454546,22000000
Consumers,0.3866745984533016,0.013017347826086956,23000000
Consumers,0.3866745984533016,0.013020208333333333,24000000
Consumers,0.3866745984533016,0.01303044,25000000
Consumers,0.3866745984533016,0.013026423076923076,26000000
Consumers,0.3866745984533016,0.013022814814814815,27000000
Consumers,0.3866745984533016,0.013028357142857144,28000000
Consumers,0.3866745984533016,0.01302896551724138,29000000
Consumers,0.3866745984533016,0.013035666666666666,30000000
Consumers,0.3866745984533016,0.013035096774193549,31000000
Consumers,0.3866745984533016,0.0130343125,32000000
Consumers,0.3866745984533016,0.013035636363636364,33000000
Consumers,0.3866745984533016,0.013038117647058823,34000000
Consumers,0.3866745984533016,0.013035257142857143,35000000
Consumers,0.3866745984533016,0.013035666666666666,36000000
Consumers,0.3866745984533016,0.013040540540540541,37000000
Consumers,0.3866745984533016,0.0130395,38000000
Consumers,0.3866745984533016,0.013041461538461538,39000000
Consumers,0.3866745984533016,0.013038725,40000000
Consumers,0.3866745984533016,0.013040682926829267,41000000
Consumers,0.3866745984533016,0.013047785714285715,42000000
Consumers,0.3866745984533016,0.013047372093023256,43000000
Consumers,0.3866745984533016,0.013047545454545454,44000000
Consumers,0.3866745984533016,0.0130444,45000000
Consumers,0.3866745984533016,0.013042673913043479,46000000
Consumers,0.3866745984533016,0.013043191489361701,47000000
Consumers,0.3866745984533016,0.013040083333333334,48000000
Consumers,0.3866745984533016,0.013043408163265307,49000000
Consumers,0.3866745984533016,0.01304382,50000000
Consumers,0.3866745984533016,0.013042764705882353,51000000
Consumers,0.3866745984533016,0.013046365384615385,52000000
Consumers,0.3866745984533016,0.013047,53000000
Consumers,0.3866745984533016,0.013045907407407407,54000000
Consumers,0.3866745984533016,0.013048,55000000
Consumers,0.3866745984533016,0.013050053571428572,56000000
Consumers,0.3866745984533016,0.013048438596491229,57000000
Consumers,0.3866745984533016,0.013048155172413794,58000000
Consumers,0.3866745984533016,0.013051016949152542,59000000
Consumers,0.3866745984533016,0.013052366666666667,60000000
Consumers,0.3866745984533016,0.013054311475409835,61000000
Consumers,0.3866745984533016,0.01305775806451613,62000000
Consumers,0.3866745984533016,0.013058047619047618,63000000
Consumers,0.3866745984533016,0.0130581875,64000000
Consumers,0.3866745984533016,0.013057892307692307,65000000
Consumers,0.3866745984533016,0.013057984848484848,66000000
Consumers,0.3866745984533016,0.01305765671641791,67000000
Consumers,0.3866745984533016,0.01305960294117647,68000000
Consumers,0.3866745984533016,0.01306127536231884,69000000
Consumers,0.3866745984533016,0.013062714285714285,70000000
Consumers,0.3866745984533016,0.013063760563380282,71000000
Consumers,0.3866745984533016,0.013061680555555556,72000000
Consumers,0.3866745984533016,0.013063068493150684,73000000
Consumers,0.3866745984533016,0.013063135135135136,74000000
Consumers,0.3866745984533016,0.013063786666666667,75000000
Consumers,0.3866745984533016,0.013062223684210526,76000000
Consumers,0.3866745984533016,0.013060311688311689,77000000
Consumers,0.3866745984533016,0.013058192307692307,78000000
Consumers,0.3866745984533016,0.01305867088607595,79000000
Consumers,0.3866745984533016,0.0130569125,80000000
Consumers,0.3866745984533016,0.01305779012345679,81000000
Consumers,0.3866745984533016,0.01305580487804878,82000000
Consumers,0.3866745984533016,0.01305421686746988,83000000
Consumers,0.3866745984533016,0.013053511904761905,84000000
Consumers,0.3866745984533016,0.013056047058823529,85000000
Consumers,0.3866745984533016,0.01305663953488372,86000000
Consumers,0.3866745984533016,0.013057436781609196,87000000
Consumers,0.3866745984533016,0.013057443181818182,88000000
Consumers,0.3866745984533016,0.013058516853932584,89000000
Consumers,0.3866745984533016,0.013058644444444444,90000000
Consumers,0.3866745984533016,0.013058802197802198,91000000
Consumers,0.3866745984533016,0.013059304347826086,92000000
Consumers,0.3866745984533016,0.01305847311827957,93000000
Consumers,0.3866745984533016,0.013057063829787234,94000000
Consumers,0.3866745984533016,0.013059231578947368,95000000
Consumers,0.3866745984533016,0.013059677083333334,96000000
Consumers,0.3866745984533016,0.013061453608247422,97000000
Consumers,0.3866745984533016,0.013060448979591837,98000000
Consumers,0.3866745984533016,0.013056909090909091,99000000
Consumers,0.3866745984533016,0.01305721,100000000
