Primary_Producers,0.9428571428571428,0.378099,1000000
Primary_Producers,0.9428571428571428,0.3784545,2000000
Primary_Producers,0.9428571428571428,0.3785536666666667,3000000
Primary_Producers,0.9428571428571428,0.378551,4000000
Primary_Producers,0.9428571428571428,0.3785742,5000000
Primary_Producers,0.9428571428571428,0.3786176666666667,6000000
Primary_Producers,0.9428571428571428,0.37859842857142856,7000000
Primary_Producers,0.9428571428571428,0.37859375,8000000
Primary_Producers,0.9428571428571428,0.37857722222222223,9000000
Primary_Producers,0.9428571428571428,0.3786516,10000000
Primary_Producers,0.9428571428571428,0.37869854545454545,11000000
Primary_Producers,0.9428571428571428,0.3787238333333333,12000000
Primary_Producers,0.9428571428571428,0.3787593076923077,13000000
Primary_Producers,0.9428571428571428,0.37872814285714285,14000000
Primary_Producers,0.9428571428571428,0.3787078,15000000
Primary_Producers,0.9428571428571428,0.37874325,16000000
Primary_Producers,0.9428571428571428,0.37876658823529413,17000000
Primary_Producers,0.9428571428571428,0.37877344444444444,18000000
Primary_Producers,0.9428571428571428,0.3787733157894737,19000000
Primary_Producers,0.9428571428571428,0.37880525,20000000
Primary_Producers,0.9428571428571428,0.37879685714285716,21000000
Primary_Producers,0.9428571428571428,0.3787924090909091,22000000
Primary_Producers,0.9428571428571428,0.3787941739130435,23000000
Primary_Producers,0.9428571428571428,0.37879429166666667,24000000
Primary_Producers,0.9428571428571428,0.37881448,25000000
Primary_Producers,0.9428571428571428,0.3788228846153846,26000000
Primary_Producers,0.9428571428571428,0.3788068888888889,27000000
Primary_Producers,0.9428571428571428,0.3787614285714286,28000000
Primary_Producers,0.9428571428571428,0.3787445172413793,29000000
Primary_Producers,0.9428571428571428,0.3787508,30000000
Primary_Producers,0.9428571428571428,0.3787242258064516,31000000
Primary_Producers,0.9428571428571428,0.378723875,32000000
Primary_Producers,0.9428571428571428,0.378712303030303,33000000
Primary_Producers,0.9428571428571428,0.3786863235294118,34000000
Primary_Producers,0.9428571428571428,0.37870971428571426,35000000
Primary_Producers,0.9428571428571428,0.37871072222222224,36000000
Primary_Producers,0.9428571428571428,0.37872764864864866,37000000
Primary_Producers,0.9428571428571428,0.37872663157894737,38000000
Primary_Producers,0.9428571428571428,0.37873120512820513,39000000
Primary_Producers,0.9428571428571428,0.378707675,40000000
Primary_Producers,0.9428571428571428,0.3787109512195122,41000000
Primary_Producers,0.9428571428571428,0.3787295,42000000
Primary_Producers,0.9428571428571428,0.3787411627906977,43000000
Primary_Producers,0.9428571428571428,0.37874563636363634,44000000
Primary_Producers,0.9428571428571428,0.3787557555555556,45000000
Primary_Producers,0.9428571428571428,0.3787550869565217,46000000
Primary_Producers,0.9428571428571428,0.3787592340425532,47000000
Primary_Producers,0.9428571428571428,0.3787540208333333,48000000
Primary_Producers,0.9428571428571428,0.3787447755102041,49000000
Primary_Producers,0.9428571428571428,0.37872878,50000000
Primary_Producers,0.9428571428571428,0.3787424705882353,51000000
Primary_Producers,0.9428571428571428,0.3787308846153846,52000000
Primary_Producers,0.9428571428571428,0.3787292452830189,53000000
Primary_Producers,0.9428571428571428,0.3787275,54000000
Primary_Producers,0.9428571428571428,0.37871849090909093,55000000
Primary_Producers,0.9428571428571428,0.378732125,56000000
Primary_Producers,0.9428571428571428,0.37874484210526316,57000000
Primary_Producers,0.9428571428571428,0.37874827586206894,58000000
Primary_Producers,0.9428571428571428,0.3787542372881356,59000000
Primary_Producers,0.9428571428571428,0.3787439833333333,60000000
Primary_Producers,0.9428571428571428,0.3787383278688525,61000000
Primary_Producers,0.9428571428571428,0.37873409677419356,62000000
Primary_Producers,0.9428571428571428,0.3787309365079365,63000000
Primary_Producers,0.9428571428571428,0.378718046875,64000000
Primary_Producers,0.9428571428571428,0.37871872307692306,65000000
Primary_Producers,0.9428571428571428,0.3787194696969697,66000000
Primary_Producers,0.9428571428571428,0.3787316417910448,67000000
Primary_Producers,0.9428571428571428,0.37872816176470586,68000000
Primary_Producers,0.9428571428571428,0.37873342028985507,69000000
Primary_Producers,0.9428571428571428,0.37874507142857144,70000000
Primary_Producers,0.9428571428571428,0.3787494647887324,71000000
Primary_Producers,0.9428571428571428,0.37875952777777777,72000000
Primary_Producers,0.9428571428571428,0.3787720273972603,73000000
Primary_Producers,0.9428571428571428,0.37875774324324324,74000000
Primary_Producers,0.9428571428571428,0.3787699466666667,75000000
Primary_Producers,0.9428571428571428,0.37876655263157893,76000000
Primary_Producers,0.9428571428571428,0.3787650779220779,77000000
Primary_Producers,0.9428571428571428,0.37877955128205126,78000000
Primary_Producers,0.9428571428571428,0.3787778101265823,79000000
Primary_Producers,0.9428571428571428,0.3787716125,80000000
Primary_Producers,0.9428571428571428,0.37875603703703703,81000000
Primary_Producers,0.9428571428571428,0.3787605243902439,82000000
Primary_Producers,0.9428571428571428,0.3787623734939759,83000000
Primary_Producers,0.9428571428571428,0.37876955952380953,84000000
Primary_Producers,0.9428571428571428,0.37876498823529414,85000000
Primary_Producers,0.9428571428571428,0.3787676860465116,86000000
Primary_Producers,0.9428571428571428,0.37876483908045977,87000000
Primary_Producers,0.9428571428571428,0.3787797272727273,88000000
Primary_Producers,0.9428571428571428,0.37877351685393257,89000000
Primary_Producers,0.9428571428571428,0.3787721333333333,90000000
Primary_Producers,0.9428571428571428,0.37877136263736266,91000000
Primary_Producers,0.9428571428571428,0.37877153260869567,92000000
Primary_Producers,0.9428571428571428,0.37876881720430106,93000000
Primary_Producers,0.9428571428571428,0.37876631914893616,94000000
Primary_Producers,0.9428571428571428,0.37876463157894735,95000000
Primary_Producers,0.9428571428571428,0.37876240625,96000000
Primary_Producers,0.9428571428571428,0.3787708659793814,97000000
Primary_Producers,0.9428571428571428,0.3787652142857143,98000000
Primary_Producers,0.9428571428571428,0.3787675252525253,99000000
Primary_Producers,0.9428571428571428,0.37877882,100000000
