Parasites,0.5619047619047619,0.000124,1000000
Parasites,0.5619047619047619,0.0001225,2000000
Parasites,0.5619047619047619,0.000121,3000000
Parasites,0.5619047619047619,0.00012075,4000000
Parasites,0.5619047619047619,0.0001214,5000000
Parasites,0.5619047619047619,0.00011783333333333333,6000000
Parasites,0.5619047619047619,0.00011628571428571429,7000000
Parasites,0.5619047619047619,0.000114,8000000
Parasites,0.5619047619047619,0.00011388888888888889,9000000
Parasites,0.5619047619047619,0.0001121,10000000
Parasites,0.5619047619047619,0.00011318181818181818,11000000
Parasites,0.5619047619047619,0.00011191666666666667,12000000
Parasites,0.5619047619047619,0.0001113076923076923,13000000
Parasites,0.5619047619047619,0.00011142857142857143,14000000
Parasites,0.5619047619047619,0.0001112,15000000
Parasites,0.5619047619047619,0.000112,16000000
Parasites,0.5619047619047619,0.00011094117647058823,17000000
Parasites,0.5619047619047619,0.00011061111111111112,18000000
Parasites,0.5619047619047619,0.00011126315789473684,19000000
Parasites,0.5619047619047619,0.00011235,20000000
Parasites,0.5619047619047619,0.00011252380952380952,21000000
Parasites,0.5619047619047619,0.00011345454545454545,22000000
Parasites,0.5619047619047619,0.00011421739130434783,23000000
Parasites,0.5619047619047619,0.000114625,24000000
Parasites,0.5619047619047619,0.00011432,25000000
Parasites,0.5619047619047619,0.00011407692307692308,26000000
Parasites,0.5619047619047619,0.00011407407407407407,27000000
Parasites,0.5619047619047619,0.00011392857142857142,28000000
Parasites,0.5619047619047619,0.00011358620689655172,29000000
Parasites,0.5619047619047619,0.00011346666666666667,30000000
Parasites,0.5619047619047619,0.00011461290322580645,31000000
Parasites,0.5619047619047619,0.000114875,32000000
Parasites,0.5619047619047619,0.00011493939393939394,33000000
Parasites,0.5619047619047619,0.00011508823529411765,34000000
Parasites,0.5619047619047619,0.0001152,35000000
Parasites,0.5619047619047619,0.000115,36000000
Parasites,0.5619047619047619,0.00011521621621621621,37000000
Parasites,0.5619047619047619,0.00011536842105263157,38000000
Parasites,0.5619047619047619,0.00011515384615384615,39000000
Parasites,0.5619047619047619,0.000115575,40000000
Parasites,0.5619047619047619,0.00011568292682926829,41000000
Parasites,0.5619047619047619,0.00011578571428571428,42000000
Parasites,0.5619047619047619,0.00011567441860465116,43000000
Parasites,0.5619047619047619,0.00011602272727272728,44000000
Parasites,0.5619047619047619,0.00011602222222222223,45000000
Parasites,0.5619047619047619,0.00011628260869565217,46000000
Parasites,0.5619047619047619,0.00011623404255319149,47000000
Parasites,0.5619047619047619,0.00011595833333333334,48000000
Parasites,0.5619047619047619,0.0001163265306122449,49000000
Parasites,0.5619047619047619,0.00011602,50000000
Parasites,0.5619047619047619,0.00011576470588235295,51000000
Parasites,0.5619047619047619,0.00011575,52000000
Parasites,0.5619047619047619,0.00011560377358490566,53000000
Parasites,0.5619047619047619,0.00011548148148148148,54000000
Parasites,0.5619047619047619,0.00011554545454545454,55000000
Parasites,0.5619047619047619,0.000116125,56000000
Parasites,0.5619047619047619,0.00011592982456140351,57000000
Parasites,0.5619047619047619,0.00011587931034482759,58000000
Parasites,0.5619047619047619,0.00011594915254237288,59000000
Parasites,0.5619047619047619,0.00011585,60000000
Parasites,0.5619047619047619,0.00011613114754098361,61000000
Parasites,0.5619047619047619,0.00011603225806451613,62000000
Parasites,0.5619047619047619,0.00011579365079365079,63000000
Parasites,0.5619047619047619,0.000115953125,64000000
Parasites,0.5619047619047619,0.00011618461538461539,65000000
Parasites,0.5619047619047619,0.00011598484848484848,66000000
Parasites,0.5619047619047619,0.00011586567164179104,67000000
Parasites,0.5619047619047619,0.00011591176470588235,68000000
Parasites,0.5619047619047619,0.000116,69000000
Parasites,0.5619047619047619,0.00011602857142857143,70000000
Parasites,0.5619047619047619,0.00011609859154929578,71000000
Parasites,0.5619047619047619,0.00011595833333333334,72000000
Parasites,0.5619047619047619,0.00011593150684931507,73000000
Parasites,0.5619047619047619,0.00011593243243243243,74000000
Parasites,0.5619047619047619,0.00011572,75000000
Parasites,0.5619047619047619,0.00011564473684210527,76000000
Parasites,0.5619047619047619,0.00011574025974025974,77000000
Parasites,0.5619047619047619,0.0001156923076923077,78000000
Parasites,0.5619047619047619,0.00011555696202531645,79000000
Parasites,0.5619047619047619,0.000115625,80000000
Parasites,0.5619047619047619,0.00011565432098765432,81000000
Parasites,0.5619047619047619,0.0001153170731707317,82000000
Parasites,0.5619047619047619,0.00011503614457831326,83000000
Parasites,0.5619047619047619,0.00011508333333333333,84000000
Parasites,0.5619047619047619,0.00011502352941176471,85000000
Parasites,0.5619047619047619,0.00011494186046511628,86000000
Parasites,0.5619047619047619,0.00011491954022988505,87000000
Parasites,0.5619047619047619,0.00011478409090909091,88000000
Parasites,0.5619047619047619,0.00011503370786516853,89000000
Parasites,0.5619047619047619,0.00011495555555555555,90000000
Parasites,0.5619047619047619,0.0001150989010989011,91000000
Parasites,0.5619047619047619,0.000115,92000000
Parasites,0.5619047619047619,0.00011489247311827956,93000000
Parasites,0.5619047619047619,0.00011514893617021276,94000000
Parasites,0.5619047619047619,0.00011493684210526315,95000000
Parasites,0.5619047619047619,0.00011498958333333333,96000000
Parasites,0.5619047619047619,0.00011497938144329897,97000000
Parasites,0.5619047619047619,0.00011486734693877552,98000000
Parasites,0.5619047619047619,0.00011488888888888889,99000000
Parasites,0.5619047619047619,0.00011497,100000000
