all,0.1894736842105263,0.000712,1000000
all,0.1894736842105263,0.0007255,2000000
all,0.1894736842105263,0.0007333333333333333,3000000
all,0.1894736842105263,0.00072925,4000000
all,0.1894736842105263,0.0007322,5000000
all,0.1894736842105263,0.0007266666666666667,6000000
all,0.1894736842105263,0.0007312857142857143,7000000
all,0.1894736842105263,0.000730375,8000000
all,0.1894736842105263,0.0007306666666666667,9000000
all,0.1894736842105263,0.0007251,10000000
all,0.1894736842105263,0.0007237272727272727,11000000
all,0.1894736842105263,0.0007225,12000000
all,0.1894736842105263,0.0007198461538461538,13000000
all,0.1894736842105263,0.0007199285714285714,14000000
all,0.1894736842105263,0.0007237333333333333,15000000
all,0.1894736842105263,0.00072425,16000000
all,0.1894736842105263,0.0007239411764705882,17000000
all,0.1894736842105263,0.0007251666666666667,18000000
all,0.1894736842105263,0.0007237894736842105,19000000
all,0.1894736842105263,0.0007264,20000000
all,0.1894736842105263,0.0007264285714285714,21000000
all,0.1894736842105263,0.0007262727272727273,22000000
all,0.1894736842105263,0.0007263478260869566,23000000
all,0.1894736842105263,0.0007273333333333333,24000000
all,0.1894736842105263,0.00072988,25000000
all,0.1894736842105263,0.0007288846153846154,26000000
all,0.1894736842105263,0.0007295185185185186,27000000
all,0.1894736842105263,0.0007288571428571429,28000000
all,0.1894736842105263,0.0007302068965517241,29000000
all,0.1894736842105263,0.0007293666666666667,30000000
all,0.1894736842105263,0.0007296774193548387,31000000
all,0.1894736842105263,0.00072940625,32000000
all,0.1894736842105263,0.0007295454545454545,33000000
all,0.1894736842105263,0.0007292058823529412,34000000
all,0.1894736842105263,0.0007287142857142857,35000000
all,0.1894736842105263,0.0007299722222222222,36000000
all,0.1894736842105263,0.000729972972972973,37000000
all,0.1894736842105263,0.0007287368421052631,38000000
all,0.1894736842105263,0.0007284358974358974,39000000
all,0.1894736842105263,0.000729125,40000000
all,0.1894736842105263,0.000729390243902439,41000000
all,0.1894736842105263,0.0007298809523809523,42000000
all,0.1894736842105263,0.0007292325581395349,43000000
all,0.1894736842105263,0.0007296363636363636,44000000
all,0.1894736842105263,0.0007292,45000000
all,0.1894736842105263,0.0007298695652173913,46000000
all,0.1894736842105263,0.0007291276595744681,47000000
all,0.1894736842105263,0.0007282291666666666,48000000
all,0.1894736842105263,0.0007277755102040816,49000000
all,0.1894736842105263,0.0007287,50000000
all,0.1894736842105263,0.000728921568627451,51000000
all,0.1894736842105263,0.0007283076923076923,52000000
all,0.1894736842105263,0.0007278679245283019,53000000
all,0.1894736842105263,0.0007271111111111111,54000000
all,0.1894736842105263,0.0007273454545454546,55000000
all,0.1894736842105263,0.0007267321428571429,56000000
all,0.1894736842105263,0.0007270350877192982,57000000
all,0.1894736842105263,0.0007265344827586207,58000000
all,0.1894736842105263,0.0007261186440677966,59000000
all,0.1894736842105263,0.0007264666666666667,60000000
all,0.1894736842105263,0.0007269180327868852,61000000
all,0.1894736842105263,0.0007261774193548387,62000000
all,0.1894736842105263,0.0007248571428571429,63000000
all,0.1894736842105263,0.000724796875,64000000
all,0.1894736842105263,0.0007248923076923077,65000000
all,0.1894736842105263,0.0007251818181818182,66000000
all,0.1894736842105263,0.0007252388059701492,67000000
all,0.1894736842105263,0.000725014705882353,68000000
all,0.1894736842105263,0.0007245072463768116,69000000
all,0.1894736842105263,0.0007245285714285715,70000000
all,0.1894736842105263,0.0007248169014084507,71000000
all,0.1894736842105263,0.0007244027777777778,72000000
all,0.1894736842105263,0.0007241780821917809,73000000
all,0.1894736842105263,0.0007237972972972973,74000000
all,0.1894736842105263,0.000724,75000000
all,0.1894736842105263,0.0007236578947368421,76000000
all,0.1894736842105263,0.0007233766233766234,77000000
all,0.1894736842105263,0.0007236410256410257,78000000
all,0.1894736842105263,0.0007238607594936709,79000000
all,0.1894736842105263,0.0007243625,80000000
all,0.1894736842105263,0.0007242345679012345,81000000
all,0.1894736842105263,0.0007243414634146341,82000000
all,0.1894736842105263,0.0007240963855421686,83000000
all,0.1894736842105263,0.0007242261904761905,84000000
all,0.1894736842105263,0.0007240941176470589,85000000
all,0.1894736842105263,0.0007236511627906977,86000000
all,0.1894736842105263,0.000723632183908046,87000000
all,0.1894736842105263,0.0007236590909090909,88000000
all,0.1894736842105263,0.000723629213483146,89000000
all,0.1894736842105263,0.0007237888888888889,90000000
all,0.1894736842105263,0.0007233736263736264,91000000
all,0.1894736842105263,0.0007234239130434782,92000000
all,0.1894736842105263,0.0007230430107526882,93000000
all,0.1894736842105263,0.0007227234042553192,94000000
all,0.1894736842105263,0.0007234315789473684,95000000
all,0.1894736842105263,0.000723625,96000000
all,0.1894736842105263,0.0007236082474226804,97000000
all,0.1894736842105263,0.0007233571428571429,98000000
all,0.1894736842105263,0.0007234040404040404,99000000
all,0.1894736842105263,0.00072317,100000000
