Primary_Producers,0.8571428571428571,0.001204,1000000
Primary_Producers,0.8571428571428571,0.0012235,2000000
Primary_Producers,0.8571428571428571,0.0012393333333333334,3000000
Primary_Producers,0.8571428571428571,0.00123025,4000000
Primary_Producers,0.8571428571428571,0.00123,5000000
Primary_Producers,0.8571428571428571,0.0012363333333333334,6000000
Primary_Producers,0.8571428571428571,0.0012322857142857142,7000000
Primary_Producers,0.8571428571428571,0.001227375,8000000
Primary_Producers,0.8571428571428571,0.0012298888888888889,9000000
Primary_Producers,0.8571428571428571,0.0012293,10000000
Primary_Producers,0.8571428571428571,0.0012288181818181818,11000000
Primary_Producers,0.8571428571428571,0.00123375,12000000
Primary_Producers,0.8571428571428571,0.001238153846153846,13000000
Primary_Producers,0.8571428571428571,0.0012375714285714286,14000000
Primary_Producers,0.8571428571428571,0.0012396,15000000
Primary_Producers,0.8571428571428571,0.0012420625,16000000
Primary_Producers,0.8571428571428571,0.0012413529411764706,17000000
Primary_Producers,0.8571428571428571,0.001243388888888889,18000000
Primary_Producers,0.8571428571428571,0.0012435263157894738,19000000
Primary_Producers,0.8571428571428571,0.0012419,20000000
Primary_Producers,0.8571428571428571,0.0012435714285714285,21000000
Primary_Producers,0.8571428571428571,0.0012439545454545455,22000000
Primary_Producers,0.8571428571428571,0.001240695652173913,23000000
Primary_Producers,0.8571428571428571,0.0012400833333333333,24000000
Primary_Producers,0.8571428571428571,0.00123916,25000000
Primary_Producers,0.8571428571428571,0.0012400769230769232,26000000
Primary_Producers,0.8571428571428571,0.0012418148148148147,27000000
Primary_Producers,0.8571428571428571,0.0012420357142857142,28000000
Primary_Producers,0.8571428571428571,0.0012436896551724138,29000000
Primary_Producers,0.8571428571428571,0.0012419,30000000
Primary_Producers,0.8571428571428571,0.0012401612903225807,31000000
Primary_Producers,0.8571428571428571,0.00123909375,32000000
Primary_Producers,0.8571428571428571,0.0012402424242424243,33000000
Primary_Producers,0.8571428571428571,0.0012403235294117646,34000000
Primary_Producers,0.8571428571428571,0.0012409428571428572,35000000
Primary_Producers,0.8571428571428571,0.0012399166666666667,36000000
Primary_Producers,0.8571428571428571,0.0012399189189189188,37000000
Primary_Producers,0.8571428571428571,0.0012407105263157895,38000000
Primary_Producers,0.8571428571428571,0.0012406410256410256,39000000
Primary_Producers,0.8571428571428571,0.0012404,40000000
Primary_Producers,0.8571428571428571,0.0012392926829268294,41000000
Primary_Producers,0.8571428571428571,0.001239,42000000
Primary_Producers,0.8571428571428571,0.0012391395348837209,43000000
Primary_Producers,0.8571428571428571,0.00123975,44000000
Primary_Producers,0.8571428571428571,0.0012399333333333333,45000000
Primary_Producers,0.8571428571428571,0.0012386086956521739,46000000
Primary_Producers,0.8571428571428571,0.0012380851063829787,47000000
Primary_Producers,0.8571428571428571,0.0012373333333333333,48000000
Primary_Producers,0.8571428571428571,0.0012372857142857142,49000000
Primary_Producers,0.8571428571428571,0.00123602,50000000
Primary_Producers,0.8571428571428571,0.0012359411764705883,51000000
Primary_Producers,0.8571428571428571,0.0012342692307692308,52000000
Primary_Producers,0.8571428571428571,0.0012341509433962264,53000000
Primary_Producers,0.8571428571428571,0.0012340185185185186,54000000
Primary_Producers,0.8571428571428571,0.001234909090909091,55000000
Primary_Producers,0.8571428571428571,0.001235857142857143,56000000
Primary_Producers,0.8571428571428571,0.0012361754385964913,57000000
Primary_Producers,0.8571428571428571,0.0012360689655172414,58000000
Primary_Producers,0.8571428571428571,0.0012359322033898305,59000000
Primary_Producers,0.8571428571428571,0.00123645,60000000
Primary_Producers,0.8571428571428571,0.0012362459016393443,61000000
Primary_Producers,0.8571428571428571,0.001236241935483871,62000000
Primary_Producers,0.8571428571428571,0.001236142857142857,63000000
Primary_Producers,0.8571428571428571,0.001237265625,64000000
Primary_Producers,0.8571428571428571,0.0012365230769230769,65000000
Primary_Producers,0.8571428571428571,0.0012365454545454546,66000000
Primary_Producers,0.8571428571428571,0.0012367313432835821,67000000
Primary_Producers,0.8571428571428571,0.0012365882352941176,68000000
Primary_Producers,0.8571428571428571,0.0012368115942028985,69000000
Primary_Producers,0.8571428571428571,0.0012375714285714286,70000000
Primary_Producers,0.8571428571428571,0.0012381549295774647,71000000
Primary_Producers,0.8571428571428571,0.0012389444444444444,72000000
Primary_Producers,0.8571428571428571,0.0012385616438356163,73000000
Primary_Producers,0.8571428571428571,0.0012383783783783784,74000000
Primary_Producers,0.8571428571428571,0.0012391866666666667,75000000
Primary_Producers,0.8571428571428571,0.0012386447368421052,76000000
Primary_Producers,0.8571428571428571,0.0012384935064935064,77000000
Primary_Producers,0.8571428571428571,0.0012386923076923076,78000000
Primary_Producers,0.8571428571428571,0.001238126582278481,79000000
Primary_Producers,0.8571428571428571,0.001238275,80000000
Primary_Producers,0.8571428571428571,0.0012381234567901233,81000000
Primary_Producers,0.8571428571428571,0.0012380975609756098,82000000
Primary_Producers,0.8571428571428571,0.0012375060240963855,83000000
Primary_Producers,0.8571428571428571,0.001236952380952381,84000000
Primary_Producers,0.8571428571428571,0.0012370235294117647,85000000
Primary_Producers,0.8571428571428571,0.001236860465116279,86000000
Primary_Producers,0.8571428571428571,0.0012365977011494253,87000000
Primary_Producers,0.8571428571428571,0.0012375,88000000
Primary_Producers,0.8571428571428571,0.0012378651685393258,89000000
Primary_Producers,0.8571428571428571,0.0012381555555555555,90000000
Primary_Producers,0.8571428571428571,0.0012385714285714285,91000000
Primary_Producers,0.8571428571428571,0.0012389239130434783,92000000
Primary_Producers,0.8571428571428571,0.0012386989247311828,93000000
Primary_Producers,0.8571428571428571,0.0012385425531914894,94000000
Primary_Producers,0.8571428571428571,0.0012382842105263159,95000000
Primary_Producers,0.8571428571428571,0.00123815625,96000000
Primary_Producers,0.8571428571428571,0.0012377113402061856,97000000
Primary_Producers,0.8571428571428571,0.0012376326530612245,98000000
Primary_Producers,0.8571428571428571,0.001237808080808081,99000000
Primary_Producers,0.8571428571428571,0.0012375,100000000
