Consumers,0.5668276972624798,0.0,1000000
Consumers,0.5668276972624798,0.0,2000000
Consumers,0.5668276972624798,0.0,3000000
Consumers,0.5668276972624798,0.0,4000000
Consumers,0.5668276972624798,0.0,5000000
Consumers,0.5668276972624798,0.0,6000000
Consumers,0.5668276972624798,0.0,7000000
Consumers,0.5668276972624798,0.0,8000000
Consumers,0.5668276972624798,0.0,9000000
Consumers,0.5668276972624798,0.0,10000000
Consumers,0.5668276972624798,0.0,11000000
Consumers,0.5668276972624798,0.0,12000000
Consumers,0.5668276972624798,0.0,13000000
Consumers,0.5668276972624798,0.0,14000000
Consumers,0.5668276972624798,0.0,15000000
Consumers,0.5668276972624798,0.0,16000000
Consumers,0.5668276972624798,0.0,17000000
Consumers,0.5668276972624798,0.0,18000000
Consumers,0.5668276972624798,0.0,19000000
Consumers,0.5668276972624798,0.0,20000000
Consumers,0.5668276972624798,0.0,21000000
Consumers,0.5668276972624798,0.0,22000000
Consumers,0.5668276972624798,4.347826086956522e-8,23000000
Consumers,0.5668276972624798,4.166666666666667e-8,24000000
Consumers,0.5668276972624798,4.0e-8,25000000
Consumers,0.5668276972624798,3.846153846153846e-8,26000000
Consumers,0.5668276972624798,3.7037037037037036e-8,27000000
Consumers,0.5668276972624798,3.571428571428571e-8,28000000
Consumers,0.5668276972624798,3.448275862068966e-8,29000000
Consumers,0.5668276972624798,3.3333333333333334e-8,30000000
Consumers,0.5668276972624798,3.2258064516129035e-8,31000000
Consumers,0.5668276972624798,3.125e-8,32000000
Consumers,0.5668276972624798,3.0303030303030305e-8,33000000
Consumers,0.5668276972624798,2.9411764705882354e-8,34000000
Consumers,0.5668276972624798,2.8571428571428572e-8,35000000
Consumers,0.5668276972624798,2.7777777777777777e-8,36000000
Consumers,0.5668276972624798,5.4054054054054056e-8,37000000
Consumers,0.5668276972624798,5.263157894736842e-8,38000000
Consumers,0.5668276972624798,5.128205128205128e-8,39000000
Consumers,0.5668276972624798,5.0e-8,40000000
Consumers,0.5668276972624798,4.878048780487805e-8,41000000
Consumers,0.5668276972624798,4.761904761904762e-8,42000000
Consumers,0.5668276972624798,4.6511627906976744e-8,43000000
Consumers,0.5668276972624798,4.545454545454546e-8,44000000
Consumers,0.5668276972624798,4.444444444444445e-8,45000000
Consumers,0.5668276972624798,4.347826086956522e-8,46000000
Consumers,0.5668276972624798,4.25531914893617e-8,47000000
Consumers,0.5668276972624798,4.166666666666667e-8,48000000
Consumers,0.5668276972624798,4.081632653061225e-8,49000000
Consumers,0.5668276972624798,4.0e-8,50000000
Consumers,0.5668276972624798,3.9215686274509804e-8,51000000
Consumers,0.5668276972624798,3.846153846153846e-8,52000000
Consumers,0.5668276972624798,3.7735849056603774e-8,53000000
Consumers,0.5668276972624798,3.7037037037037036e-8,54000000
Consumers,0.5668276972624798,3.636363636363636e-8,55000000
Consumers,0.5668276972624798,5.357142857142857e-8,56000000
Consumers,0.5668276972624798,5.263157894736842e-8,57000000
Consumers,0.5668276972624798,5.172413793103448e-8,58000000
Consumers,0.5668276972624798,5.0847457627118645e-8,59000000
Consumers,0.5668276972624798,5.0e-8,60000000
Consumers,0.5668276972624798,4.918032786885246e-8,61000000
Consumers,0.5668276972624798,4.8387096774193546e-8,62000000
Consumers,0.5668276972624798,4.761904761904762e-8,63000000
Consumers,0.5668276972624798,4.6875e-8,64000000
Consumers,0.5668276972624798,4.615384615384615e-8,65000000
Consumers,0.5668276972624798,4.545454545454546e-8,66000000
Consumers,0.5668276972624798,4.4776119402985075e-8,67000000
Consumers,0.5668276972624798,4.411764705882353e-8,68000000
Consumers,0.5668276972624798,4.347826086956522e-8,69000000
Consumers,0.5668276972624798,4.285714285714286e-8,70000000
Consumers,0.5668276972624798,4.2253521126760564e-8,71000000
Consumers,0.5668276972624798,4.166666666666667e-8,72000000
Consumers,0.5668276972624798,4.1095890410958903e-8,73000000
Consumers,0.5668276972624798,4.054054054054054e-8,74000000
Consumers,0.5668276972624798,4.0e-8,75000000
Consumers,0.5668276972624798,3.947368421052632e-8,76000000
Consumers,0.5668276972624798,3.896103896103896e-8,77000000
Consumers,0.5668276972624798,3.846153846153846e-8,78000000
Consumers,0.5668276972624798,3.79746835443038e-8,79000000
Consumers,0.5668276972624798,3.75e-8,80000000
Consumers,0.5668276972624798,3.7037037037037036e-8,81000000
Consumers,0.5668276972624798,3.658536585365854e-8,82000000
Consumers,0.5668276972624798,3.6144578313253015e-8,83000000
Consumers,0.5668276972624798,3.571428571428571e-8,84000000
Consumers,0.5668276972624798,3.5294117647058824e-8,85000000
Consumers,0.5668276972624798,3.488372093023256e-8,86000000
Consumers,0.5668276972624798,3.448275862068966e-8,87000000
Consumers,0.5668276972624798,3.409090909090909e-8,88000000
Consumers,0.5668276972624798,4.49438202247191e-8,89000000
Consumers,0.5668276972624798,4.444444444444445e-8,90000000
Consumers,0.5668276972624798,4.3956043956043954e-8,91000000
Consumers,0.5668276972624798,4.347826086956522e-8,92000000
Consumers,0.5668276972624798,4.3010752688172045e-8,93000000
Consumers,0.5668276972624798,4.25531914893617e-8,94000000
Consumers,0.5668276972624798,5.263157894736842e-8,95000000
Consumers,0.5668276972624798,5.208333333333333e-8,96000000
Consumers,0.5668276972624798,5.154639175257732e-8,97000000
Consumers,0.5668276972624798,5.1020408163265303e-8,98000000
Consumers,0.5668276972624798,5.0505050505050506e-8,99000000
Consumers,0.5668276972624798,5.0e-8,100000000
