all,0.4380952380952381,2.0e-5,1000000
all,0.4380952380952381,1.75e-5,2000000
all,0.4380952380952381,1.5333333333333334e-5,3000000
all,0.4380952380952381,1.6e-5,4000000
all,0.4380952380952381,1.56e-5,5000000
all,0.4380952380952381,1.5e-5,6000000
all,0.4380952380952381,1.4285714285714285e-5,7000000
all,0.4380952380952381,1.375e-5,8000000
all,0.4380952380952381,1.3666666666666667e-5,9000000
all,0.4380952380952381,1.29e-5,10000000
all,0.4380952380952381,1.3454545454545455e-5,11000000
all,0.4380952380952381,1.3416666666666666e-5,12000000
all,0.4380952380952381,1.3307692307692307e-5,13000000
all,0.4380952380952381,1.3142857142857143e-5,14000000
all,0.4380952380952381,1.3066666666666666e-5,15000000
all,0.4380952380952381,1.28125e-5,16000000
all,0.4380952380952381,1.2647058823529412e-5,17000000
all,0.4380952380952381,1.2944444444444445e-5,18000000
all,0.4380952380952381,1.3105263157894738e-5,19000000
all,0.4380952380952381,1.325e-5,20000000
all,0.4380952380952381,1.3666666666666667e-5,21000000
all,0.4380952380952381,1.3545454545454546e-5,22000000
all,0.4380952380952381,1.3956521739130435e-5,23000000
all,0.4380952380952381,1.3958333333333333e-5,24000000
all,0.4380952380952381,1.408e-5,25000000
all,0.4380952380952381,1.4e-5,26000000
all,0.4380952380952381,1.4037037037037037e-5,27000000
all,0.4380952380952381,1.4035714285714286e-5,28000000
all,0.4380952380952381,1.396551724137931e-5,29000000
all,0.4380952380952381,1.3866666666666667e-5,30000000
all,0.4380952380952381,1.403225806451613e-5,31000000
all,0.4380952380952381,1.428125e-5,32000000
all,0.4380952380952381,1.4242424242424243e-5,33000000
all,0.4380952380952381,1.4235294117647058e-5,34000000
all,0.4380952380952381,1.4371428571428571e-5,35000000
all,0.4380952380952381,1.425e-5,36000000
all,0.4380952380952381,1.4405405405405405e-5,37000000
all,0.4380952380952381,1.4421052631578947e-5,38000000
all,0.4380952380952381,1.4307692307692308e-5,39000000
all,0.4380952380952381,1.44e-5,40000000
all,0.4380952380952381,1.4414634146341463e-5,41000000
all,0.4380952380952381,1.4285714285714285e-5,42000000
all,0.4380952380952381,1.4116279069767442e-5,43000000
all,0.4380952380952381,1.4136363636363637e-5,44000000
all,0.4380952380952381,1.4066666666666667e-5,45000000
all,0.4380952380952381,1.4195652173913044e-5,46000000
all,0.4380952380952381,1.4148936170212766e-5,47000000
all,0.4380952380952381,1.40625e-5,48000000
all,0.4380952380952381,1.4183673469387755e-5,49000000
all,0.4380952380952381,1.41e-5,50000000
all,0.4380952380952381,1.4098039215686274e-5,51000000
all,0.4380952380952381,1.4173076923076923e-5,52000000
all,0.4380952380952381,1.4094339622641509e-5,53000000
all,0.4380952380952381,1.4018518518518519e-5,54000000
all,0.4380952380952381,1.4072727272727272e-5,55000000
all,0.4380952380952381,1.4125e-5,56000000
all,0.4380952380952381,1.4087719298245614e-5,57000000
all,0.4380952380952381,1.4068965517241379e-5,58000000
all,0.4380952380952381,1.4101694915254237e-5,59000000
all,0.4380952380952381,1.4083333333333333e-5,60000000
all,0.4380952380952381,1.4163934426229508e-5,61000000
all,0.4380952380952381,1.414516129032258e-5,62000000
all,0.4380952380952381,1.4e-5,63000000
all,0.4380952380952381,1.4015625e-5,64000000
all,0.4380952380952381,1.4092307692307692e-5,65000000
all,0.4380952380952381,1.406060606060606e-5,66000000
all,0.4380952380952381,1.4074626865671641e-5,67000000
all,0.4380952380952381,1.4088235294117647e-5,68000000
all,0.4380952380952381,1.410144927536232e-5,69000000
all,0.4380952380952381,1.4128571428571429e-5,70000000
all,0.4380952380952381,1.4197183098591549e-5,71000000
all,0.4380952380952381,1.4208333333333333e-5,72000000
all,0.4380952380952381,1.426027397260274e-5,73000000
all,0.4380952380952381,1.4229729729729729e-5,74000000
all,0.4380952380952381,1.4293333333333333e-5,75000000
all,0.4380952380952381,1.4289473684210527e-5,76000000
all,0.4380952380952381,1.4337662337662338e-5,77000000
all,0.4380952380952381,1.4371794871794872e-5,78000000
all,0.4380952380952381,1.430379746835443e-5,79000000
all,0.4380952380952381,1.43375e-5,80000000
all,0.4380952380952381,1.4333333333333334e-5,81000000
all,0.4380952380952381,1.4304878048780488e-5,82000000
all,0.4380952380952381,1.427710843373494e-5,83000000
all,0.4380952380952381,1.425e-5,84000000
all,0.4380952380952381,1.4282352941176471e-5,85000000
all,0.4380952380952381,1.4302325581395348e-5,86000000
all,0.4380952380952381,1.4310344827586207e-5,87000000
all,0.4380952380952381,1.4329545454545454e-5,88000000
all,0.4380952380952381,1.4370786516853932e-5,89000000
all,0.4380952380952381,1.4333333333333334e-5,90000000
all,0.4380952380952381,1.4395604395604396e-5,91000000
all,0.4380952380952381,1.4358695652173914e-5,92000000
all,0.4380952380952381,1.4365591397849462e-5,93000000
all,0.4380952380952381,1.4382978723404256e-5,94000000
all,0.4380952380952381,1.4347368421052631e-5,95000000
all,0.4380952380952381,1.434375e-5,96000000
all,0.4380952380952381,1.4329896907216495e-5,97000000
all,0.4380952380952381,1.4316326530612245e-5,98000000
all,0.4380952380952381,1.4333333333333334e-5,99000000
all,0.4380952380952381,1.439e-5,100000000
