Herbivores,0.729559748427673,0.118116,1000000
Herbivores,0.729559748427673,0.117758,2000000
Herbivores,0.729559748427673,0.11787233333333333,3000000
Herbivores,0.729559748427673,0.11810125,4000000
Herbivores,0.729559748427673,0.1181018,5000000
Herbivores,0.729559748427673,0.11801716666666667,6000000
Herbivores,0.729559748427673,0.11792314285714285,7000000
Herbivores,0.729559748427673,0.117980625,8000000
Herbivores,0.729559748427673,0.117981,9000000
Herbivores,0.729559748427673,0.1179901,10000000
Herbivores,0.729559748427673,0.11795709090909091,11000000
Herbivores,0.729559748427673,0.11793791666666667,12000000
Herbivores,0.729559748427673,0.117992,13000000
Herbivores,0.729559748427673,0.1179935,14000000
Herbivores,0.729559748427673,0.11802133333333334,15000000
Herbivores,0.729559748427673,0.1180216875,16000000
Herbivores,0.729559748427673,0.11805376470588236,17000000
Herbivores,0.729559748427673,0.11807127777777777,18000000
Herbivores,0.729559748427673,0.11808757894736842,19000000
Herbivores,0.729559748427673,0.11807385,20000000
Herbivores,0.729559748427673,0.11806385714285714,21000000
Herbivores,0.729559748427673,0.11808627272727273,22000000
Herbivores,0.729559748427673,0.11808121739130435,23000000
Herbivores,0.729559748427673,0.11807116666666667,24000000
Herbivores,0.729559748427673,0.118061,25000000
Herbivores,0.729559748427673,0.1180825,26000000
Herbivores,0.729559748427673,0.11808670370370371,27000000
Herbivores,0.729559748427673,0.11809592857142857,28000000
Herbivores,0.729559748427673,0.11810648275862069,29000000
Herbivores,0.729559748427673,0.11810016666666667,30000000
Herbivores,0.729559748427673,0.11811841935483872,31000000
Herbivores,0.729559748427673,0.1181083125,32000000
Herbivores,0.729559748427673,0.11809112121212122,33000000
Herbivores,0.729559748427673,0.11809038235294117,34000000
Herbivores,0.729559748427673,0.11807274285714285,35000000
Herbivores,0.729559748427673,0.11809088888888888,36000000
Herbivores,0.729559748427673,0.11810454054054054,37000000
Herbivores,0.729559748427673,0.11810086842105263,38000000
Herbivores,0.729559748427673,0.11809679487179488,39000000
Herbivores,0.729559748427673,0.1181137,40000000
Herbivores,0.729559748427673,0.11812114634146341,41000000
Herbivores,0.729559748427673,0.11812840476190477,42000000
Herbivores,0.729559748427673,0.11813911627906977,43000000
Herbivores,0.729559748427673,0.11813518181818182,44000000
Herbivores,0.729559748427673,0.11814486666666667,45000000
Herbivores,0.729559748427673,0.11814360869565217,46000000
Herbivores,0.729559748427673,0.11813827659574468,47000000
Herbivores,0.729559748427673,0.1181338125,48000000
Herbivores,0.729559748427673,0.11812797959183674,49000000
Herbivores,0.729559748427673,0.11813442,50000000
Herbivores,0.729559748427673,0.11813482352941176,51000000
Herbivores,0.729559748427673,0.11812888461538462,52000000
Herbivores,0.729559748427673,0.11812215094339623,53000000
Herbivores,0.729559748427673,0.11812653703703704,54000000
Herbivores,0.729559748427673,0.11811632727272728,55000000
Herbivores,0.729559748427673,0.11812282142857143,56000000
Herbivores,0.729559748427673,0.11813256140350877,57000000
Herbivores,0.729559748427673,0.11813041379310345,58000000
Herbivores,0.729559748427673,0.11812394915254237,59000000
Herbivores,0.729559748427673,0.1181278,60000000
Herbivores,0.729559748427673,0.11813411475409837,61000000
Herbivores,0.729559748427673,0.11814317741935484,62000000
Herbivores,0.729559748427673,0.11815006349206349,63000000
Herbivores,0.729559748427673,0.11814434375,64000000
Herbivores,0.729559748427673,0.11814255384615385,65000000
Herbivores,0.729559748427673,0.11814137878787878,66000000
Herbivores,0.729559748427673,0.1181409552238806,67000000
Herbivores,0.729559748427673,0.118137,68000000
Herbivores,0.729559748427673,0.11813328985507246,69000000
Herbivores,0.729559748427673,0.1181334,70000000
Herbivores,0.729559748427673,0.11814076056338028,71000000
Herbivores,0.729559748427673,0.11814301388888888,72000000
Herbivores,0.729559748427673,0.11814220547945206,73000000
Herbivores,0.729559748427673,0.11814558108108109,74000000
Herbivores,0.729559748427673,0.11815118666666667,75000000
Herbivores,0.729559748427673,0.1181475,76000000
Herbivores,0.729559748427673,0.11814464935064935,77000000
Herbivores,0.729559748427673,0.11814488461538461,78000000
Herbivores,0.729559748427673,0.11814206329113924,79000000
Herbivores,0.729559748427673,0.1181345625,80000000
Herbivores,0.729559748427673,0.11813074074074074,81000000
Herbivores,0.729559748427673,0.11813340243902438,82000000
Herbivores,0.729559748427673,0.11813146987951807,83000000
Herbivores,0.729559748427673,0.11812680952380952,84000000
Herbivores,0.729559748427673,0.11812349411764705,85000000
Herbivores,0.729559748427673,0.11812138372093023,86000000
Herbivores,0.729559748427673,0.11811963218390804,87000000
Herbivores,0.729559748427673,0.11811923863636363,88000000
Herbivores,0.729559748427673,0.11811578651685394,89000000
Herbivores,0.729559748427673,0.11811507777777777,90000000
Herbivores,0.729559748427673,0.11811473626373627,91000000
Herbivores,0.729559748427673,0.11811395652173913,92000000
Herbivores,0.729559748427673,0.1181155376344086,93000000
Herbivores,0.729559748427673,0.11811331914893616,94000000
Herbivores,0.729559748427673,0.11811443157894737,95000000
Herbivores,0.729559748427673,0.11811963541666666,96000000
Herbivores,0.729559748427673,0.11812050515463918,97000000
Herbivores,0.729559748427673,0.11811797959183673,98000000
Herbivores,0.729559748427673,0.11811748484848485,99000000
Herbivores,0.729559748427673,0.11811835,100000000
