Parasites,0.46992481203007525,2.0e-6,1000000
Parasites,0.46992481203007525,1.5e-6,2000000
Parasites,0.46992481203007525,1.0e-6,3000000
Parasites,0.46992481203007525,7.5e-7,4000000
Parasites,0.46992481203007525,6.0e-7,5000000
Parasites,0.46992481203007525,6.666666666666667e-7,6000000
Parasites,0.46992481203007525,7.142857142857143e-7,7000000
Parasites,0.46992481203007525,6.25e-7,8000000
Parasites,0.46992481203007525,5.555555555555555e-7,9000000
Parasites,0.46992481203007525,6.0e-7,10000000
Parasites,0.46992481203007525,5.454545454545455e-7,11000000
Parasites,0.46992481203007525,5.0e-7,12000000
Parasites,0.46992481203007525,6.153846153846154e-7,13000000
Parasites,0.46992481203007525,5.714285714285714e-7,14000000
Parasites,0.46992481203007525,5.333333333333333e-7,15000000
Parasites,0.46992481203007525,5.0e-7,16000000
Parasites,0.46992481203007525,6.470588235294117e-7,17000000
Parasites,0.46992481203007525,6.666666666666667e-7,18000000
Parasites,0.46992481203007525,7.368421052631579e-7,19000000
Parasites,0.46992481203007525,8.5e-7,20000000
Parasites,0.46992481203007525,8.571428571428571e-7,21000000
Parasites,0.46992481203007525,9.09090909090909e-7,22000000
Parasites,0.46992481203007525,9.130434782608696e-7,23000000
Parasites,0.46992481203007525,8.75e-7,24000000
Parasites,0.46992481203007525,8.8e-7,25000000
Parasites,0.46992481203007525,8.846153846153847e-7,26000000
Parasites,0.46992481203007525,8.888888888888889e-7,27000000
Parasites,0.46992481203007525,8.571428571428571e-7,28000000
Parasites,0.46992481203007525,8.965517241379311e-7,29000000
Parasites,0.46992481203007525,9.0e-7,30000000
Parasites,0.46992481203007525,9.032258064516129e-7,31000000
Parasites,0.46992481203007525,9.0625e-7,32000000
Parasites,0.46992481203007525,8.787878787878787e-7,33000000
Parasites,0.46992481203007525,8.823529411764706e-7,34000000
Parasites,0.46992481203007525,8.857142857142857e-7,35000000
Parasites,0.46992481203007525,8.611111111111111e-7,36000000
Parasites,0.46992481203007525,8.648648648648649e-7,37000000
Parasites,0.46992481203007525,8.421052631578948e-7,38000000
Parasites,0.46992481203007525,8.461538461538462e-7,39000000
Parasites,0.46992481203007525,8.25e-7,40000000
Parasites,0.46992481203007525,8.048780487804878e-7,41000000
Parasites,0.46992481203007525,7.857142857142857e-7,42000000
Parasites,0.46992481203007525,7.674418604651162e-7,43000000
Parasites,0.46992481203007525,7.727272727272727e-7,44000000
Parasites,0.46992481203007525,7.777777777777778e-7,45000000
Parasites,0.46992481203007525,8.478260869565217e-7,46000000
Parasites,0.46992481203007525,8.297872340425532e-7,47000000
Parasites,0.46992481203007525,8.75e-7,48000000
Parasites,0.46992481203007525,8.571428571428571e-7,49000000
Parasites,0.46992481203007525,8.6e-7,50000000
Parasites,0.46992481203007525,8.823529411764706e-7,51000000
Parasites,0.46992481203007525,8.846153846153847e-7,52000000
Parasites,0.46992481203007525,8.679245283018868e-7,53000000
Parasites,0.46992481203007525,8.703703703703704e-7,54000000
Parasites,0.46992481203007525,9.09090909090909e-7,55000000
Parasites,0.46992481203007525,9.285714285714285e-7,56000000
Parasites,0.46992481203007525,9.12280701754386e-7,57000000
Parasites,0.46992481203007525,8.965517241379311e-7,58000000
Parasites,0.46992481203007525,8.983050847457627e-7,59000000
Parasites,0.46992481203007525,9.0e-7,60000000
Parasites,0.46992481203007525,9.344262295081968e-7,61000000
Parasites,0.46992481203007525,9.354838709677419e-7,62000000
Parasites,0.46992481203007525,9.365079365079365e-7,63000000
Parasites,0.46992481203007525,9.375e-7,64000000
Parasites,0.46992481203007525,9.384615384615384e-7,65000000
Parasites,0.46992481203007525,9.242424242424242e-7,66000000
Parasites,0.46992481203007525,9.104477611940299e-7,67000000
Parasites,0.46992481203007525,8.970588235294118e-7,68000000
Parasites,0.46992481203007525,8.840579710144928e-7,69000000
Parasites,0.46992481203007525,8.714285714285715e-7,70000000
Parasites,0.46992481203007525,8.732394366197183e-7,71000000
Parasites,0.46992481203007525,8.75e-7,72000000
Parasites,0.46992481203007525,8.767123287671233e-7,73000000
Parasites,0.46992481203007525,8.648648648648649e-7,74000000
Parasites,0.46992481203007525,8.666666666666667e-7,75000000
Parasites,0.46992481203007525,8.552631578947369e-7,76000000
Parasites,0.46992481203007525,8.701298701298701e-7,77000000
Parasites,0.46992481203007525,8.589743589743589e-7,78000000
Parasites,0.46992481203007525,8.481012658227848e-7,79000000
Parasites,0.46992481203007525,8.375e-7,80000000
Parasites,0.46992481203007525,8.395061728395061e-7,81000000
Parasites,0.46992481203007525,8.414634146341463e-7,82000000
Parasites,0.46992481203007525,8.433734939759036e-7,83000000
Parasites,0.46992481203007525,8.333333333333333e-7,84000000
Parasites,0.46992481203007525,8.352941176470589e-7,85000000
Parasites,0.46992481203007525,8.255813953488372e-7,86000000
Parasites,0.46992481203007525,8.275862068965517e-7,87000000
Parasites,0.46992481203007525,8.295454545454546e-7,88000000
Parasites,0.46992481203007525,8.314606741573034e-7,89000000
Parasites,0.46992481203007525,8.333333333333333e-7,90000000
Parasites,0.46992481203007525,8.351648351648351e-7,91000000
Parasites,0.46992481203007525,8.369565217391304e-7,92000000
Parasites,0.46992481203007525,8.387096774193549e-7,93000000
Parasites,0.46992481203007525,8.510638297872341e-7,94000000
Parasites,0.46992481203007525,8.526315789473684e-7,95000000
Parasites,0.46992481203007525,8.75e-7,96000000
Parasites,0.46992481203007525,8.659793814432989e-7,97000000
Parasites,0.46992481203007525,8.673469387755102e-7,98000000
Parasites,0.46992481203007525,8.585858585858586e-7,99000000
Parasites,0.46992481203007525,8.6e-7,100000000
