Primary_Producers,0.9103596349973162,0.170621,1000000
Primary_Producers,0.9103596349973162,0.1709405,2000000
Primary_Producers,0.9103596349973162,0.17109666666666667,3000000
Primary_Producers,0.9103596349973162,0.171116,4000000
Primary_Producers,0.9103596349973162,0.171081,5000000
Primary_Producers,0.9103596349973162,0.17100933333333335,6000000
Primary_Producers,0.9103596349973162,0.17112185714285713,7000000
Primary_Producers,0.9103596349973162,0.171074625,8000000
Primary_Producers,0.9103596349973162,0.17113033333333333,9000000
Primary_Producers,0.9103596349973162,0.1711481,10000000
Primary_Producers,0.9103596349973162,0.17114772727272728,11000000
Primary_Producers,0.9103596349973162,0.17114191666666667,12000000
Primary_Producers,0.9103596349973162,0.17115323076923078,13000000
Primary_Producers,0.9103596349973162,0.1711477142857143,14000000
Primary_Producers,0.9103596349973162,0.17118593333333335,15000000
Primary_Producers,0.9103596349973162,0.1711655,16000000
Primary_Producers,0.9103596349973162,0.17117982352941177,17000000
Primary_Producers,0.9103596349973162,0.17116455555555554,18000000
Primary_Producers,0.9103596349973162,0.17119152631578946,19000000
Primary_Producers,0.9103596349973162,0.17117105,20000000
Primary_Producers,0.9103596349973162,0.17111942857142856,21000000
Primary_Producers,0.9103596349973162,0.1710768181818182,22000000
Primary_Producers,0.9103596349973162,0.17109239130434784,23000000
Primary_Producers,0.9103596349973162,0.1710915,24000000
Primary_Producers,0.9103596349973162,0.17110892,25000000
Primary_Producers,0.9103596349973162,0.17111334615384616,26000000
Primary_Producers,0.9103596349973162,0.1711227037037037,27000000
Primary_Producers,0.9103596349973162,0.17112360714285715,28000000
Primary_Producers,0.9103596349973162,0.17111327586206895,29000000
Primary_Producers,0.9103596349973162,0.17111813333333334,30000000
Primary_Producers,0.9103596349973162,0.17110493548387096,31000000
Primary_Producers,0.9103596349973162,0.17109278125,32000000
Primary_Producers,0.9103596349973162,0.1710859393939394,33000000
Primary_Producers,0.9103596349973162,0.1710883823529412,34000000
Primary_Producers,0.9103596349973162,0.17109474285714285,35000000
Primary_Producers,0.9103596349973162,0.17109397222222222,36000000
Primary_Producers,0.9103596349973162,0.1710891891891892,37000000
Primary_Producers,0.9103596349973162,0.17107036842105264,38000000
Primary_Producers,0.9103596349973162,0.17107964102564102,39000000
Primary_Producers,0.9103596349973162,0.1710853,40000000
Primary_Producers,0.9103596349973162,0.17108458536585366,41000000
Primary_Producers,0.9103596349973162,0.17108319047619047,42000000
Primary_Producers,0.9103596349973162,0.17110027906976744,43000000
Primary_Producers,0.9103596349973162,0.17110306818181817,44000000
Primary_Producers,0.9103596349973162,0.1711103111111111,45000000
Primary_Producers,0.9103596349973162,0.1711170652173913,46000000
Primary_Producers,0.9103596349973162,0.17111482978723405,47000000
Primary_Producers,0.9103596349973162,0.17111766666666667,48000000
Primary_Producers,0.9103596349973162,0.1711171224489796,49000000
Primary_Producers,0.9103596349973162,0.17111854,50000000
Primary_Producers,0.9103596349973162,0.17110992156862745,51000000
Primary_Producers,0.9103596349973162,0.17110825,52000000
Primary_Producers,0.9103596349973162,0.1711122830188679,53000000
Primary_Producers,0.9103596349973162,0.17111364814814814,54000000
Primary_Producers,0.9103596349973162,0.171118,55000000
Primary_Producers,0.9103596349973162,0.17111394642857142,56000000
Primary_Producers,0.9103596349973162,0.17111864912280703,57000000
Primary_Producers,0.9103596349973162,0.1711115,58000000
Primary_Producers,0.9103596349973162,0.17111038983050847,59000000
Primary_Producers,0.9103596349973162,0.17111388333333333,60000000
Primary_Producers,0.9103596349973162,0.1711093606557377,61000000
Primary_Producers,0.9103596349973162,0.17111427419354838,62000000
Primary_Producers,0.9103596349973162,0.17112544444444444,63000000
Primary_Producers,0.9103596349973162,0.171129328125,64000000
Primary_Producers,0.9103596349973162,0.17112755384615386,65000000
Primary_Producers,0.9103596349973162,0.1711252878787879,66000000
Primary_Producers,0.9103596349973162,0.171127,67000000
Primary_Producers,0.9103596349973162,0.17113664705882353,68000000
Primary_Producers,0.9103596349973162,0.17114440579710144,69000000
Primary_Producers,0.9103596349973162,0.17113761428571428,70000000
Primary_Producers,0.9103596349973162,0.17113791549295776,71000000
Primary_Producers,0.9103596349973162,0.17113075,72000000
Primary_Producers,0.9103596349973162,0.171129,73000000
Primary_Producers,0.9103596349973162,0.17113306756756758,74000000
Primary_Producers,0.9103596349973162,0.17112764,75000000
Primary_Producers,0.9103596349973162,0.17113063157894737,76000000
Primary_Producers,0.9103596349973162,0.17113053246753246,77000000
Primary_Producers,0.9103596349973162,0.17112446153846153,78000000
Primary_Producers,0.9103596349973162,0.17112388607594936,79000000
Primary_Producers,0.9103596349973162,0.171121125,80000000
Primary_Producers,0.9103596349973162,0.17111601234567902,81000000
Primary_Producers,0.9103596349973162,0.1711136951219512,82000000
Primary_Producers,0.9103596349973162,0.17110772289156626,83000000
Primary_Producers,0.9103596349973162,0.17110932142857144,84000000
Primary_Producers,0.9103596349973162,0.1711122,85000000
Primary_Producers,0.9103596349973162,0.17110466279069766,86000000
Primary_Producers,0.9103596349973162,0.17110291954022988,87000000
Primary_Producers,0.9103596349973162,0.17109088636363637,88000000
Primary_Producers,0.9103596349973162,0.17109031460674157,89000000
Primary_Producers,0.9103596349973162,0.1710905888888889,90000000
Primary_Producers,0.9103596349973162,0.17109245054945055,91000000
Primary_Producers,0.9103596349973162,0.17109422826086956,92000000
Primary_Producers,0.9103596349973162,0.1710953548387097,93000000
Primary_Producers,0.9103596349973162,0.17108935106382978,94000000
Primary_Producers,0.9103596349973162,0.17108462105263159,95000000
Primary_Producers,0.9103596349973162,0.17108197916666668,96000000
Primary_Producers,0.9103596349973162,0.17108142268041238,97000000
Primary_Producers,0.9103596349973162,0.17107883673469387,98000000
Primary_Producers,0.9103596349973162,0.1710742222222222,99000000
Primary_Producers,0.9103596349973162,0.17107417,100000000
