Herbivores,0.3471400394477317,0.122974,1000000
Herbivores,0.3471400394477317,0.122873,2000000
Herbivores,0.3471400394477317,0.12300433333333333,3000000
Herbivores,0.3471400394477317,0.123062,4000000
Herbivores,0.3471400394477317,0.1229982,5000000
Herbivores,0.3471400394477317,0.1230395,6000000
Herbivores,0.3471400394477317,0.12305485714285715,7000000
Herbivores,0.3471400394477317,0.123046625,8000000
Herbivores,0.3471400394477317,0.12300733333333333,9000000
Herbivores,0.3471400394477317,0.1230601,10000000
Herbivores,0.3471400394477317,0.12303972727272727,11000000
Herbivores,0.3471400394477317,0.12305416666666667,12000000
Herbivores,0.3471400394477317,0.12306046153846154,13000000
Herbivores,0.3471400394477317,0.12307671428571429,14000000
Herbivores,0.3471400394477317,0.12310513333333334,15000000
Herbivores,0.3471400394477317,0.123076,16000000
Herbivores,0.3471400394477317,0.12306635294117647,17000000
Herbivores,0.3471400394477317,0.12305783333333334,18000000
Herbivores,0.3471400394477317,0.1230737894736842,19000000
Herbivores,0.3471400394477317,0.1230506,20000000
Herbivores,0.3471400394477317,0.12304695238095238,21000000
Herbivores,0.3471400394477317,0.12303709090909092,22000000
Herbivores,0.3471400394477317,0.12301269565217392,23000000
Herbivores,0.3471400394477317,0.12301629166666667,24000000
Herbivores,0.3471400394477317,0.1229972,25000000
Herbivores,0.3471400394477317,0.12300523076923077,26000000
Herbivores,0.3471400394477317,0.12301611111111112,27000000
Herbivores,0.3471400394477317,0.12301628571428572,28000000
Herbivores,0.3471400394477317,0.12301310344827586,29000000
Herbivores,0.3471400394477317,0.12303093333333333,30000000
Herbivores,0.3471400394477317,0.12304061290322581,31000000
Herbivores,0.3471400394477317,0.12304615625,32000000
Herbivores,0.3471400394477317,0.12303769696969696,33000000
Herbivores,0.3471400394477317,0.1230290294117647,34000000
Herbivores,0.3471400394477317,0.12301517142857143,35000000
Herbivores,0.3471400394477317,0.12301655555555556,36000000
Herbivores,0.3471400394477317,0.1230028918918919,37000000
Herbivores,0.3471400394477317,0.12300763157894737,38000000
Herbivores,0.3471400394477317,0.1230117435897436,39000000
Herbivores,0.3471400394477317,0.12301565,40000000
Herbivores,0.3471400394477317,0.12300731707317074,41000000
Herbivores,0.3471400394477317,0.12301633333333334,42000000
Herbivores,0.3471400394477317,0.12301913953488372,43000000
Herbivores,0.3471400394477317,0.12300113636363637,44000000
Herbivores,0.3471400394477317,0.12301588888888888,45000000
Herbivores,0.3471400394477317,0.12302382608695653,46000000
Herbivores,0.3471400394477317,0.12302751063829787,47000000
Herbivores,0.3471400394477317,0.12301527083333333,48000000
Herbivores,0.3471400394477317,0.1230128775510204,49000000
Herbivores,0.3471400394477317,0.12301402,50000000
Herbivores,0.3471400394477317,0.1230116862745098,51000000
Herbivores,0.3471400394477317,0.12301430769230769,52000000
Herbivores,0.3471400394477317,0.12300643396226416,53000000
Herbivores,0.3471400394477317,0.12300105555555556,54000000
Herbivores,0.3471400394477317,0.12300478181818182,55000000
Herbivores,0.3471400394477317,0.123012875,56000000
Herbivores,0.3471400394477317,0.12301717543859648,57000000
Herbivores,0.3471400394477317,0.12301827586206897,58000000
Herbivores,0.3471400394477317,0.12301705084745762,59000000
Herbivores,0.3471400394477317,0.1230133,60000000
Herbivores,0.3471400394477317,0.12301019672131147,61000000
Herbivores,0.3471400394477317,0.12301620967741936,62000000
Herbivores,0.3471400394477317,0.12301709523809524,63000000
Herbivores,0.3471400394477317,0.123022,64000000
Herbivores,0.3471400394477317,0.12302007692307693,65000000
Herbivores,0.3471400394477317,0.12302093939393939,66000000
Herbivores,0.3471400394477317,0.12302077611940299,67000000
Herbivores,0.3471400394477317,0.12300782352941177,68000000
Herbivores,0.3471400394477317,0.1230102463768116,69000000
Herbivores,0.3471400394477317,0.12301507142857143,70000000
Herbivores,0.3471400394477317,0.12302014084507042,71000000
Herbivores,0.3471400394477317,0.12301125,72000000
Herbivores,0.3471400394477317,0.12301209589041096,73000000
Herbivores,0.3471400394477317,0.12301678378378378,74000000
Herbivores,0.3471400394477317,0.12302230666666666,75000000
Herbivores,0.3471400394477317,0.12302509210526316,76000000
Herbivores,0.3471400394477317,0.12302803896103896,77000000
Herbivores,0.3471400394477317,0.12302455128205128,78000000
Herbivores,0.3471400394477317,0.12301907594936709,79000000
Herbivores,0.3471400394477317,0.12301405,80000000
Herbivores,0.3471400394477317,0.1230122962962963,81000000
Herbivores,0.3471400394477317,0.12300686585365854,82000000
Herbivores,0.3471400394477317,0.12301096385542169,83000000
Herbivores,0.3471400394477317,0.12301302380952381,84000000
Herbivores,0.3471400394477317,0.12300828235294117,85000000
Herbivores,0.3471400394477317,0.12300801162790698,86000000
Herbivores,0.3471400394477317,0.12300947126436781,87000000
Herbivores,0.3471400394477317,0.12300855681818182,88000000
Herbivores,0.3471400394477317,0.12300352808988764,89000000
Herbivores,0.3471400394477317,0.1230029,90000000
Herbivores,0.3471400394477317,0.12300879120879121,91000000
Herbivores,0.3471400394477317,0.1230094347826087,92000000
Herbivores,0.3471400394477317,0.12300830107526882,93000000
Herbivores,0.3471400394477317,0.12300524468085107,94000000
Herbivores,0.3471400394477317,0.1230028,95000000
Herbivores,0.3471400394477317,0.12300178125,96000000
Herbivores,0.3471400394477317,0.12300123711340206,97000000
Herbivores,0.3471400394477317,0.1229960918367347,98000000
Herbivores,0.3471400394477317,0.12300113131313131,99000000
Herbivores,0.3471400394477317,0.12299969,100000000
