Herbivores,0.7974616604970914,0.956082,1000000
Herbivores,0.7974616604970914,0.9561265,2000000
Herbivores,0.7974616604970914,0.956162,3000000
Herbivores,0.7974616604970914,0.95623225,4000000
Herbivores,0.7974616604970914,0.9562668,5000000
Herbivores,0.7974616604970914,0.9563156666666667,6000000
Herbivores,0.7974616604970914,0.9563054285714285,7000000
Herbivores,0.7974616604970914,0.956256875,8000000
Herbivores,0.7974616604970914,0.9562455555555556,9000000
Herbivores,0.7974616604970914,0.9562321,10000000
Herbivores,0.7974616604970914,0.9562127272727273,11000000
Herbivores,0.7974616604970914,0.95618975,12000000
Herbivores,0.7974616604970914,0.9561680769230769,13000000
Herbivores,0.7974616604970914,0.9561612857142857,14000000
Herbivores,0.7974616604970914,0.9561544666666667,15000000
Herbivores,0.7974616604970914,0.9561443125,16000000
Herbivores,0.7974616604970914,0.9561617058823529,17000000
Herbivores,0.7974616604970914,0.9561741666666667,18000000
Herbivores,0.7974616604970914,0.9561691052631579,19000000
Herbivores,0.7974616604970914,0.95615405,20000000
Herbivores,0.7974616604970914,0.9561730476190476,21000000
Herbivores,0.7974616604970914,0.9561545909090909,22000000
Herbivores,0.7974616604970914,0.9561508695652174,23000000
Herbivores,0.7974616604970914,0.9561319166666666,24000000
Herbivores,0.7974616604970914,0.95612636,25000000
Herbivores,0.7974616604970914,0.9561323846153846,26000000
Herbivores,0.7974616604970914,0.956141037037037,27000000
Herbivores,0.7974616604970914,0.9561486785714286,28000000
Herbivores,0.7974616604970914,0.9561535172413793,29000000
Herbivores,0.7974616604970914,0.9561498666666667,30000000
Herbivores,0.7974616604970914,0.9561561612903225,31000000
Herbivores,0.7974616604970914,0.95615775,32000000
Herbivores,0.7974616604970914,0.9561526363636363,33000000
Herbivores,0.7974616604970914,0.9561542058823529,34000000
Herbivores,0.7974616604970914,0.9561609714285715,35000000
Herbivores,0.7974616604970914,0.9561708333333333,36000000
Herbivores,0.7974616604970914,0.9561695135135135,37000000
Herbivores,0.7974616604970914,0.9561615263157894,38000000
Herbivores,0.7974616604970914,0.9561582820512821,39000000
Herbivores,0.7974616604970914,0.95616005,40000000
Herbivores,0.7974616604970914,0.9561497317073171,41000000
Herbivores,0.7974616604970914,0.9561444761904762,42000000
Herbivores,0.7974616604970914,0.956141,43000000
Herbivores,0.7974616604970914,0.9561462727272727,44000000
Herbivores,0.7974616604970914,0.9561436888888889,45000000
Herbivores,0.7974616604970914,0.9561416956521739,46000000
Herbivores,0.7974616604970914,0.9561430212765958,47000000
Herbivores,0.7974616604970914,0.9561542083333333,48000000
Herbivores,0.7974616604970914,0.9561554081632653,49000000
Herbivores,0.7974616604970914,0.9561518,50000000
Herbivores,0.7974616604970914,0.9561468823529412,51000000
Herbivores,0.7974616604970914,0.9561494038461539,52000000
Herbivores,0.7974616604970914,0.956150962264151,53000000
Herbivores,0.7974616604970914,0.956152462962963,54000000
Herbivores,0.7974616604970914,0.9561514545454546,55000000
Herbivores,0.7974616604970914,0.9561518035714286,56000000
Herbivores,0.7974616604970914,0.9561568947368421,57000000
Herbivores,0.7974616604970914,0.956151724137931,58000000
Herbivores,0.7974616604970914,0.9561522033898305,59000000
Herbivores,0.7974616604970914,0.9561498833333333,60000000
Herbivores,0.7974616604970914,0.956151475409836,61000000
Herbivores,0.7974616604970914,0.9561496935483871,62000000
Herbivores,0.7974616604970914,0.9561451111111111,63000000
Herbivores,0.7974616604970914,0.956149734375,64000000
Herbivores,0.7974616604970914,0.9561447384615385,65000000
Herbivores,0.7974616604970914,0.9561445151515151,66000000
Herbivores,0.7974616604970914,0.956147119402985,67000000
Herbivores,0.7974616604970914,0.9561471176470588,68000000
Herbivores,0.7974616604970914,0.9561538550724638,69000000
Herbivores,0.7974616604970914,0.9561558142857143,70000000
Herbivores,0.7974616604970914,0.9561524084507043,71000000
Herbivores,0.7974616604970914,0.9561504722222223,72000000
Herbivores,0.7974616604970914,0.9561540684931507,73000000
Herbivores,0.7974616604970914,0.956153054054054,74000000
Herbivores,0.7974616604970914,0.9561528533333333,75000000
Herbivores,0.7974616604970914,0.9561478157894737,76000000
Herbivores,0.7974616604970914,0.9561494415584415,77000000
Herbivores,0.7974616604970914,0.9561506923076923,78000000
Herbivores,0.7974616604970914,0.9561551518987341,79000000
Herbivores,0.7974616604970914,0.956152675,80000000
Herbivores,0.7974616604970914,0.9561541851851851,81000000
Herbivores,0.7974616604970914,0.9561589512195122,82000000
Herbivores,0.7974616604970914,0.9561605180722892,83000000
Herbivores,0.7974616604970914,0.9561577857142857,84000000
Herbivores,0.7974616604970914,0.9561589764705882,85000000
Herbivores,0.7974616604970914,0.9561565,86000000
Herbivores,0.7974616604970914,0.9561589770114942,87000000
Herbivores,0.7974616604970914,0.9561591590909091,88000000
Herbivores,0.7974616604970914,0.9561575168539326,89000000
Herbivores,0.7974616604970914,0.9561609444444444,90000000
Herbivores,0.7974616604970914,0.9561604615384616,91000000
Herbivores,0.7974616604970914,0.9561629239130435,92000000
Herbivores,0.7974616604970914,0.9561619462365591,93000000
Herbivores,0.7974616604970914,0.9561607765957447,94000000
Herbivores,0.7974616604970914,0.9561599894736842,95000000
Herbivores,0.7974616604970914,0.95616075,96000000
Herbivores,0.7974616604970914,0.956158587628866,97000000
Herbivores,0.7974616604970914,0.9561595306122449,98000000
Herbivores,0.7974616604970914,0.9561604141414142,99000000
Herbivores,0.7974616604970914,0.95616034,100000000
