Consumers,0.42293233082706766,1.0e-6,1000000
Consumers,0.42293233082706766,5.0e-7,2000000
Consumers,0.42293233082706766,6.666666666666667e-7,3000000
Consumers,0.42293233082706766,5.0e-7,4000000
Consumers,0.42293233082706766,4.0e-7,5000000
Consumers,0.42293233082706766,5.0e-7,6000000
Consumers,0.42293233082706766,4.2857142857142857e-7,7000000
Consumers,0.42293233082706766,3.75e-7,8000000
Consumers,0.42293233082706766,3.3333333333333335e-7,9000000
Consumers,0.42293233082706766,4.0e-7,10000000
Consumers,0.42293233082706766,3.6363636363636366e-7,11000000
Consumers,0.42293233082706766,3.3333333333333335e-7,12000000
Consumers,0.42293233082706766,3.8461538461538463e-7,13000000
Consumers,0.42293233082706766,3.5714285714285716e-7,14000000
Consumers,0.42293233082706766,3.3333333333333335e-7,15000000
Consumers,0.42293233082706766,3.75e-7,16000000
Consumers,0.42293233082706766,3.529411764705882e-7,17000000
Consumers,0.42293233082706766,3.3333333333333335e-7,18000000
Consumers,0.42293233082706766,3.6842105263157896e-7,19000000
Consumers,0.42293233082706766,3.5e-7,20000000
Consumers,0.42293233082706766,3.3333333333333335e-7,21000000
Consumers,0.42293233082706766,3.181818181818182e-7,22000000
Consumers,0.42293233082706766,3.043478260869565e-7,23000000
Consumers,0.42293233082706766,3.3333333333333335e-7,24000000
Consumers,0.42293233082706766,3.2e-7,25000000
Consumers,0.42293233082706766,3.076923076923077e-7,26000000
Consumers,0.42293233082706766,2.962962962962963e-7,27000000
Consumers,0.42293233082706766,3.2142857142857145e-7,28000000
Consumers,0.42293233082706766,3.103448275862069e-7,29000000
Consumers,0.42293233082706766,3.3333333333333335e-7,30000000
Consumers,0.42293233082706766,3.225806451612903e-7,31000000
Consumers,0.42293233082706766,3.125e-7,32000000
Consumers,0.42293233082706766,3.0303030303030305e-7,33000000
Consumers,0.42293233082706766,2.941176470588235e-7,34000000
Consumers,0.42293233082706766,2.857142857142857e-7,35000000
Consumers,0.42293233082706766,2.7777777777777776e-7,36000000
Consumers,0.42293233082706766,2.702702702702703e-7,37000000
Consumers,0.42293233082706766,2.631578947368421e-7,38000000
Consumers,0.42293233082706766,2.8205128205128203e-7,39000000
Consumers,0.42293233082706766,2.75e-7,40000000
Consumers,0.42293233082706766,2.926829268292683e-7,41000000
Consumers,0.42293233082706766,3.0952380952380955e-7,42000000
Consumers,0.42293233082706766,3.0232558139534886e-7,43000000
Consumers,0.42293233082706766,2.9545454545454545e-7,44000000
Consumers,0.42293233082706766,3.111111111111111e-7,45000000
Consumers,0.42293233082706766,3.4782608695652175e-7,46000000
Consumers,0.42293233082706766,3.404255319148936e-7,47000000
Consumers,0.42293233082706766,3.75e-7,48000000
Consumers,0.42293233082706766,3.673469387755102e-7,49000000
Consumers,0.42293233082706766,3.6e-7,50000000
Consumers,0.42293233082706766,3.7254901960784315e-7,51000000
Consumers,0.42293233082706766,4.0384615384615386e-7,52000000
Consumers,0.42293233082706766,3.9622641509433963e-7,53000000
Consumers,0.42293233082706766,4.074074074074074e-7,54000000
Consumers,0.42293233082706766,4.0e-7,55000000
Consumers,0.42293233082706766,4.2857142857142857e-7,56000000
Consumers,0.42293233082706766,4.210526315789474e-7,57000000
Consumers,0.42293233082706766,4.1379310344827586e-7,58000000
Consumers,0.42293233082706766,4.2372881355932204e-7,59000000
Consumers,0.42293233082706766,4.1666666666666667e-7,60000000
Consumers,0.42293233082706766,4.0983606557377047e-7,61000000
Consumers,0.42293233082706766,4.032258064516129e-7,62000000
Consumers,0.42293233082706766,3.9682539682539683e-7,63000000
Consumers,0.42293233082706766,4.0625e-7,64000000
Consumers,0.42293233082706766,4.0e-7,65000000
Consumers,0.42293233082706766,3.9393939393939396e-7,66000000
Consumers,0.42293233082706766,4.029850746268657e-7,67000000
Consumers,0.42293233082706766,3.9705882352941174e-7,68000000
Consumers,0.42293233082706766,3.9130434782608694e-7,69000000
Consumers,0.42293233082706766,3.857142857142857e-7,70000000
Consumers,0.42293233082706766,4.084507042253521e-7,71000000
Consumers,0.42293233082706766,4.027777777777778e-7,72000000
Consumers,0.42293233082706766,3.9726027397260276e-7,73000000
Consumers,0.42293233082706766,3.918918918918919e-7,74000000
Consumers,0.42293233082706766,4.0e-7,75000000
Consumers,0.42293233082706766,4.078947368421053e-7,76000000
Consumers,0.42293233082706766,4.025974025974026e-7,77000000
Consumers,0.42293233082706766,3.9743589743589743e-7,78000000
Consumers,0.42293233082706766,3.9240506329113924e-7,79000000
Consumers,0.42293233082706766,4.0e-7,80000000
Consumers,0.42293233082706766,4.074074074074074e-7,81000000
Consumers,0.42293233082706766,4.146341463414634e-7,82000000
Consumers,0.42293233082706766,4.096385542168675e-7,83000000
Consumers,0.42293233082706766,4.0476190476190476e-7,84000000
Consumers,0.42293233082706766,4.2352941176470586e-7,85000000
Consumers,0.42293233082706766,4.186046511627907e-7,86000000
Consumers,0.42293233082706766,4.2528735632183907e-7,87000000
Consumers,0.42293233082706766,4.318181818181818e-7,88000000
Consumers,0.42293233082706766,4.382022471910112e-7,89000000
Consumers,0.42293233082706766,4.3333333333333335e-7,90000000
Consumers,0.42293233082706766,4.3956043956043957e-7,91000000
Consumers,0.42293233082706766,4.4565217391304346e-7,92000000
Consumers,0.42293233082706766,4.4086021505376344e-7,93000000
Consumers,0.42293233082706766,4.468085106382979e-7,94000000
Consumers,0.42293233082706766,4.526315789473684e-7,95000000
Consumers,0.42293233082706766,4.479166666666667e-7,96000000
Consumers,0.42293233082706766,4.4329896907216496e-7,97000000
Consumers,0.42293233082706766,4.489795918367347e-7,98000000
Consumers,0.42293233082706766,4.4444444444444444e-7,99000000
Consumers,0.42293233082706766,4.4e-7,100000000
