Primary_Producers,0.5,0.986891,1000000
Primary_Producers,0.5,0.986864,2000000
Primary_Producers,0.5,0.9869826666666667,3000000
Primary_Producers,0.5,0.986961,4000000
Primary_Producers,0.5,0.9869904,5000000
Primary_Producers,0.5,0.9869608333333333,6000000
Primary_Producers,0.5,0.9869754285714286,7000000
Primary_Producers,0.5,0.986963875,8000000
Primary_Producers,0.5,0.9869632222222222,9000000
Primary_Producers,0.5,0.9869875,10000000
Primary_Producers,0.5,0.9870078181818182,11000000
Primary_Producers,0.5,0.98701275,12000000
Primary_Producers,0.5,0.9870128461538461,13000000
Primary_Producers,0.5,0.9870087857142857,14000000
Primary_Producers,0.5,0.9870413333333333,15000000
Primary_Producers,0.5,0.98704325,16000000
Primary_Producers,0.5,0.9870493529411765,17000000
Primary_Producers,0.5,0.9870457222222222,18000000
Primary_Producers,0.5,0.9870525263157894,19000000
Primary_Producers,0.5,0.9870523,20000000
Primary_Producers,0.5,0.9870426666666666,21000000
Primary_Producers,0.5,0.9870469090909091,22000000
Primary_Producers,0.5,0.9870497391304348,23000000
Primary_Producers,0.5,0.9870558333333334,24000000
Primary_Producers,0.5,0.98705904,25000000
Primary_Producers,0.5,0.9870594615384616,26000000
Primary_Producers,0.5,0.9870497777777778,27000000
Primary_Producers,0.5,0.98704625,28000000
Primary_Producers,0.5,0.9870448620689655,29000000
Primary_Producers,0.5,0.9870381333333333,30000000
Primary_Producers,0.5,0.9870406774193549,31000000
Primary_Producers,0.5,0.9870431875,32000000
Primary_Producers,0.5,0.9870433636363637,33000000
Primary_Producers,0.5,0.987040294117647,34000000
Primary_Producers,0.5,0.9870397428571429,35000000
Primary_Producers,0.5,0.9870401666666667,36000000
Primary_Producers,0.5,0.9870365135135135,37000000
Primary_Producers,0.5,0.9870366052631578,38000000
Primary_Producers,0.5,0.9870377435897436,39000000
Primary_Producers,0.5,0.987036775,40000000
Primary_Producers,0.5,0.9870382682926829,41000000
Primary_Producers,0.5,0.9870373333333333,42000000
Primary_Producers,0.5,0.9870322093023256,43000000
Primary_Producers,0.5,0.9870311363636364,44000000
Primary_Producers,0.5,0.9870283555555556,45000000
Primary_Producers,0.5,0.9870243043478261,46000000
Primary_Producers,0.5,0.9870261489361702,47000000
Primary_Producers,0.5,0.9870277083333333,48000000
Primary_Producers,0.5,0.9870274489795918,49000000
Primary_Producers,0.5,0.9870245,50000000
Primary_Producers,0.5,0.9870244509803922,51000000
Primary_Producers,0.5,0.9870271346153846,52000000
Primary_Producers,0.5,0.9870287358490566,53000000
Primary_Producers,0.5,0.9870272407407408,54000000
Primary_Producers,0.5,0.9870269636363637,55000000
Primary_Producers,0.5,0.9870305714285714,56000000
Primary_Producers,0.5,0.9870315614035088,57000000
Primary_Producers,0.5,0.9870317413793104,58000000
Primary_Producers,0.5,0.9870327457627118,59000000
Primary_Producers,0.5,0.98703145,60000000
Primary_Producers,0.5,0.9870317704918032,61000000
Primary_Producers,0.5,0.9870334032258065,62000000
Primary_Producers,0.5,0.9870358253968254,63000000
Primary_Producers,0.5,0.987036734375,64000000
Primary_Producers,0.5,0.9870377230769231,65000000
Primary_Producers,0.5,0.9870382424242424,66000000
Primary_Producers,0.5,0.9870391044776119,67000000
Primary_Producers,0.5,0.9870393529411765,68000000
Primary_Producers,0.5,0.9870396666666666,69000000
Primary_Producers,0.5,0.9870392428571428,70000000
Primary_Producers,0.5,0.9870411549295774,71000000
Primary_Producers,0.5,0.9870438472222223,72000000
Primary_Producers,0.5,0.9870445479452055,73000000
Primary_Producers,0.5,0.9870431756756757,74000000
Primary_Producers,0.5,0.9870413866666666,75000000
Primary_Producers,0.5,0.9870400789473684,76000000
Primary_Producers,0.5,0.9870392337662338,77000000
Primary_Producers,0.5,0.987039217948718,78000000
Primary_Producers,0.5,0.9870377594936709,79000000
Primary_Producers,0.5,0.9870384375,80000000
Primary_Producers,0.5,0.9870361604938271,81000000
Primary_Producers,0.5,0.9870353902439024,82000000
Primary_Producers,0.5,0.9870339397590362,83000000
Primary_Producers,0.5,0.9870367976190476,84000000
Primary_Producers,0.5,0.9870362352941177,85000000
Primary_Producers,0.5,0.9870336976744186,86000000
Primary_Producers,0.5,0.9870341609195402,87000000
Primary_Producers,0.5,0.9870343522727273,88000000
Primary_Producers,0.5,0.9870324719101123,89000000
Primary_Producers,0.5,0.9870320333333333,90000000
Primary_Producers,0.5,0.9870331538461539,91000000
Primary_Producers,0.5,0.9870340434782608,92000000
Primary_Producers,0.5,0.9870358172043011,93000000
Primary_Producers,0.5,0.9870363936170212,94000000
Primary_Producers,0.5,0.9870346631578948,95000000
Primary_Producers,0.5,0.98703540625,96000000
Primary_Producers,0.5,0.9870367010309279,97000000
Primary_Producers,0.5,0.9870364897959184,98000000
Primary_Producers,0.5,0.9870373434343435,99000000
Primary_Producers,0.5,0.98703823,100000000
