Primary_Producers,0.75,0.08504,1000000
Primary_Producers,0.75,0.085229,2000000
Primary_Producers,0.75,0.08512966666666667,3000000
Primary_Producers,0.75,0.085047,4000000
Primary_Producers,0.75,0.0850944,5000000
Primary_Producers,0.75,0.08510666666666666,6000000
Primary_Producers,0.75,0.08517671428571429,7000000
Primary_Producers,0.75,0.08517975,8000000
Primary_Producers,0.75,0.08519133333333333,9000000
Primary_Producers,0.75,0.0851975,10000000
Primary_Producers,0.75,0.08516045454545454,11000000
Primary_Producers,0.75,0.08517041666666667,12000000
Primary_Producers,0.75,0.08516238461538461,13000000
Primary_Producers,0.75,0.08511992857142857,14000000
Primary_Producers,0.75,0.08515953333333333,15000000
Primary_Producers,0.75,0.0851485625,16000000
Primary_Producers,0.75,0.08517894117647058,17000000
Primary_Producers,0.75,0.085206,18000000
Primary_Producers,0.75,0.08520868421052631,19000000
Primary_Producers,0.75,0.08520165,20000000
Primary_Producers,0.75,0.08521080952380952,21000000
Primary_Producers,0.75,0.08520486363636363,22000000
Primary_Producers,0.75,0.08519947826086957,23000000
Primary_Producers,0.75,0.08518075,24000000
Primary_Producers,0.75,0.08518152,25000000
Primary_Producers,0.75,0.08519396153846154,26000000
Primary_Producers,0.75,0.08518977777777778,27000000
Primary_Producers,0.75,0.08517271428571428,28000000
Primary_Producers,0.75,0.0851741724137931,29000000
Primary_Producers,0.75,0.0851658,30000000
Primary_Producers,0.75,0.08517887096774193,31000000
Primary_Producers,0.75,0.08518503125,32000000
Primary_Producers,0.75,0.08519754545454546,33000000
Primary_Producers,0.75,0.08519935294117648,34000000
Primary_Producers,0.75,0.08521034285714285,35000000
Primary_Producers,0.75,0.08521311111111111,36000000
Primary_Producers,0.75,0.08520602702702702,37000000
Primary_Producers,0.75,0.0852192894736842,38000000
Primary_Producers,0.75,0.08520733333333333,39000000
Primary_Producers,0.75,0.085202,40000000
Primary_Producers,0.75,0.08519543902439024,41000000
Primary_Producers,0.75,0.08519588095238095,42000000
Primary_Producers,0.75,0.08519139534883721,43000000
Primary_Producers,0.75,0.08518845454545454,44000000
Primary_Producers,0.75,0.08519051111111112,45000000
Primary_Producers,0.75,0.08517839130434783,46000000
Primary_Producers,0.75,0.08518163829787234,47000000
Primary_Producers,0.75,0.08518410416666666,48000000
Primary_Producers,0.75,0.0851785306122449,49000000
Primary_Producers,0.75,0.0851717,50000000
Primary_Producers,0.75,0.08517660784313726,51000000
Primary_Producers,0.75,0.08516963461538461,52000000
Primary_Producers,0.75,0.08517758490566038,53000000
Primary_Producers,0.75,0.0851822037037037,54000000
Primary_Producers,0.75,0.08518627272727272,55000000
Primary_Producers,0.75,0.08518,56000000
Primary_Producers,0.75,0.08517956140350877,57000000
Primary_Producers,0.75,0.08518215517241379,58000000
Primary_Producers,0.75,0.08519066101694915,59000000
Primary_Producers,0.75,0.08519585,60000000
Primary_Producers,0.75,0.0852020655737705,61000000
Primary_Producers,0.75,0.08520424193548387,62000000
Primary_Producers,0.75,0.08519446031746032,63000000
Primary_Producers,0.75,0.08519040625,64000000
Primary_Producers,0.75,0.08519467692307692,65000000
Primary_Producers,0.75,0.085195,66000000
Primary_Producers,0.75,0.08520216417910448,67000000
Primary_Producers,0.75,0.08520783823529411,68000000
Primary_Producers,0.75,0.0852091304347826,69000000
Primary_Producers,0.75,0.08520758571428572,70000000
Primary_Producers,0.75,0.08520677464788733,71000000
Primary_Producers,0.75,0.08520827777777777,72000000
Primary_Producers,0.75,0.08521410958904109,73000000
Primary_Producers,0.75,0.08521221621621622,74000000
Primary_Producers,0.75,0.08521825333333333,75000000
Primary_Producers,0.75,0.08521369736842105,76000000
Primary_Producers,0.75,0.08521287012987012,77000000
Primary_Producers,0.75,0.08521117948717949,78000000
Primary_Producers,0.75,0.08520478481012658,79000000
Primary_Producers,0.75,0.0852043375,80000000
Primary_Producers,0.75,0.08520158024691359,81000000
Primary_Producers,0.75,0.08520709756097561,82000000
Primary_Producers,0.75,0.08520831325301205,83000000
Primary_Producers,0.75,0.08521304761904762,84000000
Primary_Producers,0.75,0.08521743529411764,85000000
Primary_Producers,0.75,0.08522634883720931,86000000
Primary_Producers,0.75,0.08522852873563218,87000000
Primary_Producers,0.75,0.08523304545454545,88000000
Primary_Producers,0.75,0.08523411235955056,89000000
Primary_Producers,0.75,0.08524023333333333,90000000
Primary_Producers,0.75,0.08524120879120879,91000000
Primary_Producers,0.75,0.08524534782608696,92000000
Primary_Producers,0.75,0.08524566666666666,93000000
Primary_Producers,0.75,0.08525045744680851,94000000
Primary_Producers,0.75,0.08524631578947368,95000000
Primary_Producers,0.75,0.08524441666666667,96000000
Primary_Producers,0.75,0.08524624742268042,97000000
Primary_Producers,0.75,0.08524483673469388,98000000
Primary_Producers,0.75,0.08524758585858586,99000000
Primary_Producers,0.75,0.08525275,100000000
