all,0.21575885774722367,0.999395,1000000
all,0.21575885774722367,0.9993995,2000000
all,0.21575885774722367,0.9993906666666666,3000000
all,0.21575885774722367,0.9994045,4000000
all,0.21575885774722367,0.9993988,5000000
all,0.21575885774722367,0.9994066666666667,6000000
all,0.21575885774722367,0.9994005714285714,7000000
all,0.21575885774722367,0.999398375,8000000
all,0.21575885774722367,0.9993987777777777,9000000
all,0.21575885774722367,0.9993986,10000000
all,0.21575885774722367,0.9994008181818181,11000000
all,0.21575885774722367,0.99940225,12000000
all,0.21575885774722367,0.9994024615384616,13000000
all,0.21575885774722367,0.9993996428571429,14000000
all,0.21575885774722367,0.9994012666666666,15000000
all,0.21575885774722367,0.9994015,16000000
all,0.21575885774722367,0.9994005294117647,17000000
all,0.21575885774722367,0.9994008888888889,18000000
all,0.21575885774722367,0.9994000526315789,19000000
all,0.21575885774722367,0.99939925,20000000
all,0.21575885774722367,0.9993998095238096,21000000
all,0.21575885774722367,0.9994003636363636,22000000
all,0.21575885774722367,0.999401,23000000
all,0.21575885774722367,0.9994026666666667,24000000
all,0.21575885774722367,0.99940308,25000000
all,0.21575885774722367,0.9994033846153846,26000000
all,0.21575885774722367,0.9994046666666667,27000000
all,0.21575885774722367,0.999405,28000000
all,0.21575885774722367,0.9994063793103448,29000000
all,0.21575885774722367,0.9994056666666666,30000000
all,0.21575885774722367,0.9994057096774194,31000000
all,0.21575885774722367,0.9994063125,32000000
all,0.21575885774722367,0.9994051515151515,33000000
all,0.21575885774722367,0.9994046764705883,34000000
all,0.21575885774722367,0.9994045142857143,35000000
all,0.21575885774722367,0.9994038611111111,36000000
all,0.21575885774722367,0.9994039189189189,37000000
all,0.21575885774722367,0.9994036578947368,38000000
all,0.21575885774722367,0.9994035128205129,39000000
all,0.21575885774722367,0.999404125,40000000
all,0.21575885774722367,0.9994032682926829,41000000
all,0.21575885774722367,0.9994033095238095,42000000
all,0.21575885774722367,0.9994030697674419,43000000
all,0.21575885774722367,0.9994029318181818,44000000
all,0.21575885774722367,0.9994028444444445,45000000
all,0.21575885774722367,0.999403195652174,46000000
all,0.21575885774722367,0.9994037234042553,47000000
all,0.21575885774722367,0.9994044375,48000000
all,0.21575885774722367,0.9994049591836734,49000000
all,0.21575885774722367,0.9994047,50000000
all,0.21575885774722367,0.9994048039215686,51000000
all,0.21575885774722367,0.9994047115384616,52000000
all,0.21575885774722367,0.9994044716981132,53000000
all,0.21575885774722367,0.999404537037037,54000000
all,0.21575885774722367,0.9994046545454546,55000000
all,0.21575885774722367,0.9994051428571429,56000000
all,0.21575885774722367,0.9994050175438597,57000000
all,0.21575885774722367,0.9994044655172414,58000000
all,0.21575885774722367,0.9994050677966102,59000000
all,0.21575885774722367,0.9994053166666667,60000000
all,0.21575885774722367,0.9994061147540984,61000000
all,0.21575885774722367,0.9994061612903226,62000000
all,0.21575885774722367,0.9994064285714286,63000000
all,0.21575885774722367,0.999407015625,64000000
all,0.21575885774722367,0.999407123076923,65000000
all,0.21575885774722367,0.999406696969697,66000000
all,0.21575885774722367,0.9994061641791044,67000000
all,0.21575885774722367,0.9994063676470588,68000000
all,0.21575885774722367,0.9994061884057971,69000000
all,0.21575885774722367,0.9994066285714286,70000000
all,0.21575885774722367,0.9994061408450704,71000000
all,0.21575885774722367,0.9994059722222223,72000000
all,0.21575885774722367,0.9994058493150685,73000000
all,0.21575885774722367,0.999406,74000000
all,0.21575885774722367,0.9994060666666666,75000000
all,0.21575885774722367,0.9994053289473684,76000000
all,0.21575885774722367,0.999405051948052,77000000
all,0.21575885774722367,0.9994050897435898,78000000
all,0.21575885774722367,0.9994055696202532,79000000
all,0.21575885774722367,0.9994057625,80000000
all,0.21575885774722367,0.9994058765432099,81000000
all,0.21575885774722367,0.9994058658536585,82000000
all,0.21575885774722367,0.9994060602409639,83000000
all,0.21575885774722367,0.9994055833333333,84000000
all,0.21575885774722367,0.9994050588235294,85000000
all,0.21575885774722367,0.999405,86000000
all,0.21575885774722367,0.9994054712643679,87000000
all,0.21575885774722367,0.9994052613636364,88000000
all,0.21575885774722367,0.9994051685393258,89000000
all,0.21575885774722367,0.9994053111111111,90000000
all,0.21575885774722367,0.9994051098901099,91000000
all,0.21575885774722367,0.999405,92000000
all,0.21575885774722367,0.9994049462365592,93000000
all,0.21575885774722367,0.9994051595744681,94000000
all,0.21575885774722367,0.9994050105263158,95000000
all,0.21575885774722367,0.9994053333333334,96000000
all,0.21575885774722367,0.9994051855670103,97000000
all,0.21575885774722367,0.9994049897959184,98000000
all,0.21575885774722367,0.9994049494949495,99000000
all,0.21575885774722367,0.99940501,100000000
