Consumers,0.17825059101654847,0.288702,1000000
Consumers,0.17825059101654847,0.2886495,2000000
Consumers,0.17825059101654847,0.288504,3000000
Consumers,0.17825059101654847,0.288648,4000000
Consumers,0.17825059101654847,0.288541,5000000
Consumers,0.17825059101654847,0.2884293333333333,6000000
Consumers,0.17825059101654847,0.2884562857142857,7000000
Consumers,0.17825059101654847,0.28862425,8000000
Consumers,0.17825059101654847,0.2886621111111111,9000000
Consumers,0.17825059101654847,0.2886581,10000000
Consumers,0.17825059101654847,0.28875609090909093,11000000
Consumers,0.17825059101654847,0.28873383333333336,12000000
Consumers,0.17825059101654847,0.2887006153846154,13000000
Consumers,0.17825059101654847,0.2887622142857143,14000000
Consumers,0.17825059101654847,0.28876453333333335,15000000
Consumers,0.17825059101654847,0.2887675,16000000
Consumers,0.17825059101654847,0.2887772941176471,17000000
Consumers,0.17825059101654847,0.2887745,18000000
Consumers,0.17825059101654847,0.28879694736842104,19000000
Consumers,0.17825059101654847,0.28879545,20000000
Consumers,0.17825059101654847,0.28881942857142856,21000000
Consumers,0.17825059101654847,0.28878913636363635,22000000
Consumers,0.17825059101654847,0.2888126086956522,23000000
Consumers,0.17825059101654847,0.2887967083333333,24000000
Consumers,0.17825059101654847,0.28878796,25000000
Consumers,0.17825059101654847,0.28878492307692305,26000000
Consumers,0.17825059101654847,0.28879666666666665,27000000
Consumers,0.17825059101654847,0.2887767142857143,28000000
Consumers,0.17825059101654847,0.2887625172413793,29000000
Consumers,0.17825059101654847,0.2887549,30000000
Consumers,0.17825059101654847,0.2887571935483871,31000000
Consumers,0.17825059101654847,0.2887380625,32000000
Consumers,0.17825059101654847,0.28873784848484846,33000000
Consumers,0.17825059101654847,0.28872379411764704,34000000
Consumers,0.17825059101654847,0.2887335142857143,35000000
Consumers,0.17825059101654847,0.2887216388888889,36000000
Consumers,0.17825059101654847,0.28870462162162164,37000000
Consumers,0.17825059101654847,0.28871405263157895,38000000
Consumers,0.17825059101654847,0.28871305128205127,39000000
Consumers,0.17825059101654847,0.288704,40000000
Consumers,0.17825059101654847,0.2887081463414634,41000000
Consumers,0.17825059101654847,0.2887152142857143,42000000
Consumers,0.17825059101654847,0.2887258837209302,43000000
Consumers,0.17825059101654847,0.2887406818181818,44000000
Consumers,0.17825059101654847,0.2887293111111111,45000000
Consumers,0.17825059101654847,0.2887208913043478,46000000
Consumers,0.17825059101654847,0.2887235106382979,47000000
Consumers,0.17825059101654847,0.28873127083333333,48000000
Consumers,0.17825059101654847,0.28873926530612243,49000000
Consumers,0.17825059101654847,0.28873082,50000000
Consumers,0.17825059101654847,0.28874750980392155,51000000
Consumers,0.17825059101654847,0.2887395576923077,52000000
Consumers,0.17825059101654847,0.2887444150943396,53000000
Consumers,0.17825059101654847,0.2887541111111111,54000000
Consumers,0.17825059101654847,0.28875494545454544,55000000
Consumers,0.17825059101654847,0.2887599107142857,56000000
Consumers,0.17825059101654847,0.2887641228070175,57000000
Consumers,0.17825059101654847,0.28875925862068963,58000000
Consumers,0.17825059101654847,0.28875174576271184,59000000
Consumers,0.17825059101654847,0.2887532,60000000
Consumers,0.17825059101654847,0.2887684426229508,61000000
Consumers,0.17825059101654847,0.28875814516129034,62000000
Consumers,0.17825059101654847,0.288761,63000000
Consumers,0.17825059101654847,0.288775265625,64000000
Consumers,0.17825059101654847,0.28879061538461537,65000000
Consumers,0.17825059101654847,0.28878851515151516,66000000
Consumers,0.17825059101654847,0.2887879701492537,67000000
Consumers,0.17825059101654847,0.2887941617647059,68000000
Consumers,0.17825059101654847,0.2887902608695652,69000000
Consumers,0.17825059101654847,0.28878185714285715,70000000
Consumers,0.17825059101654847,0.2887739014084507,71000000
Consumers,0.17825059101654847,0.28876543055555554,72000000
Consumers,0.17825059101654847,0.28877131506849313,73000000
Consumers,0.17825059101654847,0.2887697702702703,74000000
Consumers,0.17825059101654847,0.28877218666666665,75000000
Consumers,0.17825059101654847,0.28876757894736843,76000000
Consumers,0.17825059101654847,0.2887646753246753,77000000
Consumers,0.17825059101654847,0.2887693846153846,78000000
Consumers,0.17825059101654847,0.28876711392405063,79000000
Consumers,0.17825059101654847,0.2887658125,80000000
Consumers,0.17825059101654847,0.2887678765432099,81000000
Consumers,0.17825059101654847,0.28876334146341465,82000000
Consumers,0.17825059101654847,0.2887722530120482,83000000
Consumers,0.17825059101654847,0.2887700833333333,84000000
Consumers,0.17825059101654847,0.2887729882352941,85000000
Consumers,0.17825059101654847,0.2887763953488372,86000000
Consumers,0.17825059101654847,0.2887676781609195,87000000
Consumers,0.17825059101654847,0.2887761818181818,88000000
Consumers,0.17825059101654847,0.28877626966292136,89000000
Consumers,0.17825059101654847,0.28877536666666664,90000000
Consumers,0.17825059101654847,0.28877516483516485,91000000
Consumers,0.17825059101654847,0.28877741304347826,92000000
Consumers,0.17825059101654847,0.2887768172043011,93000000
Consumers,0.17825059101654847,0.28877482978723407,94000000
Consumers,0.17825059101654847,0.2887646105263158,95000000
Consumers,0.17825059101654847,0.28875403125,96000000
Consumers,0.17825059101654847,0.2887582989690722,97000000
Consumers,0.17825059101654847,0.2887561326530612,98000000
Consumers,0.17825059101654847,0.28875140404040406,99000000
Consumers,0.17825059101654847,0.28874827,100000000
