Primary_Producers,0.9308338720103426,0.984545,1000000
Primary_Producers,0.9308338720103426,0.9845235,2000000
Primary_Producers,0.9308338720103426,0.9845976666666667,3000000
Primary_Producers,0.9308338720103426,0.984615,4000000
Primary_Producers,0.9308338720103426,0.9846114,5000000
Primary_Producers,0.9308338720103426,0.9846005,6000000
Primary_Producers,0.9308338720103426,0.9846202857142857,7000000
Primary_Producers,0.9308338720103426,0.9846005,8000000
Primary_Producers,0.9308338720103426,0.9846102222222223,9000000
Primary_Producers,0.9308338720103426,0.9846009,10000000
Primary_Producers,0.9308338720103426,0.9846041818181818,11000000
Primary_Producers,0.9308338720103426,0.9846184166666667,12000000
Primary_Producers,0.9308338720103426,0.9846292307692308,13000000
Primary_Producers,0.9308338720103426,0.9846272857142857,14000000
Primary_Producers,0.9308338720103426,0.9846260666666666,15000000
Primary_Producers,0.9308338720103426,0.9846185,16000000
Primary_Producers,0.9308338720103426,0.9846098823529412,17000000
Primary_Producers,0.9308338720103426,0.9846098333333333,18000000
Primary_Producers,0.9308338720103426,0.9846104210526315,19000000
Primary_Producers,0.9308338720103426,0.9846089,20000000
Primary_Producers,0.9308338720103426,0.9846098095238095,21000000
Primary_Producers,0.9308338720103426,0.9846096363636364,22000000
Primary_Producers,0.9308338720103426,0.9846175652173913,23000000
Primary_Producers,0.9308338720103426,0.9846232083333334,24000000
Primary_Producers,0.9308338720103426,0.98461708,25000000
Primary_Producers,0.9308338720103426,0.9846139615384616,26000000
Primary_Producers,0.9308338720103426,0.9846062592592593,27000000
Primary_Producers,0.9308338720103426,0.984598,28000000
Primary_Producers,0.9308338720103426,0.9845998275862069,29000000
Primary_Producers,0.9308338720103426,0.9846117,30000000
Primary_Producers,0.9308338720103426,0.9846137741935483,31000000
Primary_Producers,0.9308338720103426,0.9846098125,32000000
Primary_Producers,0.9308338720103426,0.9846089090909091,33000000
Primary_Producers,0.9308338720103426,0.9846089705882353,34000000
Primary_Producers,0.9308338720103426,0.9846042571428572,35000000
Primary_Producers,0.9308338720103426,0.9846084444444444,36000000
Primary_Producers,0.9308338720103426,0.9846111891891892,37000000
Primary_Producers,0.9308338720103426,0.9846055,38000000
Primary_Producers,0.9308338720103426,0.9846082564102564,39000000
Primary_Producers,0.9308338720103426,0.984611375,40000000
Primary_Producers,0.9308338720103426,0.9846126829268292,41000000
Primary_Producers,0.9308338720103426,0.9846086190476191,42000000
Primary_Producers,0.9308338720103426,0.9846134651162791,43000000
Primary_Producers,0.9308338720103426,0.9846109318181818,44000000
Primary_Producers,0.9308338720103426,0.9846091777777778,45000000
Primary_Producers,0.9308338720103426,0.9846124130434782,46000000
Primary_Producers,0.9308338720103426,0.9846102553191489,47000000
Primary_Producers,0.9308338720103426,0.9846107083333333,48000000
Primary_Producers,0.9308338720103426,0.9846121224489796,49000000
Primary_Producers,0.9308338720103426,0.98460876,50000000
Primary_Producers,0.9308338720103426,0.9846095882352941,51000000
Primary_Producers,0.9308338720103426,0.9846091538461539,52000000
Primary_Producers,0.9308338720103426,0.9846082264150944,53000000
Primary_Producers,0.9308338720103426,0.9846115925925926,54000000
Primary_Producers,0.9308338720103426,0.9846112,55000000
Primary_Producers,0.9308338720103426,0.9846099821428571,56000000
Primary_Producers,0.9308338720103426,0.984608649122807,57000000
Primary_Producers,0.9308338720103426,0.9846100172413793,58000000
Primary_Producers,0.9308338720103426,0.984610966101695,59000000
Primary_Producers,0.9308338720103426,0.9846112166666666,60000000
Primary_Producers,0.9308338720103426,0.9846104590163934,61000000
Primary_Producers,0.9308338720103426,0.9846086451612903,62000000
Primary_Producers,0.9308338720103426,0.9846071587301587,63000000
Primary_Producers,0.9308338720103426,0.9846066875,64000000
Primary_Producers,0.9308338720103426,0.9846053538461539,65000000
Primary_Producers,0.9308338720103426,0.9846083484848485,66000000
Primary_Producers,0.9308338720103426,0.984606880597015,67000000
Primary_Producers,0.9308338720103426,0.9846085147058824,68000000
Primary_Producers,0.9308338720103426,0.9846098550724638,69000000
Primary_Producers,0.9308338720103426,0.9846065142857143,70000000
Primary_Producers,0.9308338720103426,0.9846023943661972,71000000
Primary_Producers,0.9308338720103426,0.9846026527777778,72000000
Primary_Producers,0.9308338720103426,0.9846059726027397,73000000
Primary_Producers,0.9308338720103426,0.984608,74000000
Primary_Producers,0.9308338720103426,0.9846072666666666,75000000
Primary_Producers,0.9308338720103426,0.9846066578947369,76000000
Primary_Producers,0.9308338720103426,0.9846061038961039,77000000
Primary_Producers,0.9308338720103426,0.9846060512820513,78000000
Primary_Producers,0.9308338720103426,0.9846067974683544,79000000
Primary_Producers,0.9308338720103426,0.984607325,80000000
Primary_Producers,0.9308338720103426,0.9846056296296296,81000000
Primary_Producers,0.9308338720103426,0.9846064268292682,82000000
Primary_Producers,0.9308338720103426,0.9846064457831325,83000000
Primary_Producers,0.9308338720103426,0.9846074404761904,84000000
Primary_Producers,0.9308338720103426,0.9846070235294118,85000000
Primary_Producers,0.9308338720103426,0.9846075,86000000
Primary_Producers,0.9308338720103426,0.9846069885057471,87000000
Primary_Producers,0.9308338720103426,0.9846077045454545,88000000
Primary_Producers,0.9308338720103426,0.9846065617977529,89000000
Primary_Producers,0.9308338720103426,0.9846073888888889,90000000
Primary_Producers,0.9308338720103426,0.9846083406593407,91000000
Primary_Producers,0.9308338720103426,0.9846075217391305,92000000
Primary_Producers,0.9308338720103426,0.9846087634408602,93000000
Primary_Producers,0.9308338720103426,0.9846064361702128,94000000
Primary_Producers,0.9308338720103426,0.9846037789473684,95000000
Primary_Producers,0.9308338720103426,0.9846024375,96000000
Primary_Producers,0.9308338720103426,0.9846007835051547,97000000
Primary_Producers,0.9308338720103426,0.9846014183673469,98000000
Primary_Producers,0.9308338720103426,0.984599898989899,99000000
Primary_Producers,0.9308338720103426,0.98459853,100000000
