Herbivores,0.1616674876847291,0.122715,1000000
Herbivores,0.1616674876847291,0.1225695,2000000
Herbivores,0.1616674876847291,0.12255533333333334,3000000
Herbivores,0.1616674876847291,0.12260575,4000000
Herbivores,0.1616674876847291,0.1227096,5000000
Herbivores,0.1616674876847291,0.12278866666666667,6000000
Herbivores,0.1616674876847291,0.12276685714285715,7000000
Herbivores,0.1616674876847291,0.12274625,8000000
Herbivores,0.1616674876847291,0.12277077777777778,9000000
Herbivores,0.1616674876847291,0.1228145,10000000
Herbivores,0.1616674876847291,0.12282454545454545,11000000
Herbivores,0.1616674876847291,0.12280391666666667,12000000
Herbivores,0.1616674876847291,0.1228266923076923,13000000
Herbivores,0.1616674876847291,0.1228395,14000000
Herbivores,0.1616674876847291,0.12283926666666667,15000000
Herbivores,0.1616674876847291,0.1228563125,16000000
Herbivores,0.1616674876847291,0.12288405882352942,17000000
Herbivores,0.1616674876847291,0.12287905555555556,18000000
Herbivores,0.1616674876847291,0.12286315789473684,19000000
Herbivores,0.1616674876847291,0.12283745,20000000
Herbivores,0.1616674876847291,0.122835,21000000
Herbivores,0.1616674876847291,0.12285122727272728,22000000
Herbivores,0.1616674876847291,0.12282904347826087,23000000
Herbivores,0.1616674876847291,0.122829,24000000
Herbivores,0.1616674876847291,0.12281088,25000000
Herbivores,0.1616674876847291,0.12281092307692308,26000000
Herbivores,0.1616674876847291,0.12282807407407408,27000000
Herbivores,0.1616674876847291,0.12282228571428572,28000000
Herbivores,0.1616674876847291,0.12283375862068965,29000000
Herbivores,0.1616674876847291,0.12281753333333334,30000000
Herbivores,0.1616674876847291,0.1228,31000000
Herbivores,0.1616674876847291,0.122792375,32000000
Herbivores,0.1616674876847291,0.12280881818181819,33000000
Herbivores,0.1616674876847291,0.12279905882352941,34000000
Herbivores,0.1616674876847291,0.12279854285714285,35000000
Herbivores,0.1616674876847291,0.12281258333333334,36000000
Herbivores,0.1616674876847291,0.122811,37000000
Herbivores,0.1616674876847291,0.12279331578947368,38000000
Herbivores,0.1616674876847291,0.12279297435897436,39000000
Herbivores,0.1616674876847291,0.122788925,40000000
Herbivores,0.1616674876847291,0.12280187804878048,41000000
Herbivores,0.1616674876847291,0.12279280952380953,42000000
Herbivores,0.1616674876847291,0.12277995348837209,43000000
Herbivores,0.1616674876847291,0.1227896590909091,44000000
Herbivores,0.1616674876847291,0.12278615555555555,45000000
Herbivores,0.1616674876847291,0.12279426086956521,46000000
Herbivores,0.1616674876847291,0.12278502127659574,47000000
Herbivores,0.1616674876847291,0.12279627083333333,48000000
Herbivores,0.1616674876847291,0.12279685714285714,49000000
Herbivores,0.1616674876847291,0.12280126,50000000
Herbivores,0.1616674876847291,0.12280280392156863,51000000
Herbivores,0.1616674876847291,0.12280192307692307,52000000
Herbivores,0.1616674876847291,0.12280692452830189,53000000
Herbivores,0.1616674876847291,0.12281218518518519,54000000
Herbivores,0.1616674876847291,0.12280416363636364,55000000
Herbivores,0.1616674876847291,0.122812,56000000
Herbivores,0.1616674876847291,0.12281638596491228,57000000
Herbivores,0.1616674876847291,0.12281720689655172,58000000
Herbivores,0.1616674876847291,0.12281242372881356,59000000
Herbivores,0.1616674876847291,0.12280911666666666,60000000
Herbivores,0.1616674876847291,0.12281090163934426,61000000
Herbivores,0.1616674876847291,0.12280803225806451,62000000
Herbivores,0.1616674876847291,0.12279901587301588,63000000
Herbivores,0.1616674876847291,0.12280353125,64000000
Herbivores,0.1616674876847291,0.1227998,65000000
Herbivores,0.1616674876847291,0.12281109090909091,66000000
Herbivores,0.1616674876847291,0.12280805970149254,67000000
Herbivores,0.1616674876847291,0.12280873529411765,68000000
Herbivores,0.1616674876847291,0.12281382608695653,69000000
Herbivores,0.1616674876847291,0.12281554285714286,70000000
Herbivores,0.1616674876847291,0.12281422535211267,71000000
Herbivores,0.1616674876847291,0.12281305555555555,72000000
Herbivores,0.1616674876847291,0.12280306849315069,73000000
Herbivores,0.1616674876847291,0.12280551351351351,74000000
Herbivores,0.1616674876847291,0.12280297333333333,75000000
Herbivores,0.1616674876847291,0.12280782894736843,76000000
Herbivores,0.1616674876847291,0.12280194805194805,77000000
Herbivores,0.1616674876847291,0.122806,78000000
Herbivores,0.1616674876847291,0.12280087341772151,79000000
Herbivores,0.1616674876847291,0.1227943625,80000000
Herbivores,0.1616674876847291,0.12278682716049383,81000000
Herbivores,0.1616674876847291,0.12278741463414634,82000000
Herbivores,0.1616674876847291,0.12279109638554217,83000000
Herbivores,0.1616674876847291,0.12278583333333333,84000000
Herbivores,0.1616674876847291,0.12279129411764705,85000000
Herbivores,0.1616674876847291,0.12279394186046512,86000000
Herbivores,0.1616674876847291,0.12278735632183908,87000000
Herbivores,0.1616674876847291,0.12278561363636363,88000000
Herbivores,0.1616674876847291,0.12278741573033708,89000000
Herbivores,0.1616674876847291,0.12278207777777778,90000000
Herbivores,0.1616674876847291,0.12278385714285714,91000000
Herbivores,0.1616674876847291,0.12278184782608696,92000000
Herbivores,0.1616674876847291,0.12278280645161291,93000000
Herbivores,0.1616674876847291,0.12277687234042553,94000000
Herbivores,0.1616674876847291,0.12277634736842105,95000000
Herbivores,0.1616674876847291,0.12278301041666667,96000000
Herbivores,0.1616674876847291,0.12277745360824742,97000000
Herbivores,0.1616674876847291,0.12277752040816327,98000000
Herbivores,0.1616674876847291,0.12278876767676768,99000000
Herbivores,0.1616674876847291,0.12278554,100000000
