Primary_Producers,0.8216666666666667,0.995668,1000000
Primary_Producers,0.8216666666666667,0.995677,2000000
Primary_Producers,0.8216666666666667,0.9956816666666667,3000000
Primary_Producers,0.8216666666666667,0.995685,4000000
Primary_Producers,0.8216666666666667,0.9956988,5000000
Primary_Producers,0.8216666666666667,0.9956965,6000000
Primary_Producers,0.8216666666666667,0.9957012857142857,7000000
Primary_Producers,0.8216666666666667,0.99568475,8000000
Primary_Producers,0.8216666666666667,0.9956874444444445,9000000
Primary_Producers,0.8216666666666667,0.995689,10000000
Primary_Producers,0.8216666666666667,0.9956998181818182,11000000
Primary_Producers,0.8216666666666667,0.99570275,12000000
Primary_Producers,0.8216666666666667,0.995703,13000000
Primary_Producers,0.8216666666666667,0.9957014285714286,14000000
Primary_Producers,0.8216666666666667,0.9957041333333333,15000000
Primary_Producers,0.8216666666666667,0.9957038125,16000000
Primary_Producers,0.8216666666666667,0.995708294117647,17000000
Primary_Producers,0.8216666666666667,0.9957075555555556,18000000
Primary_Producers,0.8216666666666667,0.9957072105263158,19000000
Primary_Producers,0.8216666666666667,0.99570795,20000000
Primary_Producers,0.8216666666666667,0.9957073333333334,21000000
Primary_Producers,0.8216666666666667,0.9957026363636363,22000000
Primary_Producers,0.8216666666666667,0.995701,23000000
Primary_Producers,0.8216666666666667,0.9956987916666666,24000000
Primary_Producers,0.8216666666666667,0.99570024,25000000
Primary_Producers,0.8216666666666667,0.9957014230769231,26000000
Primary_Producers,0.8216666666666667,0.9957027777777778,27000000
Primary_Producers,0.8216666666666667,0.9956983928571429,28000000
Primary_Producers,0.8216666666666667,0.9956988620689655,29000000
Primary_Producers,0.8216666666666667,0.9957000666666667,30000000
Primary_Producers,0.8216666666666667,0.9956999677419355,31000000
Primary_Producers,0.8216666666666667,0.9957,32000000
Primary_Producers,0.8216666666666667,0.9957018787878787,33000000
Primary_Producers,0.8216666666666667,0.9957014705882353,34000000
Primary_Producers,0.8216666666666667,0.9957001142857143,35000000
Primary_Producers,0.8216666666666667,0.9957015,36000000
Primary_Producers,0.8216666666666667,0.9956970540540541,37000000
Primary_Producers,0.8216666666666667,0.9956988947368421,38000000
Primary_Producers,0.8216666666666667,0.9957006153846154,39000000
Primary_Producers,0.8216666666666667,0.99570125,40000000
Primary_Producers,0.8216666666666667,0.9957001951219512,41000000
Primary_Producers,0.8216666666666667,0.9957007619047619,42000000
Primary_Producers,0.8216666666666667,0.9957,43000000
Primary_Producers,0.8216666666666667,0.9956999772727273,44000000
Primary_Producers,0.8216666666666667,0.9957018444444444,45000000
Primary_Producers,0.8216666666666667,0.9957003695652173,46000000
Primary_Producers,0.8216666666666667,0.9956990851063829,47000000
Primary_Producers,0.8216666666666667,0.9956981875,48000000
Primary_Producers,0.8216666666666667,0.995699918367347,49000000
Primary_Producers,0.8216666666666667,0.99569968,50000000
Primary_Producers,0.8216666666666667,0.9956995098039215,51000000
Primary_Producers,0.8216666666666667,0.9957004423076923,52000000
Primary_Producers,0.8216666666666667,0.9957000943396226,53000000
Primary_Producers,0.8216666666666667,0.9956983703703703,54000000
Primary_Producers,0.8216666666666667,0.9956992909090909,55000000
Primary_Producers,0.8216666666666667,0.9956987142857143,56000000
Primary_Producers,0.8216666666666667,0.9957007192982457,57000000
Primary_Producers,0.8216666666666667,0.9957000517241379,58000000
Primary_Producers,0.8216666666666667,0.9956995762711864,59000000
Primary_Producers,0.8216666666666667,0.9956982666666667,60000000
Primary_Producers,0.8216666666666667,0.9956996885245901,61000000
Primary_Producers,0.8216666666666667,0.9956988064516129,62000000
Primary_Producers,0.8216666666666667,0.9956985555555555,63000000
Primary_Producers,0.8216666666666667,0.99569821875,64000000
Primary_Producers,0.8216666666666667,0.9956989538461538,65000000
Primary_Producers,0.8216666666666667,0.9956982272727273,66000000
Primary_Producers,0.8216666666666667,0.9956974626865671,67000000
Primary_Producers,0.8216666666666667,0.9956968676470588,68000000
Primary_Producers,0.8216666666666667,0.9956975797101449,69000000
Primary_Producers,0.8216666666666667,0.9956989714285714,70000000
Primary_Producers,0.8216666666666667,0.9956984929577465,71000000
Primary_Producers,0.8216666666666667,0.99569925,72000000
Primary_Producers,0.8216666666666667,0.9956995205479452,73000000
Primary_Producers,0.8216666666666667,0.9956994189189189,74000000
Primary_Producers,0.8216666666666667,0.9957008133333334,75000000
Primary_Producers,0.8216666666666667,0.9957003157894737,76000000
Primary_Producers,0.8216666666666667,0.9956998311688312,77000000
Primary_Producers,0.8216666666666667,0.9956986025641026,78000000
Primary_Producers,0.8216666666666667,0.9956990126582278,79000000
Primary_Producers,0.8216666666666667,0.995698325,80000000
Primary_Producers,0.8216666666666667,0.9956991975308642,81000000
Primary_Producers,0.8216666666666667,0.995699268292683,82000000
Primary_Producers,0.8216666666666667,0.9957,83000000
Primary_Producers,0.8216666666666667,0.9957020952380953,84000000
Primary_Producers,0.8216666666666667,0.9957014588235295,85000000
Primary_Producers,0.8216666666666667,0.995701511627907,86000000
Primary_Producers,0.8216666666666667,0.9957013793103449,87000000
Primary_Producers,0.8216666666666667,0.995702,88000000
Primary_Producers,0.8216666666666667,0.9957011123595506,89000000
Primary_Producers,0.8216666666666667,0.9957007,90000000
Primary_Producers,0.8216666666666667,0.9956996483516484,91000000
Primary_Producers,0.8216666666666667,0.9956994891304348,92000000
Primary_Producers,0.8216666666666667,0.9956992688172043,93000000
Primary_Producers,0.8216666666666667,0.9956993829787234,94000000
Primary_Producers,0.8216666666666667,0.9957000736842105,95000000
Primary_Producers,0.8216666666666667,0.9957004166666666,96000000
Primary_Producers,0.8216666666666667,0.9957004536082474,97000000
Primary_Producers,0.8216666666666667,0.9956998367346939,98000000
Primary_Producers,0.8216666666666667,0.9957006767676768,99000000
Primary_Producers,0.8216666666666667,0.99570147,100000000
