Parasites,0.6133333333333333,0.999997,1000000
Parasites,0.6133333333333333,0.9999965,2000000
Parasites,0.6133333333333333,0.9999966666666666,3000000
Parasites,0.6133333333333333,0.99999475,4000000
Parasites,0.6133333333333333,0.9999948,5000000
Parasites,0.6133333333333333,0.999995,6000000
Parasites,0.6133333333333333,0.9999951428571429,7000000
Parasites,0.6133333333333333,0.999995625,8000000
Parasites,0.6133333333333333,0.9999958888888889,9000000
Parasites,0.6133333333333333,0.9999954,10000000
Parasites,0.6133333333333333,0.9999958181818182,11000000
Parasites,0.6133333333333333,0.9999959166666667,12000000
Parasites,0.6133333333333333,0.9999956923076924,13000000
Parasites,0.6133333333333333,0.9999953571428571,14000000
Parasites,0.6133333333333333,0.9999954666666667,15000000
Parasites,0.6133333333333333,0.9999955625,16000000
Parasites,0.6133333333333333,0.9999954117647059,17000000
Parasites,0.6133333333333333,0.9999953888888888,18000000
Parasites,0.6133333333333333,0.9999951052631579,19000000
Parasites,0.6133333333333333,0.9999948,20000000
Parasites,0.6133333333333333,0.9999946666666667,21000000
Parasites,0.6133333333333333,0.9999947272727273,22000000
Parasites,0.6133333333333333,0.9999946086956522,23000000
Parasites,0.6133333333333333,0.9999945833333334,24000000
Parasites,0.6133333333333333,0.99999444,25000000
Parasites,0.6133333333333333,0.9999945384615384,26000000
Parasites,0.6133333333333333,0.9999945185185185,27000000
Parasites,0.6133333333333333,0.9999945,28000000
Parasites,0.6133333333333333,0.999994551724138,29000000
Parasites,0.6133333333333333,0.9999943666666666,30000000
Parasites,0.6133333333333333,0.9999944516129032,31000000
Parasites,0.6133333333333333,0.99999440625,32000000
Parasites,0.6133333333333333,0.9999943636363636,33000000
Parasites,0.6133333333333333,0.9999943235294118,34000000
Parasites,0.6133333333333333,0.9999942857142857,35000000
Parasites,0.6133333333333333,0.99999425,36000000
Parasites,0.6133333333333333,0.9999941891891891,37000000
Parasites,0.6133333333333333,0.9999942631578947,38000000
Parasites,0.6133333333333333,0.9999942307692308,39000000
Parasites,0.6133333333333333,0.99999425,40000000
Parasites,0.6133333333333333,0.9999942926829268,41000000
Parasites,0.6133333333333333,0.9999943095238095,42000000
Parasites,0.6133333333333333,0.9999943488372093,43000000
Parasites,0.6133333333333333,0.9999943181818182,44000000
Parasites,0.6133333333333333,0.9999943777777778,45000000
Parasites,0.6133333333333333,0.9999944347826087,46000000
Parasites,0.6133333333333333,0.9999943617021276,47000000
Parasites,0.6133333333333333,0.9999944166666667,48000000
Parasites,0.6133333333333333,0.9999943877551021,49000000
Parasites,0.6133333333333333,0.99999436,50000000
Parasites,0.6133333333333333,0.9999943921568627,51000000
Parasites,0.6133333333333333,0.9999943846153846,52000000
Parasites,0.6133333333333333,0.9999943962264151,53000000
Parasites,0.6133333333333333,0.9999944444444444,54000000
Parasites,0.6133333333333333,0.9999943636363636,55000000
Parasites,0.6133333333333333,0.999994375,56000000
Parasites,0.6133333333333333,0.9999943859649123,57000000
Parasites,0.6133333333333333,0.9999943448275862,58000000
Parasites,0.6133333333333333,0.9999942881355932,59000000
Parasites,0.6133333333333333,0.9999942666666667,60000000
Parasites,0.6133333333333333,0.9999942131147541,61000000
Parasites,0.6133333333333333,0.9999941451612904,62000000
Parasites,0.6133333333333333,0.9999941746031746,63000000
Parasites,0.6133333333333333,0.999994171875,64000000
Parasites,0.6133333333333333,0.9999941076923077,65000000
Parasites,0.6133333333333333,0.9999941212121212,66000000
Parasites,0.6133333333333333,0.9999941641791045,67000000
Parasites,0.6133333333333333,0.9999941617647059,68000000
Parasites,0.6133333333333333,0.999994115942029,69000000
Parasites,0.6133333333333333,0.9999941285714286,70000000
Parasites,0.6133333333333333,0.9999941549295774,71000000
Parasites,0.6133333333333333,0.9999941666666666,72000000
Parasites,0.6133333333333333,0.9999942191780822,73000000
Parasites,0.6133333333333333,0.9999942837837837,74000000
Parasites,0.6133333333333333,0.99999424,75000000
Parasites,0.6133333333333333,0.9999942105263158,76000000
Parasites,0.6133333333333333,0.9999941948051948,77000000
Parasites,0.6133333333333333,0.9999942307692308,78000000
Parasites,0.6133333333333333,0.9999942658227848,79000000
Parasites,0.6133333333333333,0.9999942875,80000000
Parasites,0.6133333333333333,0.9999943209876543,81000000
Parasites,0.6133333333333333,0.9999942804878049,82000000
Parasites,0.6133333333333333,0.999994313253012,83000000
Parasites,0.6133333333333333,0.9999942261904762,84000000
Parasites,0.6133333333333333,0.9999942235294118,85000000
Parasites,0.6133333333333333,0.9999942441860465,86000000
Parasites,0.6133333333333333,0.9999942643678161,87000000
Parasites,0.6133333333333333,0.9999942954545454,88000000
Parasites,0.6133333333333333,0.9999943258426967,89000000
Parasites,0.6133333333333333,0.9999943222222222,90000000
Parasites,0.6133333333333333,0.9999943406593407,91000000
Parasites,0.6133333333333333,0.9999943804347826,92000000
Parasites,0.6133333333333333,0.9999944193548387,93000000
Parasites,0.6133333333333333,0.9999944148936171,94000000
Parasites,0.6133333333333333,0.9999944315789474,95000000
Parasites,0.6133333333333333,0.9999944166666667,96000000
Parasites,0.6133333333333333,0.999994381443299,97000000
Parasites,0.6133333333333333,0.9999943775510204,98000000
Parasites,0.6133333333333333,0.9999944040404041,99000000
Parasites,0.6133333333333333,0.99999445,100000000
