all,0.1818877551020408,0.001624,1000000
all,0.1818877551020408,0.00158,2000000
all,0.1818877551020408,0.001596,3000000
all,0.1818877551020408,0.0016045,4000000
all,0.1818877551020408,0.0016146,5000000
all,0.1818877551020408,0.0016055,6000000
all,0.1818877551020408,0.0016261428571428573,7000000
all,0.1818877551020408,0.00163475,8000000
all,0.1818877551020408,0.001628,9000000
all,0.1818877551020408,0.0016252,10000000
all,0.1818877551020408,0.0016261818181818183,11000000
all,0.1818877551020408,0.00162475,12000000
all,0.1818877551020408,0.0016313076923076923,13000000
all,0.1818877551020408,0.0016303571428571428,14000000
all,0.1818877551020408,0.0016291333333333334,15000000
all,0.1818877551020408,0.0016265625,16000000
all,0.1818877551020408,0.0016271176470588236,17000000
all,0.1818877551020408,0.001624,18000000
all,0.1818877551020408,0.0016227894736842105,19000000
all,0.1818877551020408,0.0016207,20000000
all,0.1818877551020408,0.0016202380952380952,21000000
all,0.1818877551020408,0.001620590909090909,22000000
all,0.1818877551020408,0.0016203478260869565,23000000
all,0.1818877551020408,0.0016210416666666667,24000000
all,0.1818877551020408,0.00162216,25000000
all,0.1818877551020408,0.0016231538461538462,26000000
all,0.1818877551020408,0.001623,27000000
all,0.1818877551020408,0.0016227857142857142,28000000
all,0.1818877551020408,0.0016235172413793103,29000000
all,0.1818877551020408,0.0016231666666666666,30000000
all,0.1818877551020408,0.0016208064516129031,31000000
all,0.1818877551020408,0.00162184375,32000000
all,0.1818877551020408,0.0016202727272727274,33000000
all,0.1818877551020408,0.0016205,34000000
all,0.1818877551020408,0.0016183428571428572,35000000
all,0.1818877551020408,0.0016175555555555555,36000000
all,0.1818877551020408,0.0016176216216216217,37000000
all,0.1818877551020408,0.0016174736842105263,38000000
all,0.1818877551020408,0.0016182820512820513,39000000
all,0.1818877551020408,0.00162035,40000000
all,0.1818877551020408,0.0016215853658536586,41000000
all,0.1818877551020408,0.0016208095238095237,42000000
all,0.1818877551020408,0.0016217906976744186,43000000
all,0.1818877551020408,0.0016222727272727272,44000000
all,0.1818877551020408,0.0016224,45000000
all,0.1818877551020408,0.0016235869565217392,46000000
all,0.1818877551020408,0.0016220851063829787,47000000
all,0.1818877551020408,0.001621625,48000000
all,0.1818877551020408,0.0016230204081632653,49000000
all,0.1818877551020408,0.0016246,50000000
all,0.1818877551020408,0.0016263921568627452,51000000
all,0.1818877551020408,0.0016265,52000000
all,0.1818877551020408,0.0016265283018867924,53000000
all,0.1818877551020408,0.0016263888888888888,54000000
all,0.1818877551020408,0.0016269636363636364,55000000
all,0.1818877551020408,0.0016277321428571428,56000000
all,0.1818877551020408,0.0016271228070175439,57000000
all,0.1818877551020408,0.0016285689655172414,58000000
all,0.1818877551020408,0.0016289830508474576,59000000
all,0.1818877551020408,0.00162965,60000000
all,0.1818877551020408,0.0016294098360655738,61000000
all,0.1818877551020408,0.001629532258064516,62000000
all,0.1818877551020408,0.0016294444444444444,63000000
all,0.1818877551020408,0.0016293125,64000000
all,0.1818877551020408,0.0016296923076923077,65000000
all,0.1818877551020408,0.001629590909090909,66000000
all,0.1818877551020408,0.0016295820895522388,67000000
all,0.1818877551020408,0.001628,68000000
all,0.1818877551020408,0.0016284057971014492,69000000
all,0.1818877551020408,0.0016284,70000000
all,0.1818877551020408,0.0016281267605633802,71000000
all,0.1818877551020408,0.00162875,72000000
all,0.1818877551020408,0.0016291917808219179,73000000
all,0.1818877551020408,0.0016293513513513512,74000000
all,0.1818877551020408,0.0016300933333333334,75000000
all,0.1818877551020408,0.001630578947368421,76000000
all,0.1818877551020408,0.0016308701298701298,77000000
all,0.1818877551020408,0.0016307435897435897,78000000
all,0.1818877551020408,0.0016304936708860759,79000000
all,0.1818877551020408,0.001631125,80000000
all,0.1818877551020408,0.0016308148148148148,81000000
all,0.1818877551020408,0.0016300487804878049,82000000
all,0.1818877551020408,0.0016303975903614457,83000000
all,0.1818877551020408,0.0016305595238095237,84000000
all,0.1818877551020408,0.001630635294117647,85000000
all,0.1818877551020408,0.0016304767441860466,86000000
all,0.1818877551020408,0.0016309655172413793,87000000
all,0.1818877551020408,0.0016313068181818182,88000000
all,0.1818877551020408,0.0016313258426966292,89000000
all,0.1818877551020408,0.0016309333333333334,90000000
all,0.1818877551020408,0.001630945054945055,91000000
all,0.1818877551020408,0.0016308152173913043,92000000
all,0.1818877551020408,0.0016308279569892472,93000000
all,0.1818877551020408,0.0016311382978723404,94000000
all,0.1818877551020408,0.001631642105263158,95000000
all,0.1818877551020408,0.0016314270833333333,96000000
all,0.1818877551020408,0.0016314742268041236,97000000
all,0.1818877551020408,0.0016316020408163265,98000000
all,0.1818877551020408,0.001631959595959596,99000000
all,0.1818877551020408,0.00163221,100000000
