Consumers,0.05223214285714285,3.0e-6,1000000
Consumers,0.05223214285714285,2.5e-6,2000000
Consumers,0.05223214285714285,2.0e-6,3000000
Consumers,0.05223214285714285,1.5e-6,4000000
Consumers,0.05223214285714285,1.8e-6,5000000
Consumers,0.05223214285714285,1.5e-6,6000000
Consumers,0.05223214285714285,1.857142857142857e-6,7000000
Consumers,0.05223214285714285,1.75e-6,8000000
Consumers,0.05223214285714285,1.6666666666666667e-6,9000000
Consumers,0.05223214285714285,1.6e-6,10000000
Consumers,0.05223214285714285,1.5454545454545454e-6,11000000
Consumers,0.05223214285714285,1.6666666666666667e-6,12000000
Consumers,0.05223214285714285,1.6923076923076924e-6,13000000
Consumers,0.05223214285714285,1.7142857142857143e-6,14000000
Consumers,0.05223214285714285,1.6e-6,15000000
Consumers,0.05223214285714285,1.6875e-6,16000000
Consumers,0.05223214285714285,1.588235294117647e-6,17000000
Consumers,0.05223214285714285,1.5555555555555556e-6,18000000
Consumers,0.05223214285714285,1.4736842105263159e-6,19000000
Consumers,0.05223214285714285,1.4e-6,20000000
Consumers,0.05223214285714285,1.4761904761904762e-6,21000000
Consumers,0.05223214285714285,1.4545454545454546e-6,22000000
Consumers,0.05223214285714285,1.391304347826087e-6,23000000
Consumers,0.05223214285714285,1.4166666666666667e-6,24000000
Consumers,0.05223214285714285,1.36e-6,25000000
Consumers,0.05223214285714285,1.3076923076923077e-6,26000000
Consumers,0.05223214285714285,1.3333333333333334e-6,27000000
Consumers,0.05223214285714285,1.3214285714285715e-6,28000000
Consumers,0.05223214285714285,1.3448275862068966e-6,29000000
Consumers,0.05223214285714285,1.3333333333333334e-6,30000000
Consumers,0.05223214285714285,1.2903225806451612e-6,31000000
Consumers,0.05223214285714285,1.3125e-6,32000000
Consumers,0.05223214285714285,1.2727272727272728e-6,33000000
Consumers,0.05223214285714285,1.2352941176470588e-6,34000000
Consumers,0.05223214285714285,1.2e-6,35000000
Consumers,0.05223214285714285,1.1944444444444443e-6,36000000
Consumers,0.05223214285714285,1.2162162162162162e-6,37000000
Consumers,0.05223214285714285,1.1842105263157894e-6,38000000
Consumers,0.05223214285714285,1.1794871794871795e-6,39000000
Consumers,0.05223214285714285,1.15e-6,40000000
Consumers,0.05223214285714285,1.121951219512195e-6,41000000
Consumers,0.05223214285714285,1.1666666666666666e-6,42000000
Consumers,0.05223214285714285,1.186046511627907e-6,43000000
Consumers,0.05223214285714285,1.1818181818181818e-6,44000000
Consumers,0.05223214285714285,1.1777777777777778e-6,45000000
Consumers,0.05223214285714285,1.2391304347826087e-6,46000000
Consumers,0.05223214285714285,1.2340425531914894e-6,47000000
Consumers,0.05223214285714285,1.25e-6,48000000
Consumers,0.05223214285714285,1.2244897959183673e-6,49000000
Consumers,0.05223214285714285,1.2e-6,50000000
Consumers,0.05223214285714285,1.2941176470588235e-6,51000000
Consumers,0.05223214285714285,1.2884615384615384e-6,52000000
Consumers,0.05223214285714285,1.30188679245283e-6,53000000
Consumers,0.05223214285714285,1.2777777777777779e-6,54000000
Consumers,0.05223214285714285,1.3090909090909091e-6,55000000
Consumers,0.05223214285714285,1.2857142857142858e-6,56000000
Consumers,0.05223214285714285,1.2631578947368422e-6,57000000
Consumers,0.05223214285714285,1.2586206896551725e-6,58000000
Consumers,0.05223214285714285,1.2542372881355932e-6,59000000
Consumers,0.05223214285714285,1.2666666666666667e-6,60000000
Consumers,0.05223214285714285,1.3442622950819673e-6,61000000
Consumers,0.05223214285714285,1.3225806451612904e-6,62000000
Consumers,0.05223214285714285,1.3015873015873017e-6,63000000
Consumers,0.05223214285714285,1.3125e-6,64000000
Consumers,0.05223214285714285,1.2923076923076924e-6,65000000
Consumers,0.05223214285714285,1.2727272727272728e-6,66000000
Consumers,0.05223214285714285,1.253731343283582e-6,67000000
Consumers,0.05223214285714285,1.2352941176470588e-6,68000000
Consumers,0.05223214285714285,1.2463768115942028e-6,69000000
Consumers,0.05223214285714285,1.2571428571428571e-6,70000000
Consumers,0.05223214285714285,1.2535211267605633e-6,71000000
Consumers,0.05223214285714285,1.2638888888888889e-6,72000000
Consumers,0.05223214285714285,1.2602739726027398e-6,73000000
Consumers,0.05223214285714285,1.2567567567567568e-6,74000000
Consumers,0.05223214285714285,1.2533333333333333e-6,75000000
Consumers,0.05223214285714285,1.2631578947368422e-6,76000000
Consumers,0.05223214285714285,1.2857142857142858e-6,77000000
Consumers,0.05223214285714285,1.3076923076923077e-6,78000000
Consumers,0.05223214285714285,1.3037974683544304e-6,79000000
Consumers,0.05223214285714285,1.3125e-6,80000000
Consumers,0.05223214285714285,1.2962962962962962e-6,81000000
Consumers,0.05223214285714285,1.2804878048780488e-6,82000000
Consumers,0.05223214285714285,1.2891566265060241e-6,83000000
Consumers,0.05223214285714285,1.2976190476190477e-6,84000000
Consumers,0.05223214285714285,1.2941176470588235e-6,85000000
Consumers,0.05223214285714285,1.2906976744186045e-6,86000000
Consumers,0.05223214285714285,1.2873563218390804e-6,87000000
Consumers,0.05223214285714285,1.2727272727272728e-6,88000000
Consumers,0.05223214285714285,1.2696629213483145e-6,89000000
Consumers,0.05223214285714285,1.2777777777777779e-6,90000000
Consumers,0.05223214285714285,1.2747252747252748e-6,91000000
Consumers,0.05223214285714285,1.2608695652173913e-6,92000000
Consumers,0.05223214285714285,1.2473118279569892e-6,93000000
Consumers,0.05223214285714285,1.2553191489361701e-6,94000000
Consumers,0.05223214285714285,1.2421052631578946e-6,95000000
Consumers,0.05223214285714285,1.2291666666666666e-6,96000000
Consumers,0.05223214285714285,1.2164948453608248e-6,97000000
Consumers,0.05223214285714285,1.2040816326530612e-6,98000000
Consumers,0.05223214285714285,1.202020202020202e-6,99000000
Consumers,0.05223214285714285,1.2e-6,100000000
