all,0.29382568989477864,0.473066,1000000
all,0.29382568989477864,0.4727445,2000000
all,0.29382568989477864,0.472475,3000000
all,0.29382568989477864,0.472067,4000000
all,0.29382568989477864,0.4721718,5000000
all,0.29382568989477864,0.4720296666666667,6000000
all,0.29382568989477864,0.47205914285714284,7000000
all,0.29382568989477864,0.472123,8000000
all,0.29382568989477864,0.472086,9000000
all,0.29382568989477864,0.4720944,10000000
all,0.29382568989477864,0.47211081818181816,11000000
all,0.29382568989477864,0.4721323333333333,12000000
all,0.29382568989477864,0.4721513076923077,13000000
all,0.29382568989477864,0.4720865714285714,14000000
all,0.29382568989477864,0.47209006666666664,15000000
all,0.29382568989477864,0.4721011875,16000000
all,0.29382568989477864,0.47206929411764703,17000000
all,0.29382568989477864,0.47209094444444444,18000000
all,0.29382568989477864,0.47209994736842104,19000000
all,0.29382568989477864,0.47208725,20000000
all,0.29382568989477864,0.47209414285714285,21000000
all,0.29382568989477864,0.47206245454545454,22000000
all,0.29382568989477864,0.47205278260869565,23000000
all,0.29382568989477864,0.47205633333333336,24000000
all,0.29382568989477864,0.47205872,25000000
all,0.29382568989477864,0.4720828076923077,26000000
all,0.29382568989477864,0.47206462962962964,27000000
all,0.29382568989477864,0.47204689285714285,28000000
all,0.29382568989477864,0.4720138275862069,29000000
all,0.29382568989477864,0.4720081,30000000
all,0.29382568989477864,0.4719719677419355,31000000
all,0.29382568989477864,0.4719744375,32000000
all,0.29382568989477864,0.4719702424242424,33000000
all,0.29382568989477864,0.47197005882352944,34000000
all,0.29382568989477864,0.4719643142857143,35000000
all,0.29382568989477864,0.47196755555555553,36000000
all,0.29382568989477864,0.4719885945945946,37000000
all,0.29382568989477864,0.4719823157894737,38000000
all,0.29382568989477864,0.4720036153846154,39000000
all,0.29382568989477864,0.47200895,40000000
all,0.29382568989477864,0.47201329268292685,41000000
all,0.29382568989477864,0.4720355,42000000
all,0.29382568989477864,0.47205158139534886,43000000
all,0.29382568989477864,0.47207302272727275,44000000
all,0.29382568989477864,0.4720803333333333,45000000
all,0.29382568989477864,0.47208060869565216,46000000
all,0.29382568989477864,0.4720806595744681,47000000
all,0.29382568989477864,0.4720870208333333,48000000
all,0.29382568989477864,0.4720699387755102,49000000
all,0.29382568989477864,0.47207452,50000000
all,0.29382568989477864,0.4720663137254902,51000000
all,0.29382568989477864,0.47207626923076923,52000000
all,0.29382568989477864,0.4720764528301887,53000000
all,0.29382568989477864,0.4720659814814815,54000000
all,0.29382568989477864,0.47206509090909093,55000000
all,0.29382568989477864,0.47208014285714284,56000000
all,0.29382568989477864,0.4720934736842105,57000000
all,0.29382568989477864,0.47209260344827586,58000000
all,0.29382568989477864,0.472102220338983,59000000
all,0.29382568989477864,0.47209558333333335,60000000
all,0.29382568989477864,0.4721082131147541,61000000
all,0.29382568989477864,0.4721105,62000000
all,0.29382568989477864,0.4721082857142857,63000000
all,0.29382568989477864,0.472117421875,64000000
all,0.29382568989477864,0.4721150769230769,65000000
all,0.29382568989477864,0.47211925757575757,66000000
all,0.29382568989477864,0.4721145223880597,67000000
all,0.29382568989477864,0.4721088088235294,68000000
all,0.29382568989477864,0.47210801449275364,69000000
all,0.29382568989477864,0.4721072,70000000
all,0.29382568989477864,0.4721108873239437,71000000
all,0.29382568989477864,0.4721128888888889,72000000
all,0.29382568989477864,0.4721087260273973,73000000
all,0.29382568989477864,0.4721103783783784,74000000
all,0.29382568989477864,0.47211796,75000000
all,0.29382568989477864,0.4721113289473684,76000000
all,0.29382568989477864,0.47212054545454546,77000000
all,0.29382568989477864,0.4721168333333333,78000000
all,0.29382568989477864,0.4721171012658228,79000000
all,0.29382568989477864,0.472109325,80000000
all,0.29382568989477864,0.4721110987654321,81000000
all,0.29382568989477864,0.47212234146341464,82000000
all,0.29382568989477864,0.4721190120481928,83000000
all,0.29382568989477864,0.4721242976190476,84000000
all,0.29382568989477864,0.4721267411764706,85000000
all,0.29382568989477864,0.47212041860465115,86000000
all,0.29382568989477864,0.4721284597701149,87000000
all,0.29382568989477864,0.47213872727272727,88000000
all,0.29382568989477864,0.47213104494382024,89000000
all,0.29382568989477864,0.472133,90000000
all,0.29382568989477864,0.47212906593406595,91000000
all,0.29382568989477864,0.4721319891304348,92000000
all,0.29382568989477864,0.47213021505376346,93000000
all,0.29382568989477864,0.4721276914893617,94000000
all,0.29382568989477864,0.4721252947368421,95000000
all,0.29382568989477864,0.4721273645833333,96000000
all,0.29382568989477864,0.47212294845360825,97000000
all,0.29382568989477864,0.4721155612244898,98000000
all,0.29382568989477864,0.47211545454545456,99000000
all,0.29382568989477864,0.47211159,100000000
