Primary_Producers,0.576923076923077,0.999877,1000000
Primary_Producers,0.576923076923077,0.999884,2000000
Primary_Producers,0.576923076923077,0.9998766666666666,3000000
Primary_Producers,0.576923076923077,0.99987475,4000000
Primary_Producers,0.576923076923077,0.9998732,5000000
Primary_Producers,0.576923076923077,0.9998721666666667,6000000
Primary_Producers,0.576923076923077,0.9998701428571428,7000000
Primary_Producers,0.576923076923077,0.99986825,8000000
Primary_Producers,0.576923076923077,0.9998697777777777,9000000
Primary_Producers,0.576923076923077,0.9998713,10000000
Primary_Producers,0.576923076923077,0.9998711818181818,11000000
Primary_Producers,0.576923076923077,0.99986875,12000000
Primary_Producers,0.576923076923077,0.9998701538461539,13000000
Primary_Producers,0.576923076923077,0.9998700714285714,14000000
Primary_Producers,0.576923076923077,0.9998709333333333,15000000
Primary_Producers,0.576923076923077,0.9998711875,16000000
Primary_Producers,0.576923076923077,0.9998717647058823,17000000
Primary_Producers,0.576923076923077,0.9998722222222223,18000000
Primary_Producers,0.576923076923077,0.999871947368421,19000000
Primary_Producers,0.576923076923077,0.9998726,20000000
Primary_Producers,0.576923076923077,0.9998723333333334,21000000
Primary_Producers,0.576923076923077,0.999873,22000000
Primary_Producers,0.576923076923077,0.9998730869565218,23000000
Primary_Producers,0.576923076923077,0.999873125,24000000
Primary_Producers,0.576923076923077,0.99987336,25000000
Primary_Producers,0.576923076923077,0.999873,26000000
Primary_Producers,0.576923076923077,0.999873037037037,27000000
Primary_Producers,0.576923076923077,0.9998728214285715,28000000
Primary_Producers,0.576923076923077,0.9998725172413793,29000000
Primary_Producers,0.576923076923077,0.9998724333333333,30000000
Primary_Producers,0.576923076923077,0.9998726451612904,31000000
Primary_Producers,0.576923076923077,0.999872875,32000000
Primary_Producers,0.576923076923077,0.9998727272727272,33000000
Primary_Producers,0.576923076923077,0.9998727941176471,34000000
Primary_Producers,0.576923076923077,0.9998725714285714,35000000
Primary_Producers,0.576923076923077,0.9998725,36000000
Primary_Producers,0.576923076923077,0.9998728378378379,37000000
Primary_Producers,0.576923076923077,0.9998731842105263,38000000
Primary_Producers,0.576923076923077,0.9998734615384616,39000000
Primary_Producers,0.576923076923077,0.9998738,40000000
Primary_Producers,0.576923076923077,0.9998737073170731,41000000
Primary_Producers,0.576923076923077,0.9998737857142858,42000000
Primary_Producers,0.576923076923077,0.999873488372093,43000000
Primary_Producers,0.576923076923077,0.9998733863636363,44000000
Primary_Producers,0.576923076923077,0.9998732666666666,45000000
Primary_Producers,0.576923076923077,0.9998729347826087,46000000
Primary_Producers,0.576923076923077,0.9998731489361702,47000000
Primary_Producers,0.576923076923077,0.9998731666666667,48000000
Primary_Producers,0.576923076923077,0.9998729795918367,49000000
Primary_Producers,0.576923076923077,0.99987298,50000000
Primary_Producers,0.576923076923077,0.9998731764705883,51000000
Primary_Producers,0.576923076923077,0.9998736153846154,52000000
Primary_Producers,0.576923076923077,0.9998738301886793,53000000
Primary_Producers,0.576923076923077,0.9998740185185185,54000000
Primary_Producers,0.576923076923077,0.9998740727272727,55000000
Primary_Producers,0.576923076923077,0.9998740714285714,56000000
Primary_Producers,0.576923076923077,0.9998744210526316,57000000
Primary_Producers,0.576923076923077,0.9998748103448276,58000000
Primary_Producers,0.576923076923077,0.9998747118644068,59000000
Primary_Producers,0.576923076923077,0.9998752,60000000
Primary_Producers,0.576923076923077,0.9998751475409836,61000000
Primary_Producers,0.576923076923077,0.9998751290322581,62000000
Primary_Producers,0.576923076923077,0.9998750793650794,63000000
Primary_Producers,0.576923076923077,0.999875359375,64000000
Primary_Producers,0.576923076923077,0.9998750923076923,65000000
Primary_Producers,0.576923076923077,0.9998752272727273,66000000
Primary_Producers,0.576923076923077,0.9998750447761194,67000000
Primary_Producers,0.576923076923077,0.9998751911764706,68000000
Primary_Producers,0.576923076923077,0.999875231884058,69000000
Primary_Producers,0.576923076923077,0.9998753571428571,70000000
Primary_Producers,0.576923076923077,0.9998754084507042,71000000
Primary_Producers,0.576923076923077,0.9998753611111111,72000000
Primary_Producers,0.576923076923077,0.9998754383561644,73000000
Primary_Producers,0.576923076923077,0.9998753513513513,74000000
Primary_Producers,0.576923076923077,0.99987544,75000000
Primary_Producers,0.576923076923077,0.9998755131578947,76000000
Primary_Producers,0.576923076923077,0.9998754935064935,77000000
Primary_Producers,0.576923076923077,0.9998751794871795,78000000
Primary_Producers,0.576923076923077,0.9998753291139241,79000000
Primary_Producers,0.576923076923077,0.999875325,80000000
Primary_Producers,0.576923076923077,0.9998754197530865,81000000
Primary_Producers,0.576923076923077,0.9998754634146342,82000000
Primary_Producers,0.576923076923077,0.999875734939759,83000000
Primary_Producers,0.576923076923077,0.99987575,84000000
Primary_Producers,0.576923076923077,0.9998757882352941,85000000
Primary_Producers,0.576923076923077,0.9998759534883721,86000000
Primary_Producers,0.576923076923077,0.9998758965517242,87000000
Primary_Producers,0.576923076923077,0.999875875,88000000
Primary_Producers,0.576923076923077,0.9998760561797753,89000000
Primary_Producers,0.576923076923077,0.9998760888888889,90000000
Primary_Producers,0.576923076923077,0.999876065934066,91000000
Primary_Producers,0.576923076923077,0.999876,92000000
Primary_Producers,0.576923076923077,0.9998758817204301,93000000
Primary_Producers,0.576923076923077,0.9998759468085107,94000000
Primary_Producers,0.576923076923077,0.9998758736842105,95000000
Primary_Producers,0.576923076923077,0.9998758645833333,96000000
Primary_Producers,0.576923076923077,0.9998758556701031,97000000
Primary_Producers,0.576923076923077,0.9998758265306122,98000000
Primary_Producers,0.576923076923077,0.9998756262626263,99000000
Primary_Producers,0.576923076923077,0.99987568,100000000
