Primary_Producers,1.0,0.0,1000000
Primary_Producers,1.0,0.0,2000000
Primary_Producers,1.0,0.0,3000000
Primary_Producers,1.0,0.0,4000000
Primary_Producers,1.0,0.0,5000000
Primary_Producers,1.0,0.0,6000000
Primary_Producers,1.0,0.0,7000000
Primary_Producers,1.0,0.0,8000000
Primary_Producers,1.0,0.0,9000000
Primary_Producers,1.0,0.0,10000000
Primary_Producers,1.0,0.0,11000000
Primary_Producers,1.0,0.0,12000000
Primary_Producers,1.0,7.692307692307692e-8,13000000
Primary_Producers,1.0,7.142857142857142e-8,14000000
Primary_Producers,1.0,6.666666666666667e-8,15000000
Primary_Producers,1.0,6.25e-8,16000000
Primary_Producers,1.0,5.882352941176471e-8,17000000
Primary_Producers,1.0,1.1111111111111111e-7,18000000
Primary_Producers,1.0,1.0526315789473685e-7,19000000
Primary_Producers,1.0,1.0e-7,20000000
Primary_Producers,1.0,9.523809523809524e-8,21000000
Primary_Producers,1.0,9.090909090909091e-8,22000000
Primary_Producers,1.0,8.695652173913044e-8,23000000
Primary_Producers,1.0,8.333333333333334e-8,24000000
Primary_Producers,1.0,8.0e-8,25000000
Primary_Producers,1.0,7.692307692307692e-8,26000000
Primary_Producers,1.0,7.407407407407407e-8,27000000
Primary_Producers,1.0,7.142857142857142e-8,28000000
Primary_Producers,1.0,6.896551724137931e-8,29000000
Primary_Producers,1.0,6.666666666666667e-8,30000000
Primary_Producers,1.0,9.677419354838709e-8,31000000
Primary_Producers,1.0,9.375e-8,32000000
Primary_Producers,1.0,9.090909090909091e-8,33000000
Primary_Producers,1.0,8.823529411764706e-8,34000000
Primary_Producers,1.0,8.571428571428572e-8,35000000
Primary_Producers,1.0,8.333333333333334e-8,36000000
Primary_Producers,1.0,8.108108108108108e-8,37000000
Primary_Producers,1.0,7.894736842105264e-8,38000000
Primary_Producers,1.0,7.692307692307692e-8,39000000
Primary_Producers,1.0,7.5e-8,40000000
Primary_Producers,1.0,7.317073170731708e-8,41000000
Primary_Producers,1.0,7.142857142857142e-8,42000000
Primary_Producers,1.0,6.976744186046512e-8,43000000
Primary_Producers,1.0,6.818181818181819e-8,44000000
Primary_Producers,1.0,6.666666666666667e-8,45000000
Primary_Producers,1.0,6.521739130434783e-8,46000000
Primary_Producers,1.0,6.382978723404255e-8,47000000
Primary_Producers,1.0,6.25e-8,48000000
Primary_Producers,1.0,6.122448979591837e-8,49000000
Primary_Producers,1.0,8.0e-8,50000000
Primary_Producers,1.0,7.843137254901961e-8,51000000
Primary_Producers,1.0,9.615384615384616e-8,52000000
Primary_Producers,1.0,9.433962264150943e-8,53000000
Primary_Producers,1.0,9.259259259259259e-8,54000000
Primary_Producers,1.0,9.090909090909091e-8,55000000
Primary_Producers,1.0,8.928571428571429e-8,56000000
Primary_Producers,1.0,8.771929824561404e-8,57000000
Primary_Producers,1.0,8.620689655172414e-8,58000000
Primary_Producers,1.0,8.47457627118644e-8,59000000
Primary_Producers,1.0,8.333333333333334e-8,60000000
Primary_Producers,1.0,8.196721311475409e-8,61000000
Primary_Producers,1.0,8.064516129032257e-8,62000000
Primary_Producers,1.0,7.936507936507937e-8,63000000
Primary_Producers,1.0,7.8125e-8,64000000
Primary_Producers,1.0,7.692307692307692e-8,65000000
Primary_Producers,1.0,9.090909090909091e-8,66000000
Primary_Producers,1.0,8.955223880597015e-8,67000000
Primary_Producers,1.0,8.823529411764706e-8,68000000
Primary_Producers,1.0,1.1594202898550725e-7,69000000
Primary_Producers,1.0,1.1428571428571429e-7,70000000
Primary_Producers,1.0,1.1267605633802817e-7,71000000
Primary_Producers,1.0,1.1111111111111111e-7,72000000
Primary_Producers,1.0,1.0958904109589041e-7,73000000
Primary_Producers,1.0,1.0810810810810811e-7,74000000
Primary_Producers,1.0,1.0666666666666667e-7,75000000
Primary_Producers,1.0,1.0526315789473685e-7,76000000
Primary_Producers,1.0,1.0389610389610389e-7,77000000
Primary_Producers,1.0,1.0256410256410256e-7,78000000
Primary_Producers,1.0,1.0126582278481012e-7,79000000
Primary_Producers,1.0,1.0e-7,80000000
Primary_Producers,1.0,9.876543209876543e-8,81000000
Primary_Producers,1.0,9.75609756097561e-8,82000000
Primary_Producers,1.0,9.638554216867469e-8,83000000
Primary_Producers,1.0,9.523809523809524e-8,84000000
Primary_Producers,1.0,9.411764705882353e-8,85000000
Primary_Producers,1.0,9.302325581395349e-8,86000000
Primary_Producers,1.0,9.195402298850574e-8,87000000
Primary_Producers,1.0,9.090909090909091e-8,88000000
Primary_Producers,1.0,8.98876404494382e-8,89000000
Primary_Producers,1.0,8.88888888888889e-8,90000000
Primary_Producers,1.0,8.791208791208791e-8,91000000
Primary_Producers,1.0,8.695652173913044e-8,92000000
Primary_Producers,1.0,8.602150537634409e-8,93000000
Primary_Producers,1.0,8.51063829787234e-8,94000000
Primary_Producers,1.0,8.421052631578947e-8,95000000
Primary_Producers,1.0,8.333333333333334e-8,96000000
Primary_Producers,1.0,8.247422680412371e-8,97000000
Primary_Producers,1.0,8.16326530612245e-8,98000000
Primary_Producers,1.0,8.08080808080808e-8,99000000
Primary_Producers,1.0,8.0e-8,100000000
