Primary_Producers,0.6666666666666666,0.991328,1000000
Primary_Producers,0.6666666666666666,0.991329,2000000
Primary_Producers,0.6666666666666666,0.9912736666666667,3000000
Primary_Producers,0.6666666666666666,0.9912285,4000000
Primary_Producers,0.6666666666666666,0.9912188,5000000
Primary_Producers,0.6666666666666666,0.9912238333333333,6000000
Primary_Producers,0.6666666666666666,0.9912032857142857,7000000
Primary_Producers,0.6666666666666666,0.991201,8000000
Primary_Producers,0.6666666666666666,0.9912137777777777,9000000
Primary_Producers,0.6666666666666666,0.9912089,10000000
Primary_Producers,0.6666666666666666,0.9912124545454546,11000000
Primary_Producers,0.6666666666666666,0.9912060833333334,12000000
Primary_Producers,0.6666666666666666,0.9912207692307692,13000000
Primary_Producers,0.6666666666666666,0.9912182142857143,14000000
Primary_Producers,0.6666666666666666,0.9912185333333333,15000000
Primary_Producers,0.6666666666666666,0.991216625,16000000
Primary_Producers,0.6666666666666666,0.9912228235294117,17000000
Primary_Producers,0.6666666666666666,0.9912225555555556,18000000
Primary_Producers,0.6666666666666666,0.9912308947368421,19000000
Primary_Producers,0.6666666666666666,0.9912323,20000000
Primary_Producers,0.6666666666666666,0.9912265714285714,21000000
Primary_Producers,0.6666666666666666,0.9912292272727272,22000000
Primary_Producers,0.6666666666666666,0.9912245217391304,23000000
Primary_Producers,0.6666666666666666,0.9912259583333334,24000000
Primary_Producers,0.6666666666666666,0.99122544,25000000
Primary_Producers,0.6666666666666666,0.9912282307692307,26000000
Primary_Producers,0.6666666666666666,0.9912318518518518,27000000
Primary_Producers,0.6666666666666666,0.9912294285714286,28000000
Primary_Producers,0.6666666666666666,0.9912298275862069,29000000
Primary_Producers,0.6666666666666666,0.9912307333333333,30000000
Primary_Producers,0.6666666666666666,0.9912306774193549,31000000
Primary_Producers,0.6666666666666666,0.99123375,32000000
Primary_Producers,0.6666666666666666,0.991231,33000000
Primary_Producers,0.6666666666666666,0.9912292352941177,34000000
Primary_Producers,0.6666666666666666,0.9912213714285715,35000000
Primary_Producers,0.6666666666666666,0.9912258055555555,36000000
Primary_Producers,0.6666666666666666,0.9912278108108108,37000000
Primary_Producers,0.6666666666666666,0.9912306315789474,38000000
Primary_Producers,0.6666666666666666,0.9912263076923077,39000000
Primary_Producers,0.6666666666666666,0.99122565,40000000
Primary_Producers,0.6666666666666666,0.9912249756097561,41000000
Primary_Producers,0.6666666666666666,0.9912210714285714,42000000
Primary_Producers,0.6666666666666666,0.9912221395348837,43000000
Primary_Producers,0.6666666666666666,0.9912209090909091,44000000
Primary_Producers,0.6666666666666666,0.9912198666666666,45000000
Primary_Producers,0.6666666666666666,0.9912216956521739,46000000
Primary_Producers,0.6666666666666666,0.9912210425531915,47000000
Primary_Producers,0.6666666666666666,0.9912176666666667,48000000
Primary_Producers,0.6666666666666666,0.991221387755102,49000000
Primary_Producers,0.6666666666666666,0.99122246,50000000
Primary_Producers,0.6666666666666666,0.9912220784313726,51000000
Primary_Producers,0.6666666666666666,0.99122325,52000000
Primary_Producers,0.6666666666666666,0.9912248490566038,53000000
Primary_Producers,0.6666666666666666,0.9912262222222222,54000000
Primary_Producers,0.6666666666666666,0.9912248909090909,55000000
Primary_Producers,0.6666666666666666,0.9912214107142857,56000000
Primary_Producers,0.6666666666666666,0.9912215263157895,57000000
Primary_Producers,0.6666666666666666,0.9912207413793104,58000000
Primary_Producers,0.6666666666666666,0.9912191186440678,59000000
Primary_Producers,0.6666666666666666,0.9912183833333333,60000000
Primary_Producers,0.6666666666666666,0.9912199180327869,61000000
Primary_Producers,0.6666666666666666,0.9912174677419355,62000000
Primary_Producers,0.6666666666666666,0.9912156666666667,63000000
Primary_Producers,0.6666666666666666,0.991214734375,64000000
Primary_Producers,0.6666666666666666,0.9912123076923077,65000000
Primary_Producers,0.6666666666666666,0.9912118636363636,66000000
Primary_Producers,0.6666666666666666,0.991213328358209,67000000
Primary_Producers,0.6666666666666666,0.9912137647058824,68000000
Primary_Producers,0.6666666666666666,0.9912129275362319,69000000
Primary_Producers,0.6666666666666666,0.9912141142857143,70000000
Primary_Producers,0.6666666666666666,0.9912147746478873,71000000
Primary_Producers,0.6666666666666666,0.9912168888888889,72000000
Primary_Producers,0.6666666666666666,0.9912149863013698,73000000
Primary_Producers,0.6666666666666666,0.9912143648648649,74000000
Primary_Producers,0.6666666666666666,0.99121184,75000000
Primary_Producers,0.6666666666666666,0.9912116052631579,76000000
Primary_Producers,0.6666666666666666,0.9912142597402598,77000000
Primary_Producers,0.6666666666666666,0.9912143333333333,78000000
Primary_Producers,0.6666666666666666,0.9912134050632911,79000000
Primary_Producers,0.6666666666666666,0.991213375,80000000
Primary_Producers,0.6666666666666666,0.9912134814814815,81000000
Primary_Producers,0.6666666666666666,0.9912142439024391,82000000
Primary_Producers,0.6666666666666666,0.9912141686746988,83000000
Primary_Producers,0.6666666666666666,0.9912155833333334,84000000
Primary_Producers,0.6666666666666666,0.9912156117647059,85000000
Primary_Producers,0.6666666666666666,0.991216,86000000
Primary_Producers,0.6666666666666666,0.9912160804597702,87000000
Primary_Producers,0.6666666666666666,0.9912162727272728,88000000
Primary_Producers,0.6666666666666666,0.9912179662921349,89000000
Primary_Producers,0.6666666666666666,0.9912169666666667,90000000
Primary_Producers,0.6666666666666666,0.9912163736263736,91000000
Primary_Producers,0.6666666666666666,0.9912170108695653,92000000
Primary_Producers,0.6666666666666666,0.9912166451612904,93000000
Primary_Producers,0.6666666666666666,0.991215829787234,94000000
Primary_Producers,0.6666666666666666,0.9912176947368421,95000000
Primary_Producers,0.6666666666666666,0.99121803125,96000000
Primary_Producers,0.6666666666666666,0.9912198659793815,97000000
Primary_Producers,0.6666666666666666,0.9912196224489795,98000000
Primary_Producers,0.6666666666666666,0.9912195858585858,99000000
Primary_Producers,0.6666666666666666,0.99122066,100000000
