Herbivores,0.35366430260047277,5.4e-5,1000000
Herbivores,0.35366430260047277,5.85e-5,2000000
Herbivores,0.35366430260047277,6.266666666666667e-5,3000000
Herbivores,0.35366430260047277,6.225e-5,4000000
Herbivores,0.35366430260047277,6.1e-5,5000000
Herbivores,0.35366430260047277,6.0e-5,6000000
Herbivores,0.35366430260047277,6.042857142857143e-5,7000000
Herbivores,0.35366430260047277,6.0875e-5,8000000
Herbivores,0.35366430260047277,6.088888888888889e-5,9000000
Herbivores,0.35366430260047277,6.05e-5,10000000
Herbivores,0.35366430260047277,5.909090909090909e-5,11000000
Herbivores,0.35366430260047277,5.85e-5,12000000
Herbivores,0.35366430260047277,5.8384615384615385e-5,13000000
Herbivores,0.35366430260047277,5.807142857142857e-5,14000000
Herbivores,0.35366430260047277,5.7933333333333337e-5,15000000
Herbivores,0.35366430260047277,5.8125e-5,16000000
Herbivores,0.35366430260047277,5.770588235294118e-5,17000000
Herbivores,0.35366430260047277,5.8222222222222224e-5,18000000
Herbivores,0.35366430260047277,5.836842105263158e-5,19000000
Herbivores,0.35366430260047277,5.795e-5,20000000
Herbivores,0.35366430260047277,5.819047619047619e-5,21000000
Herbivores,0.35366430260047277,5.7363636363636366e-5,22000000
Herbivores,0.35366430260047277,5.752173913043478e-5,23000000
Herbivores,0.35366430260047277,5.766666666666667e-5,24000000
Herbivores,0.35366430260047277,5.788e-5,25000000
Herbivores,0.35366430260047277,5.7769230769230767e-5,26000000
Herbivores,0.35366430260047277,5.755555555555555e-5,27000000
Herbivores,0.35366430260047277,5.739285714285714e-5,28000000
Herbivores,0.35366430260047277,5.7517241379310343e-5,29000000
Herbivores,0.35366430260047277,5.7e-5,30000000
Herbivores,0.35366430260047277,5.7e-5,31000000
Herbivores,0.35366430260047277,5.69375e-5,32000000
Herbivores,0.35366430260047277,5.715151515151515e-5,33000000
Herbivores,0.35366430260047277,5.7323529411764705e-5,34000000
Herbivores,0.35366430260047277,5.728571428571429e-5,35000000
Herbivores,0.35366430260047277,5.691666666666667e-5,36000000
Herbivores,0.35366430260047277,5.7e-5,37000000
Herbivores,0.35366430260047277,5.676315789473684e-5,38000000
Herbivores,0.35366430260047277,5.682051282051282e-5,39000000
Herbivores,0.35366430260047277,5.69e-5,40000000
Herbivores,0.35366430260047277,5.6658536585365854e-5,41000000
Herbivores,0.35366430260047277,5.640476190476191e-5,42000000
Herbivores,0.35366430260047277,5.6674418604651166e-5,43000000
Herbivores,0.35366430260047277,5.6454545454545455e-5,44000000
Herbivores,0.35366430260047277,5.668888888888889e-5,45000000
Herbivores,0.35366430260047277,5.6673913043478264e-5,46000000
Herbivores,0.35366430260047277,5.676595744680851e-5,47000000
Herbivores,0.35366430260047277,5.6729166666666665e-5,48000000
Herbivores,0.35366430260047277,5.6918367346938776e-5,49000000
Herbivores,0.35366430260047277,5.694e-5,50000000
Herbivores,0.35366430260047277,5.688235294117647e-5,51000000
Herbivores,0.35366430260047277,5.678846153846154e-5,52000000
Herbivores,0.35366430260047277,5.6867924528301887e-5,53000000
Herbivores,0.35366430260047277,5.687037037037037e-5,54000000
Herbivores,0.35366430260047277,5.685454545454546e-5,55000000
Herbivores,0.35366430260047277,5.6839285714285715e-5,56000000
Herbivores,0.35366430260047277,5.691228070175439e-5,57000000
Herbivores,0.35366430260047277,5.6948275862068964e-5,58000000
Herbivores,0.35366430260047277,5.676271186440678e-5,59000000
Herbivores,0.35366430260047277,5.67e-5,60000000
Herbivores,0.35366430260047277,5.672131147540984e-5,61000000
Herbivores,0.35366430260047277,5.664516129032258e-5,62000000
Herbivores,0.35366430260047277,5.680952380952381e-5,63000000
Herbivores,0.35366430260047277,5.68125e-5,64000000
Herbivores,0.35366430260047277,5.7e-5,65000000
Herbivores,0.35366430260047277,5.71969696969697e-5,66000000
Herbivores,0.35366430260047277,5.728358208955224e-5,67000000
Herbivores,0.35366430260047277,5.720588235294118e-5,68000000
Herbivores,0.35366430260047277,5.721739130434783e-5,69000000
Herbivores,0.35366430260047277,5.721428571428571e-5,70000000
Herbivores,0.35366430260047277,5.701408450704225e-5,71000000
Herbivores,0.35366430260047277,5.697222222222222e-5,72000000
Herbivores,0.35366430260047277,5.69041095890411e-5,73000000
Herbivores,0.35366430260047277,5.6743243243243244e-5,74000000
Herbivores,0.35366430260047277,5.688e-5,75000000
Herbivores,0.35366430260047277,5.685526315789474e-5,76000000
Herbivores,0.35366430260047277,5.690909090909091e-5,77000000
Herbivores,0.35366430260047277,5.685897435897436e-5,78000000
Herbivores,0.35366430260047277,5.683544303797468e-5,79000000
Herbivores,0.35366430260047277,5.6925e-5,80000000
Herbivores,0.35366430260047277,5.68641975308642e-5,81000000
Herbivores,0.35366430260047277,5.698780487804878e-5,82000000
Herbivores,0.35366430260047277,5.693975903614458e-5,83000000
Herbivores,0.35366430260047277,5.7047619047619045e-5,84000000
Herbivores,0.35366430260047277,5.704705882352941e-5,85000000
Herbivores,0.35366430260047277,5.6941860465116276e-5,86000000
Herbivores,0.35366430260047277,5.702298850574712e-5,87000000
Herbivores,0.35366430260047277,5.706818181818182e-5,88000000
Herbivores,0.35366430260047277,5.7078651685393256e-5,89000000
Herbivores,0.35366430260047277,5.7033333333333335e-5,90000000
Herbivores,0.35366430260047277,5.7032967032967035e-5,91000000
Herbivores,0.35366430260047277,5.691304347826087e-5,92000000
Herbivores,0.35366430260047277,5.697849462365591e-5,93000000
Herbivores,0.35366430260047277,5.702127659574468e-5,94000000
Herbivores,0.35366430260047277,5.698947368421053e-5,95000000
Herbivores,0.35366430260047277,5.698958333333333e-5,96000000
Herbivores,0.35366430260047277,5.693814432989691e-5,97000000
Herbivores,0.35366430260047277,5.692857142857143e-5,98000000
Herbivores,0.35366430260047277,5.697979797979798e-5,99000000
Herbivores,0.35366430260047277,5.701e-5,100000000
