Consumers,0.06325470561460814,0.0,1000000
Consumers,0.06325470561460814,0.0,2000000
Consumers,0.06325470561460814,0.0,3000000
Consumers,0.06325470561460814,0.0,4000000
Consumers,0.06325470561460814,0.0,5000000
Consumers,0.06325470561460814,0.0,6000000
Consumers,0.06325470561460814,0.0,7000000
Consumers,0.06325470561460814,0.0,8000000
Consumers,0.06325470561460814,0.0,9000000
Consumers,0.06325470561460814,0.0,10000000
Consumers,0.06325470561460814,9.090909090909091e-8,11000000
Consumers,0.06325470561460814,8.333333333333334e-8,12000000
Consumers,0.06325470561460814,7.692307692307692e-8,13000000
Consumers,0.06325470561460814,7.142857142857142e-8,14000000
Consumers,0.06325470561460814,6.666666666666667e-8,15000000
Consumers,0.06325470561460814,6.25e-8,16000000
Consumers,0.06325470561460814,5.882352941176471e-8,17000000
Consumers,0.06325470561460814,5.5555555555555555e-8,18000000
Consumers,0.06325470561460814,5.263157894736842e-8,19000000
Consumers,0.06325470561460814,5.0e-8,20000000
Consumers,0.06325470561460814,4.761904761904762e-8,21000000
Consumers,0.06325470561460814,4.545454545454546e-8,22000000
Consumers,0.06325470561460814,4.347826086956522e-8,23000000
Consumers,0.06325470561460814,4.166666666666667e-8,24000000
Consumers,0.06325470561460814,4.0e-8,25000000
Consumers,0.06325470561460814,3.846153846153846e-8,26000000
Consumers,0.06325470561460814,3.7037037037037036e-8,27000000
Consumers,0.06325470561460814,3.571428571428571e-8,28000000
Consumers,0.06325470561460814,3.448275862068966e-8,29000000
Consumers,0.06325470561460814,3.3333333333333334e-8,30000000
Consumers,0.06325470561460814,6.451612903225807e-8,31000000
Consumers,0.06325470561460814,6.25e-8,32000000
Consumers,0.06325470561460814,6.060606060606061e-8,33000000
Consumers,0.06325470561460814,5.882352941176471e-8,34000000
Consumers,0.06325470561460814,5.7142857142857144e-8,35000000
Consumers,0.06325470561460814,5.5555555555555555e-8,36000000
Consumers,0.06325470561460814,5.4054054054054056e-8,37000000
Consumers,0.06325470561460814,5.263157894736842e-8,38000000
Consumers,0.06325470561460814,5.128205128205128e-8,39000000
Consumers,0.06325470561460814,5.0e-8,40000000
Consumers,0.06325470561460814,4.878048780487805e-8,41000000
Consumers,0.06325470561460814,4.761904761904762e-8,42000000
Consumers,0.06325470561460814,4.6511627906976744e-8,43000000
Consumers,0.06325470561460814,4.545454545454546e-8,44000000
Consumers,0.06325470561460814,4.444444444444445e-8,45000000
Consumers,0.06325470561460814,4.347826086956522e-8,46000000
Consumers,0.06325470561460814,4.25531914893617e-8,47000000
Consumers,0.06325470561460814,4.166666666666667e-8,48000000
Consumers,0.06325470561460814,4.081632653061225e-8,49000000
Consumers,0.06325470561460814,4.0e-8,50000000
Consumers,0.06325470561460814,3.9215686274509804e-8,51000000
Consumers,0.06325470561460814,3.846153846153846e-8,52000000
Consumers,0.06325470561460814,3.7735849056603774e-8,53000000
Consumers,0.06325470561460814,3.7037037037037036e-8,54000000
Consumers,0.06325470561460814,3.636363636363636e-8,55000000
Consumers,0.06325470561460814,3.571428571428571e-8,56000000
Consumers,0.06325470561460814,3.508771929824562e-8,57000000
Consumers,0.06325470561460814,3.448275862068966e-8,58000000
Consumers,0.06325470561460814,3.3898305084745764e-8,59000000
Consumers,0.06325470561460814,3.3333333333333334e-8,60000000
Consumers,0.06325470561460814,3.278688524590164e-8,61000000
Consumers,0.06325470561460814,4.8387096774193546e-8,62000000
Consumers,0.06325470561460814,4.761904761904762e-8,63000000
Consumers,0.06325470561460814,6.25e-8,64000000
Consumers,0.06325470561460814,6.153846153846154e-8,65000000
Consumers,0.06325470561460814,6.060606060606061e-8,66000000
Consumers,0.06325470561460814,5.970149253731343e-8,67000000
Consumers,0.06325470561460814,5.882352941176471e-8,68000000
Consumers,0.06325470561460814,7.246376811594203e-8,69000000
Consumers,0.06325470561460814,7.142857142857142e-8,70000000
Consumers,0.06325470561460814,7.042253521126761e-8,71000000
Consumers,0.06325470561460814,6.944444444444444e-8,72000000
Consumers,0.06325470561460814,6.84931506849315e-8,73000000
Consumers,0.06325470561460814,6.756756756756757e-8,74000000
Consumers,0.06325470561460814,6.666666666666667e-8,75000000
Consumers,0.06325470561460814,6.578947368421052e-8,76000000
Consumers,0.06325470561460814,6.493506493506494e-8,77000000
Consumers,0.06325470561460814,6.41025641025641e-8,78000000
Consumers,0.06325470561460814,6.329113924050633e-8,79000000
Consumers,0.06325470561460814,6.25e-8,80000000
Consumers,0.06325470561460814,6.17283950617284e-8,81000000
Consumers,0.06325470561460814,6.097560975609756e-8,82000000
Consumers,0.06325470561460814,6.024096385542168e-8,83000000
Consumers,0.06325470561460814,5.952380952380952e-8,84000000
Consumers,0.06325470561460814,5.882352941176471e-8,85000000
Consumers,0.06325470561460814,5.813953488372093e-8,86000000
Consumers,0.06325470561460814,5.7471264367816094e-8,87000000
Consumers,0.06325470561460814,6.818181818181819e-8,88000000
Consumers,0.06325470561460814,6.741573033707865e-8,89000000
Consumers,0.06325470561460814,7.777777777777778e-8,90000000
Consumers,0.06325470561460814,7.692307692307692e-8,91000000
Consumers,0.06325470561460814,7.608695652173913e-8,92000000
Consumers,0.06325470561460814,7.526881720430107e-8,93000000
Consumers,0.06325470561460814,7.446808510638298e-8,94000000
Consumers,0.06325470561460814,7.368421052631579e-8,95000000
Consumers,0.06325470561460814,7.291666666666666e-8,96000000
Consumers,0.06325470561460814,8.247422680412371e-8,97000000
Consumers,0.06325470561460814,8.16326530612245e-8,98000000
Consumers,0.06325470561460814,8.08080808080808e-8,99000000
Consumers,0.06325470561460814,8.0e-8,100000000
