Parasites,0.632051282051282,0.792848,1000000
Parasites,0.632051282051282,0.7933855,2000000
Parasites,0.632051282051282,0.7934346666666666,3000000
Parasites,0.632051282051282,0.7936375,4000000
Parasites,0.632051282051282,0.7937692,5000000
Parasites,0.632051282051282,0.7938755,6000000
Parasites,0.632051282051282,0.7938885714285714,7000000
Parasites,0.632051282051282,0.793849875,8000000
Parasites,0.632051282051282,0.7937523333333333,9000000
Parasites,0.632051282051282,0.7938096,10000000
Parasites,0.632051282051282,0.7938460909090909,11000000
Parasites,0.632051282051282,0.7938895833333334,12000000
Parasites,0.632051282051282,0.7938842307692308,13000000
Parasites,0.632051282051282,0.7938665,14000000
Parasites,0.632051282051282,0.7938893333333333,15000000
Parasites,0.632051282051282,0.793868,16000000
Parasites,0.632051282051282,0.7938996470588235,17000000
Parasites,0.632051282051282,0.7939171111111111,18000000
Parasites,0.632051282051282,0.7939154210526316,19000000
Parasites,0.632051282051282,0.79393525,20000000
Parasites,0.632051282051282,0.7939120952380953,21000000
Parasites,0.632051282051282,0.7939054545454546,22000000
Parasites,0.632051282051282,0.7938970434782608,23000000
Parasites,0.632051282051282,0.7939027083333333,24000000
Parasites,0.632051282051282,0.79389864,25000000
Parasites,0.632051282051282,0.7938858461538462,26000000
Parasites,0.632051282051282,0.7938906666666666,27000000
Parasites,0.632051282051282,0.7938677142857142,28000000
Parasites,0.632051282051282,0.7938748275862069,29000000
Parasites,0.632051282051282,0.7938775666666666,30000000
Parasites,0.632051282051282,0.7938607741935484,31000000
Parasites,0.632051282051282,0.79386490625,32000000
Parasites,0.632051282051282,0.7938665454545455,33000000
Parasites,0.632051282051282,0.793853794117647,34000000
Parasites,0.632051282051282,0.7938527142857142,35000000
Parasites,0.632051282051282,0.7938482222222222,36000000
Parasites,0.632051282051282,0.7938378108108108,37000000
Parasites,0.632051282051282,0.7938257631578948,38000000
Parasites,0.632051282051282,0.7938367435897435,39000000
Parasites,0.632051282051282,0.793832675,40000000
Parasites,0.632051282051282,0.793851731707317,41000000
Parasites,0.632051282051282,0.7938321666666667,42000000
Parasites,0.632051282051282,0.7938431395348837,43000000
Parasites,0.632051282051282,0.79384575,44000000
Parasites,0.632051282051282,0.7938561111111111,45000000
Parasites,0.632051282051282,0.793856152173913,46000000
Parasites,0.632051282051282,0.7938553829787234,47000000
Parasites,0.632051282051282,0.7938459583333334,48000000
Parasites,0.632051282051282,0.7938376734693877,49000000
Parasites,0.632051282051282,0.79385658,50000000
Parasites,0.632051282051282,0.793852431372549,51000000
Parasites,0.632051282051282,0.7938492307692308,52000000
Parasites,0.632051282051282,0.793852320754717,53000000
Parasites,0.632051282051282,0.7938547037037037,54000000
Parasites,0.632051282051282,0.7938650545454545,55000000
Parasites,0.632051282051282,0.7938768214285714,56000000
Parasites,0.632051282051282,0.7938832631578947,57000000
Parasites,0.632051282051282,0.7938806379310345,58000000
Parasites,0.632051282051282,0.7938800847457627,59000000
Parasites,0.632051282051282,0.7938823,60000000
Parasites,0.632051282051282,0.7938824262295082,61000000
Parasites,0.632051282051282,0.793886564516129,62000000
Parasites,0.632051282051282,0.7938934761904762,63000000
Parasites,0.632051282051282,0.7938955625,64000000
Parasites,0.632051282051282,0.7938951384615385,65000000
Parasites,0.632051282051282,0.7938955454545454,66000000
Parasites,0.632051282051282,0.7939034328358209,67000000
Parasites,0.632051282051282,0.7939064852941177,68000000
Parasites,0.632051282051282,0.7939136231884057,69000000
Parasites,0.632051282051282,0.7939121714285714,70000000
Parasites,0.632051282051282,0.7939141126760564,71000000
Parasites,0.632051282051282,0.7939125833333334,72000000
Parasites,0.632051282051282,0.7939145753424658,73000000
Parasites,0.632051282051282,0.7939212702702703,74000000
Parasites,0.632051282051282,0.7939253466666667,75000000
Parasites,0.632051282051282,0.7939252894736842,76000000
Parasites,0.632051282051282,0.7939238831168831,77000000
Parasites,0.632051282051282,0.7939229102564103,78000000
Parasites,0.632051282051282,0.7939185696202532,79000000
Parasites,0.632051282051282,0.7939117,80000000
Parasites,0.632051282051282,0.7939008148148148,81000000
Parasites,0.632051282051282,0.7939004512195122,82000000
Parasites,0.632051282051282,0.7939062048192771,83000000
Parasites,0.632051282051282,0.7939006666666667,84000000
Parasites,0.632051282051282,0.7939039058823529,85000000
Parasites,0.632051282051282,0.7939065,86000000
Parasites,0.632051282051282,0.793906540229885,87000000
Parasites,0.632051282051282,0.7939089318181818,88000000
Parasites,0.632051282051282,0.7939113707865169,89000000
Parasites,0.632051282051282,0.7939171333333334,90000000
Parasites,0.632051282051282,0.7939223626373626,91000000
Parasites,0.632051282051282,0.7939229891304348,92000000
Parasites,0.632051282051282,0.7939244193548387,93000000
Parasites,0.632051282051282,0.7939180106382979,94000000
Parasites,0.632051282051282,0.7939268315789474,95000000
Parasites,0.632051282051282,0.79392203125,96000000
Parasites,0.632051282051282,0.793929649484536,97000000
Parasites,0.632051282051282,0.7939224081632653,98000000
Parasites,0.632051282051282,0.7939205858585858,99000000
Parasites,0.632051282051282,0.79392363,100000000
