Parasites,0.49018567639257293,0.360945,1000000
Parasites,0.49018567639257293,0.360934,2000000
Parasites,0.49018567639257293,0.36109833333333335,3000000
Parasites,0.49018567639257293,0.36106475,4000000
Parasites,0.49018567639257293,0.3611026,5000000
Parasites,0.49018567639257293,0.36110533333333333,6000000
Parasites,0.49018567639257293,0.360988,7000000
Parasites,0.49018567639257293,0.360895375,8000000
Parasites,0.49018567639257293,0.3609828888888889,9000000
Parasites,0.49018567639257293,0.3609793,10000000
Parasites,0.49018567639257293,0.36095418181818184,11000000
Parasites,0.49018567639257293,0.3609534166666667,12000000
Parasites,0.49018567639257293,0.36094476923076924,13000000
Parasites,0.49018567639257293,0.3609395714285714,14000000
Parasites,0.49018567639257293,0.3609404,15000000
Parasites,0.49018567639257293,0.360930375,16000000
Parasites,0.49018567639257293,0.36090723529411767,17000000
Parasites,0.49018567639257293,0.360877,18000000
Parasites,0.49018567639257293,0.360896,19000000
Parasites,0.49018567639257293,0.36089555,20000000
Parasites,0.49018567639257293,0.36090447619047616,21000000
Parasites,0.49018567639257293,0.36090195454545454,22000000
Parasites,0.49018567639257293,0.36090308695652173,23000000
Parasites,0.49018567639257293,0.36088895833333334,24000000
Parasites,0.49018567639257293,0.36087112,25000000
Parasites,0.49018567639257293,0.36088365384615384,26000000
Parasites,0.49018567639257293,0.36089455555555555,27000000
Parasites,0.49018567639257293,0.36088092857142856,28000000
Parasites,0.49018567639257293,0.36089793103448276,29000000
Parasites,0.49018567639257293,0.3608818,30000000
Parasites,0.49018567639257293,0.3608919677419355,31000000
Parasites,0.49018567639257293,0.36086378125,32000000
Parasites,0.49018567639257293,0.3608545151515152,33000000
Parasites,0.49018567639257293,0.36084767647058824,34000000
Parasites,0.49018567639257293,0.36086182857142857,35000000
Parasites,0.49018567639257293,0.36086480555555556,36000000
Parasites,0.49018567639257293,0.3608580540540541,37000000
Parasites,0.49018567639257293,0.36085728947368423,38000000
Parasites,0.49018567639257293,0.360874358974359,39000000
Parasites,0.49018567639257293,0.3608976,40000000
Parasites,0.49018567639257293,0.3609258536585366,41000000
Parasites,0.49018567639257293,0.360928619047619,42000000
Parasites,0.49018567639257293,0.36095602325581394,43000000
Parasites,0.49018567639257293,0.36095313636363635,44000000
Parasites,0.49018567639257293,0.3609574222222222,45000000
Parasites,0.49018567639257293,0.36096567391304346,46000000
Parasites,0.49018567639257293,0.36097140425531915,47000000
Parasites,0.49018567639257293,0.36097,48000000
Parasites,0.49018567639257293,0.3609782857142857,49000000
Parasites,0.49018567639257293,0.36098756,50000000
Parasites,0.49018567639257293,0.36098023529411766,51000000
Parasites,0.49018567639257293,0.36098475,52000000
Parasites,0.49018567639257293,0.3609781886792453,53000000
Parasites,0.49018567639257293,0.3609953703703704,54000000
Parasites,0.49018567639257293,0.3609819818181818,55000000
Parasites,0.49018567639257293,0.36097630357142857,56000000
Parasites,0.49018567639257293,0.3609806315789474,57000000
Parasites,0.49018567639257293,0.360978275862069,58000000
Parasites,0.49018567639257293,0.3609815593220339,59000000
Parasites,0.49018567639257293,0.36097708333333334,60000000
Parasites,0.49018567639257293,0.3609878524590164,61000000
Parasites,0.49018567639257293,0.36098214516129035,62000000
Parasites,0.49018567639257293,0.3609778888888889,63000000
Parasites,0.49018567639257293,0.3609814375,64000000
Parasites,0.49018567639257293,0.3609847230769231,65000000
Parasites,0.49018567639257293,0.3609784848484848,66000000
Parasites,0.49018567639257293,0.36097923880597016,67000000
Parasites,0.49018567639257293,0.36098060294117645,68000000
Parasites,0.49018567639257293,0.3609934927536232,69000000
Parasites,0.49018567639257293,0.36099472857142856,70000000
Parasites,0.49018567639257293,0.36099538028169015,71000000
Parasites,0.49018567639257293,0.3609962222222222,72000000
Parasites,0.49018567639257293,0.3610001506849315,73000000
Parasites,0.49018567639257293,0.3609925135135135,74000000
Parasites,0.49018567639257293,0.3609916933333333,75000000
Parasites,0.49018567639257293,0.3610031842105263,76000000
Parasites,0.49018567639257293,0.3610092597402597,77000000
Parasites,0.49018567639257293,0.36100971794871795,78000000
Parasites,0.49018567639257293,0.3610106075949367,79000000
Parasites,0.49018567639257293,0.361020625,80000000
Parasites,0.49018567639257293,0.3610174320987654,81000000
Parasites,0.49018567639257293,0.3610196707317073,82000000
Parasites,0.49018567639257293,0.3610169518072289,83000000
Parasites,0.49018567639257293,0.36101489285714283,84000000
Parasites,0.49018567639257293,0.3610224117647059,85000000
Parasites,0.49018567639257293,0.3610126162790698,86000000
Parasites,0.49018567639257293,0.3610178965517241,87000000
Parasites,0.49018567639257293,0.361016,88000000
Parasites,0.49018567639257293,0.3610129438202247,89000000
Parasites,0.49018567639257293,0.3610215333333333,90000000
Parasites,0.49018567639257293,0.3610323076923077,91000000
Parasites,0.49018567639257293,0.36103253260869567,92000000
Parasites,0.49018567639257293,0.36103382795698924,93000000
Parasites,0.49018567639257293,0.361036585106383,94000000
Parasites,0.49018567639257293,0.36104125263157893,95000000
Parasites,0.49018567639257293,0.36104184375,96000000
Parasites,0.49018567639257293,0.361050587628866,97000000
Parasites,0.49018567639257293,0.36104952040816324,98000000
Parasites,0.49018567639257293,0.3610529797979798,99000000
Parasites,0.49018567639257293,0.36105233,100000000
