Parasites,0.5887681159420289,0.965665,1000000
Parasites,0.5887681159420289,0.9656995,2000000
Parasites,0.5887681159420289,0.965664,3000000
Parasites,0.5887681159420289,0.9656425,4000000
Parasites,0.5887681159420289,0.9657544,5000000
Parasites,0.5887681159420289,0.9657836666666667,6000000
Parasites,0.5887681159420289,0.965765,7000000
Parasites,0.5887681159420289,0.965780625,8000000
Parasites,0.5887681159420289,0.9657808888888889,9000000
Parasites,0.5887681159420289,0.9657854,10000000
Parasites,0.5887681159420289,0.965811,11000000
Parasites,0.5887681159420289,0.9658096666666667,12000000
Parasites,0.5887681159420289,0.9658156153846154,13000000
Parasites,0.5887681159420289,0.9657952857142857,14000000
Parasites,0.5887681159420289,0.9657844666666666,15000000
Parasites,0.5887681159420289,0.9657680625,16000000
Parasites,0.5887681159420289,0.9657504705882353,17000000
Parasites,0.5887681159420289,0.9657428888888889,18000000
Parasites,0.5887681159420289,0.965750052631579,19000000
Parasites,0.5887681159420289,0.9657532,20000000
Parasites,0.5887681159420289,0.9657436190476191,21000000
Parasites,0.5887681159420289,0.9657439545454546,22000000
Parasites,0.5887681159420289,0.9657395217391305,23000000
Parasites,0.5887681159420289,0.9657365,24000000
Parasites,0.5887681159420289,0.96574584,25000000
Parasites,0.5887681159420289,0.965753423076923,26000000
Parasites,0.5887681159420289,0.9657600370370371,27000000
Parasites,0.5887681159420289,0.9657625,28000000
Parasites,0.5887681159420289,0.9657708965517241,29000000
Parasites,0.5887681159420289,0.9657649,30000000
Parasites,0.5887681159420289,0.965756193548387,31000000
Parasites,0.5887681159420289,0.9657525,32000000
Parasites,0.5887681159420289,0.9657473333333333,33000000
Parasites,0.5887681159420289,0.965746294117647,34000000
Parasites,0.5887681159420289,0.9657430857142857,35000000
Parasites,0.5887681159420289,0.9657473611111111,36000000
Parasites,0.5887681159420289,0.965742918918919,37000000
Parasites,0.5887681159420289,0.9657413947368421,38000000
Parasites,0.5887681159420289,0.9657481025641026,39000000
Parasites,0.5887681159420289,0.9657454,40000000
Parasites,0.5887681159420289,0.9657527804878049,41000000
Parasites,0.5887681159420289,0.9657427380952381,42000000
Parasites,0.5887681159420289,0.9657427906976744,43000000
Parasites,0.5887681159420289,0.9657379090909091,44000000
Parasites,0.5887681159420289,0.9657404888888889,45000000
Parasites,0.5887681159420289,0.9657397826086956,46000000
Parasites,0.5887681159420289,0.9657404893617021,47000000
Parasites,0.5887681159420289,0.9657374375,48000000
Parasites,0.5887681159420289,0.9657339795918367,49000000
Parasites,0.5887681159420289,0.9657349,50000000
Parasites,0.5887681159420289,0.9657343921568627,51000000
Parasites,0.5887681159420289,0.9657362115384616,52000000
Parasites,0.5887681159420289,0.9657326981132075,53000000
Parasites,0.5887681159420289,0.9657357592592593,54000000
Parasites,0.5887681159420289,0.9657331636363636,55000000
Parasites,0.5887681159420289,0.965726125,56000000
Parasites,0.5887681159420289,0.9657322807017544,57000000
Parasites,0.5887681159420289,0.9657341896551724,58000000
Parasites,0.5887681159420289,0.9657392711864407,59000000
Parasites,0.5887681159420289,0.96573135,60000000
Parasites,0.5887681159420289,0.9657304262295082,61000000
Parasites,0.5887681159420289,0.9657327258064516,62000000
Parasites,0.5887681159420289,0.9657346825396825,63000000
Parasites,0.5887681159420289,0.96573621875,64000000
Parasites,0.5887681159420289,0.9657288153846154,65000000
Parasites,0.5887681159420289,0.9657260757575757,66000000
Parasites,0.5887681159420289,0.9657252835820895,67000000
Parasites,0.5887681159420289,0.96572625,68000000
Parasites,0.5887681159420289,0.9657242463768116,69000000
Parasites,0.5887681159420289,0.9657242428571429,70000000
Parasites,0.5887681159420289,0.9657266197183099,71000000
Parasites,0.5887681159420289,0.9657226527777778,72000000
Parasites,0.5887681159420289,0.965724,73000000
Parasites,0.5887681159420289,0.9657231891891892,74000000
Parasites,0.5887681159420289,0.9657245066666666,75000000
Parasites,0.5887681159420289,0.9657241447368421,76000000
Parasites,0.5887681159420289,0.9657263246753247,77000000
Parasites,0.5887681159420289,0.9657274358974359,78000000
Parasites,0.5887681159420289,0.9657294556962025,79000000
Parasites,0.5887681159420289,0.9657274375,80000000
Parasites,0.5887681159420289,0.9657223456790124,81000000
Parasites,0.5887681159420289,0.9657208536585365,82000000
Parasites,0.5887681159420289,0.9657227228915662,83000000
Parasites,0.5887681159420289,0.9657255357142858,84000000
Parasites,0.5887681159420289,0.9657223529411765,85000000
Parasites,0.5887681159420289,0.9657246046511628,86000000
Parasites,0.5887681159420289,0.9657241494252874,87000000
Parasites,0.5887681159420289,0.96572875,88000000
Parasites,0.5887681159420289,0.9657260224719101,89000000
Parasites,0.5887681159420289,0.9657264555555556,90000000
Parasites,0.5887681159420289,0.9657229010989011,91000000
Parasites,0.5887681159420289,0.9657247065217391,92000000
Parasites,0.5887681159420289,0.965729870967742,93000000
Parasites,0.5887681159420289,0.965729329787234,94000000
Parasites,0.5887681159420289,0.965732,95000000
Parasites,0.5887681159420289,0.9657295,96000000
Parasites,0.5887681159420289,0.9657257422680412,97000000
Parasites,0.5887681159420289,0.965725275510204,98000000
Parasites,0.5887681159420289,0.9657260404040404,99000000
Parasites,0.5887681159420289,0.96572517,100000000
