Herbivores,0.4913639070875521,0.928993,1000000
Herbivores,0.4913639070875521,0.9289525,2000000
Herbivores,0.4913639070875521,0.9289423333333333,3000000
Herbivores,0.4913639070875521,0.92877325,4000000
Herbivores,0.4913639070875521,0.9289182,5000000
Herbivores,0.4913639070875521,0.9288688333333334,6000000
Herbivores,0.4913639070875521,0.9288584285714285,7000000
Herbivores,0.4913639070875521,0.92886375,8000000
Herbivores,0.4913639070875521,0.9288842222222222,9000000
Herbivores,0.4913639070875521,0.9288924,10000000
Herbivores,0.4913639070875521,0.928857,11000000
Herbivores,0.4913639070875521,0.9288606666666667,12000000
Herbivores,0.4913639070875521,0.9288541538461539,13000000
Herbivores,0.4913639070875521,0.928832,14000000
Herbivores,0.4913639070875521,0.9288289333333334,15000000
Herbivores,0.4913639070875521,0.9288453125,16000000
Herbivores,0.4913639070875521,0.9288125294117647,17000000
Herbivores,0.4913639070875521,0.9287952222222222,18000000
Herbivores,0.4913639070875521,0.9287954210526316,19000000
Herbivores,0.4913639070875521,0.9287975,20000000
Herbivores,0.4913639070875521,0.9288081428571429,21000000
Herbivores,0.4913639070875521,0.9288078181818182,22000000
Herbivores,0.4913639070875521,0.9288068695652174,23000000
Herbivores,0.4913639070875521,0.928820625,24000000
Herbivores,0.4913639070875521,0.928827,25000000
Herbivores,0.4913639070875521,0.9288358076923077,26000000
Herbivores,0.4913639070875521,0.9288226296296296,27000000
Herbivores,0.4913639070875521,0.9288083214285714,28000000
Herbivores,0.4913639070875521,0.9288165172413793,29000000
Herbivores,0.4913639070875521,0.9288113,30000000
Herbivores,0.4913639070875521,0.9287971935483871,31000000
Herbivores,0.4913639070875521,0.92879596875,32000000
Herbivores,0.4913639070875521,0.9288038484848485,33000000
Herbivores,0.4913639070875521,0.9287998823529412,34000000
Herbivores,0.4913639070875521,0.9287932,35000000
Herbivores,0.4913639070875521,0.9287864722222222,36000000
Herbivores,0.4913639070875521,0.928791054054054,37000000
Herbivores,0.4913639070875521,0.9287951578947369,38000000
Herbivores,0.4913639070875521,0.9288032307692308,39000000
Herbivores,0.4913639070875521,0.928803025,40000000
Herbivores,0.4913639070875521,0.9288062195121951,41000000
Herbivores,0.4913639070875521,0.9288065238095238,42000000
Herbivores,0.4913639070875521,0.928806023255814,43000000
Herbivores,0.4913639070875521,0.9288106590909091,44000000
Herbivores,0.4913639070875521,0.928815,45000000
Herbivores,0.4913639070875521,0.9288207391304348,46000000
Herbivores,0.4913639070875521,0.9288146170212765,47000000
Herbivores,0.4913639070875521,0.9288151666666666,48000000
Herbivores,0.4913639070875521,0.9288115510204081,49000000
Herbivores,0.4913639070875521,0.9288051,50000000
Herbivores,0.4913639070875521,0.9288021764705883,51000000
Herbivores,0.4913639070875521,0.9288024615384616,52000000
Herbivores,0.4913639070875521,0.9288059245283019,53000000
Herbivores,0.4913639070875521,0.9288045555555555,54000000
Herbivores,0.4913639070875521,0.9288061090909091,55000000
Herbivores,0.4913639070875521,0.9288088928571429,56000000
Herbivores,0.4913639070875521,0.9288093333333334,57000000
Herbivores,0.4913639070875521,0.9288089827586207,58000000
Herbivores,0.4913639070875521,0.9287989152542373,59000000
Herbivores,0.4913639070875521,0.9287965666666667,60000000
Herbivores,0.4913639070875521,0.9287962131147541,61000000
Herbivores,0.4913639070875521,0.9287921451612903,62000000
Herbivores,0.4913639070875521,0.9287932857142858,63000000
Herbivores,0.4913639070875521,0.928802125,64000000
Herbivores,0.4913639070875521,0.9288048,65000000
Herbivores,0.4913639070875521,0.9288059090909091,66000000
Herbivores,0.4913639070875521,0.9288034776119403,67000000
Herbivores,0.4913639070875521,0.9287991764705882,68000000
Herbivores,0.4913639070875521,0.9288032898550724,69000000
Herbivores,0.4913639070875521,0.9288062142857143,70000000
Herbivores,0.4913639070875521,0.9288109014084507,71000000
Herbivores,0.4913639070875521,0.9288058194444444,72000000
Herbivores,0.4913639070875521,0.928805890410959,73000000
Herbivores,0.4913639070875521,0.9288054324324324,74000000
Herbivores,0.4913639070875521,0.9288048533333333,75000000
Herbivores,0.4913639070875521,0.9288012368421052,76000000
Herbivores,0.4913639070875521,0.9287975064935065,77000000
Herbivores,0.4913639070875521,0.9287981153846154,78000000
Herbivores,0.4913639070875521,0.928806088607595,79000000
Herbivores,0.4913639070875521,0.9288085375,80000000
Herbivores,0.4913639070875521,0.9288074444444444,81000000
Herbivores,0.4913639070875521,0.9288061219512195,82000000
Herbivores,0.4913639070875521,0.9288048554216868,83000000
Herbivores,0.4913639070875521,0.9288072619047619,84000000
Herbivores,0.4913639070875521,0.9288089764705882,85000000
Herbivores,0.4913639070875521,0.9288051744186047,86000000
Herbivores,0.4913639070875521,0.9288094942528735,87000000
Herbivores,0.4913639070875521,0.9288113636363636,88000000
Herbivores,0.4913639070875521,0.928810797752809,89000000
Herbivores,0.4913639070875521,0.9288106,90000000
Herbivores,0.4913639070875521,0.928810021978022,91000000
Herbivores,0.4913639070875521,0.9288092282608695,92000000
Herbivores,0.4913639070875521,0.9288097311827958,93000000
Herbivores,0.4913639070875521,0.9288104574468085,94000000
Herbivores,0.4913639070875521,0.9288111263157894,95000000
Herbivores,0.4913639070875521,0.9288112083333333,96000000
Herbivores,0.4913639070875521,0.9288138865979382,97000000
Herbivores,0.4913639070875521,0.928812693877551,98000000
Herbivores,0.4913639070875521,0.928818404040404,99000000
Herbivores,0.4913639070875521,0.92881527,100000000
