Parasites,0.786468433527257,0.001415,1000000
Parasites,0.786468433527257,0.001414,2000000
Parasites,0.786468433527257,0.0014386666666666667,3000000
Parasites,0.786468433527257,0.00143125,4000000
Parasites,0.786468433527257,0.0014192,5000000
Parasites,0.786468433527257,0.0014158333333333334,6000000
Parasites,0.786468433527257,0.0014162857142857143,7000000
Parasites,0.786468433527257,0.00141575,8000000
Parasites,0.786468433527257,0.0014183333333333333,9000000
Parasites,0.786468433527257,0.0014239,10000000
Parasites,0.786468433527257,0.0014228181818181818,11000000
Parasites,0.786468433527257,0.0014215833333333333,12000000
Parasites,0.786468433527257,0.001421,13000000
Parasites,0.786468433527257,0.0014244285714285715,14000000
Parasites,0.786468433527257,0.0014225333333333333,15000000
Parasites,0.786468433527257,0.0014203125,16000000
Parasites,0.786468433527257,0.0014208823529411765,17000000
Parasites,0.786468433527257,0.0014235,18000000
Parasites,0.786468433527257,0.0014208947368421054,19000000
Parasites,0.786468433527257,0.00142095,20000000
Parasites,0.786468433527257,0.001419047619047619,21000000
Parasites,0.786468433527257,0.0014195909090909092,22000000
Parasites,0.786468433527257,0.001419695652173913,23000000
Parasites,0.786468433527257,0.001420625,24000000
Parasites,0.786468433527257,0.00142088,25000000
Parasites,0.786468433527257,0.0014212307692307692,26000000
Parasites,0.786468433527257,0.001421,27000000
Parasites,0.786468433527257,0.0014215357142857144,28000000
Parasites,0.786468433527257,0.0014209310344827587,29000000
Parasites,0.786468433527257,0.0014219,30000000
Parasites,0.786468433527257,0.0014221935483870968,31000000
Parasites,0.786468433527257,0.0014226875,32000000
Parasites,0.786468433527257,0.0014247272727272728,33000000
Parasites,0.786468433527257,0.0014242941176470588,34000000
Parasites,0.786468433527257,0.0014238857142857143,35000000
Parasites,0.786468433527257,0.0014230277777777778,36000000
Parasites,0.786468433527257,0.0014223243243243243,37000000
Parasites,0.786468433527257,0.0014217368421052632,38000000
Parasites,0.786468433527257,0.001421948717948718,39000000
Parasites,0.786468433527257,0.00142315,40000000
Parasites,0.786468433527257,0.0014228048780487806,41000000
Parasites,0.786468433527257,0.0014248571428571429,42000000
Parasites,0.786468433527257,0.0014256976744186046,43000000
Parasites,0.786468433527257,0.0014261136363636364,44000000
Parasites,0.786468433527257,0.0014249333333333333,45000000
Parasites,0.786468433527257,0.0014244565217391304,46000000
Parasites,0.786468433527257,0.0014258723404255319,47000000
Parasites,0.786468433527257,0.0014242291666666667,48000000
Parasites,0.786468433527257,0.0014239183673469388,49000000
Parasites,0.786468433527257,0.00142428,50000000
Parasites,0.786468433527257,0.0014252156862745097,51000000
Parasites,0.786468433527257,0.00142475,52000000
Parasites,0.786468433527257,0.0014243207547169812,53000000
Parasites,0.786468433527257,0.0014243518518518518,54000000
Parasites,0.786468433527257,0.0014242,55000000
Parasites,0.786468433527257,0.0014244642857142856,56000000
Parasites,0.786468433527257,0.001423421052631579,57000000
Parasites,0.786468433527257,0.0014235,58000000
Parasites,0.786468433527257,0.001422186440677966,59000000
Parasites,0.786468433527257,0.0014217,60000000
Parasites,0.786468433527257,0.0014218032786885246,61000000
Parasites,0.786468433527257,0.0014221451612903226,62000000
Parasites,0.786468433527257,0.0014223333333333334,63000000
Parasites,0.786468433527257,0.001423484375,64000000
Parasites,0.786468433527257,0.001423,65000000
Parasites,0.786468433527257,0.0014226818181818182,66000000
Parasites,0.786468433527257,0.0014227313432835821,67000000
Parasites,0.786468433527257,0.0014225882352941175,68000000
Parasites,0.786468433527257,0.0014221884057971014,69000000
Parasites,0.786468433527257,0.0014227714285714285,70000000
Parasites,0.786468433527257,0.001421887323943662,71000000
Parasites,0.786468433527257,0.0014223333333333334,72000000
Parasites,0.786468433527257,0.0014227534246575343,73000000
Parasites,0.786468433527257,0.001422810810810811,74000000
Parasites,0.786468433527257,0.0014223333333333334,75000000
Parasites,0.786468433527257,0.0014223684210526316,76000000
Parasites,0.786468433527257,0.001422909090909091,77000000
Parasites,0.786468433527257,0.0014229230769230768,78000000
Parasites,0.786468433527257,0.0014230886075949367,79000000
Parasites,0.786468433527257,0.0014230375,80000000
Parasites,0.786468433527257,0.001422753086419753,81000000
Parasites,0.786468433527257,0.0014229268292682926,82000000
Parasites,0.786468433527257,0.0014233253012048194,83000000
Parasites,0.786468433527257,0.0014232261904761905,84000000
Parasites,0.786468433527257,0.0014231764705882352,85000000
Parasites,0.786468433527257,0.0014237093023255815,86000000
Parasites,0.786468433527257,0.0014241379310344828,87000000
Parasites,0.786468433527257,0.0014245227272727272,88000000
Parasites,0.786468433527257,0.0014244719101123595,89000000
Parasites,0.786468433527257,0.0014249888888888888,90000000
Parasites,0.786468433527257,0.001424879120879121,91000000
Parasites,0.786468433527257,0.0014251304347826087,92000000
Parasites,0.786468433527257,0.0014251935483870967,93000000
Parasites,0.786468433527257,0.001425627659574468,94000000
Parasites,0.786468433527257,0.0014248315789473684,95000000
Parasites,0.786468433527257,0.0014244375,96000000
Parasites,0.786468433527257,0.001425298969072165,97000000
Parasites,0.786468433527257,0.0014258979591836734,98000000
Parasites,0.786468433527257,0.0014262525252525253,99000000
Parasites,0.786468433527257,0.00142626,100000000
