Herbivores,0.2561576354679803,2.2e-5,1000000
Herbivores,0.2561576354679803,3.4e-5,2000000
Herbivores,0.2561576354679803,3.366666666666667e-5,3000000
Herbivores,0.2561576354679803,3.5e-5,4000000
Herbivores,0.2561576354679803,3.5e-5,5000000
Herbivores,0.2561576354679803,3.566666666666667e-5,6000000
Herbivores,0.2561576354679803,3.8857142857142854e-5,7000000
Herbivores,0.2561576354679803,3.7625e-5,8000000
Herbivores,0.2561576354679803,3.777777777777778e-5,9000000
Herbivores,0.2561576354679803,3.78e-5,10000000
Herbivores,0.2561576354679803,3.7454545454545454e-5,11000000
Herbivores,0.2561576354679803,3.816666666666667e-5,12000000
Herbivores,0.2561576354679803,3.8e-5,13000000
Herbivores,0.2561576354679803,3.771428571428571e-5,14000000
Herbivores,0.2561576354679803,3.766666666666667e-5,15000000
Herbivores,0.2561576354679803,3.8125e-5,16000000
Herbivores,0.2561576354679803,3.7352941176470585e-5,17000000
Herbivores,0.2561576354679803,3.766666666666667e-5,18000000
Herbivores,0.2561576354679803,3.789473684210526e-5,19000000
Herbivores,0.2561576354679803,3.8e-5,20000000
Herbivores,0.2561576354679803,3.809523809523809e-5,21000000
Herbivores,0.2561576354679803,3.8045454545454545e-5,22000000
Herbivores,0.2561576354679803,3.7652173913043476e-5,23000000
Herbivores,0.2561576354679803,3.7583333333333337e-5,24000000
Herbivores,0.2561576354679803,3.792e-5,25000000
Herbivores,0.2561576354679803,3.7961538461538464e-5,26000000
Herbivores,0.2561576354679803,3.8296296296296296e-5,27000000
Herbivores,0.2561576354679803,3.821428571428572e-5,28000000
Herbivores,0.2561576354679803,3.824137931034483e-5,29000000
Herbivores,0.2561576354679803,3.866666666666667e-5,30000000
Herbivores,0.2561576354679803,3.880645161290322e-5,31000000
Herbivores,0.2561576354679803,3.859375e-5,32000000
Herbivores,0.2561576354679803,3.845454545454546e-5,33000000
Herbivores,0.2561576354679803,3.8294117647058826e-5,34000000
Herbivores,0.2561576354679803,3.868571428571429e-5,35000000
Herbivores,0.2561576354679803,3.85e-5,36000000
Herbivores,0.2561576354679803,3.867567567567567e-5,37000000
Herbivores,0.2561576354679803,3.868421052631579e-5,38000000
Herbivores,0.2561576354679803,3.8641025641025644e-5,39000000
Herbivores,0.2561576354679803,3.8475e-5,40000000
Herbivores,0.2561576354679803,3.8609756097560974e-5,41000000
Herbivores,0.2561576354679803,3.85952380952381e-5,42000000
Herbivores,0.2561576354679803,3.8627906976744184e-5,43000000
Herbivores,0.2561576354679803,3.8545454545454544e-5,44000000
Herbivores,0.2561576354679803,3.855555555555556e-5,45000000
Herbivores,0.2561576354679803,3.8630434782608694e-5,46000000
Herbivores,0.2561576354679803,3.8680851063829784e-5,47000000
Herbivores,0.2561576354679803,3.8604166666666665e-5,48000000
Herbivores,0.2561576354679803,3.887755102040816e-5,49000000
Herbivores,0.2561576354679803,3.878e-5,50000000
Herbivores,0.2561576354679803,3.872549019607843e-5,51000000
Herbivores,0.2561576354679803,3.859615384615385e-5,52000000
Herbivores,0.2561576354679803,3.869811320754717e-5,53000000
Herbivores,0.2561576354679803,3.866666666666667e-5,54000000
Herbivores,0.2561576354679803,3.8563636363636363e-5,55000000
Herbivores,0.2561576354679803,3.842857142857143e-5,56000000
Herbivores,0.2561576354679803,3.843859649122807e-5,57000000
Herbivores,0.2561576354679803,3.839655172413793e-5,58000000
Herbivores,0.2561576354679803,3.8338983050847456e-5,59000000
Herbivores,0.2561576354679803,3.843333333333333e-5,60000000
Herbivores,0.2561576354679803,3.8540983606557376e-5,61000000
Herbivores,0.2561576354679803,3.8580645161290324e-5,62000000
Herbivores,0.2561576354679803,3.857142857142857e-5,63000000
Herbivores,0.2561576354679803,3.859375e-5,64000000
Herbivores,0.2561576354679803,3.866153846153846e-5,65000000
Herbivores,0.2561576354679803,3.86969696969697e-5,66000000
Herbivores,0.2561576354679803,3.876119402985074e-5,67000000
Herbivores,0.2561576354679803,3.86764705882353e-5,68000000
Herbivores,0.2561576354679803,3.859420289855073e-5,69000000
Herbivores,0.2561576354679803,3.861428571428571e-5,70000000
Herbivores,0.2561576354679803,3.863380281690141e-5,71000000
Herbivores,0.2561576354679803,3.865277777777778e-5,72000000
Herbivores,0.2561576354679803,3.864383561643836e-5,73000000
Herbivores,0.2561576354679803,3.845945945945946e-5,74000000
Herbivores,0.2561576354679803,3.849333333333333e-5,75000000
Herbivores,0.2561576354679803,3.856578947368421e-5,76000000
Herbivores,0.2561576354679803,3.851948051948052e-5,77000000
Herbivores,0.2561576354679803,3.846153846153846e-5,78000000
Herbivores,0.2561576354679803,3.8379746835443036e-5,79000000
Herbivores,0.2561576354679803,3.83125e-5,80000000
Herbivores,0.2561576354679803,3.834567901234568e-5,81000000
Herbivores,0.2561576354679803,3.8378048780487805e-5,82000000
Herbivores,0.2561576354679803,3.830120481927711e-5,83000000
Herbivores,0.2561576354679803,3.829761904761905e-5,84000000
Herbivores,0.2561576354679803,3.831764705882353e-5,85000000
Herbivores,0.2561576354679803,3.8290697674418604e-5,86000000
Herbivores,0.2561576354679803,3.8229885057471264e-5,87000000
Herbivores,0.2561576354679803,3.830681818181818e-5,88000000
Herbivores,0.2561576354679803,3.829213483146067e-5,89000000
Herbivores,0.2561576354679803,3.823333333333333e-5,90000000
Herbivores,0.2561576354679803,3.826373626373626e-5,91000000
Herbivores,0.2561576354679803,3.8206521739130435e-5,92000000
Herbivores,0.2561576354679803,3.80752688172043e-5,93000000
Herbivores,0.2561576354679803,3.809574468085106e-5,94000000
Herbivores,0.2561576354679803,3.7968421052631576e-5,95000000
Herbivores,0.2561576354679803,3.7927083333333335e-5,96000000
Herbivores,0.2561576354679803,3.7876288659793816e-5,97000000
Herbivores,0.2561576354679803,3.7979591836734694e-5,98000000
Herbivores,0.2561576354679803,3.807070707070707e-5,99000000
Herbivores,0.2561576354679803,3.794e-5,100000000
