Consumers,0.5035552682611506,3.0e-6,1000000
Consumers,0.5035552682611506,2.5e-6,2000000
Consumers,0.5035552682611506,2.666666666666667e-6,3000000
Consumers,0.5035552682611506,2.25e-6,4000000
Consumers,0.5035552682611506,2.0e-6,5000000
Consumers,0.5035552682611506,2.0e-6,6000000
Consumers,0.5035552682611506,1.7142857142857143e-6,7000000
Consumers,0.5035552682611506,1.75e-6,8000000
Consumers,0.5035552682611506,1.6666666666666667e-6,9000000
Consumers,0.5035552682611506,1.6e-6,10000000
Consumers,0.5035552682611506,1.4545454545454546e-6,11000000
Consumers,0.5035552682611506,1.5833333333333333e-6,12000000
Consumers,0.5035552682611506,1.6923076923076924e-6,13000000
Consumers,0.5035552682611506,1.7142857142857143e-6,14000000
Consumers,0.5035552682611506,1.7333333333333334e-6,15000000
Consumers,0.5035552682611506,1.9375e-6,16000000
Consumers,0.5035552682611506,1.9411764705882353e-6,17000000
Consumers,0.5035552682611506,1.8888888888888888e-6,18000000
Consumers,0.5035552682611506,1.8947368421052632e-6,19000000
Consumers,0.5035552682611506,1.85e-6,20000000
Consumers,0.5035552682611506,1.7619047619047619e-6,21000000
Consumers,0.5035552682611506,1.7272727272727273e-6,22000000
Consumers,0.5035552682611506,1.6956521739130435e-6,23000000
Consumers,0.5035552682611506,1.75e-6,24000000
Consumers,0.5035552682611506,1.68e-6,25000000
Consumers,0.5035552682611506,1.6923076923076924e-6,26000000
Consumers,0.5035552682611506,1.6296296296296297e-6,27000000
Consumers,0.5035552682611506,1.7142857142857143e-6,28000000
Consumers,0.5035552682611506,1.6551724137931035e-6,29000000
Consumers,0.5035552682611506,1.6333333333333333e-6,30000000
Consumers,0.5035552682611506,1.6129032258064516e-6,31000000
Consumers,0.5035552682611506,1.625e-6,32000000
Consumers,0.5035552682611506,1.5757575757575759e-6,33000000
Consumers,0.5035552682611506,1.6176470588235295e-6,34000000
Consumers,0.5035552682611506,1.6285714285714286e-6,35000000
Consumers,0.5035552682611506,1.6388888888888889e-6,36000000
Consumers,0.5035552682611506,1.6216216216216216e-6,37000000
Consumers,0.5035552682611506,1.6578947368421053e-6,38000000
Consumers,0.5035552682611506,1.6666666666666667e-6,39000000
Consumers,0.5035552682611506,1.65e-6,40000000
Consumers,0.5035552682611506,1.6341463414634147e-6,41000000
Consumers,0.5035552682611506,1.6428571428571429e-6,42000000
Consumers,0.5035552682611506,1.6511627906976744e-6,43000000
Consumers,0.5035552682611506,1.6363636363636365e-6,44000000
Consumers,0.5035552682611506,1.6222222222222223e-6,45000000
Consumers,0.5035552682611506,1.608695652173913e-6,46000000
Consumers,0.5035552682611506,1.6382978723404255e-6,47000000
Consumers,0.5035552682611506,1.625e-6,48000000
Consumers,0.5035552682611506,1.6122448979591836e-6,49000000
Consumers,0.5035552682611506,1.64e-6,50000000
Consumers,0.5035552682611506,1.607843137254902e-6,51000000
Consumers,0.5035552682611506,1.6346153846153846e-6,52000000
Consumers,0.5035552682611506,1.660377358490566e-6,53000000
Consumers,0.5035552682611506,1.6296296296296297e-6,54000000
Consumers,0.5035552682611506,1.618181818181818e-6,55000000
Consumers,0.5035552682611506,1.6428571428571429e-6,56000000
Consumers,0.5035552682611506,1.6666666666666667e-6,57000000
Consumers,0.5035552682611506,1.689655172413793e-6,58000000
Consumers,0.5035552682611506,1.6949152542372882e-6,59000000
Consumers,0.5035552682611506,1.6666666666666667e-6,60000000
Consumers,0.5035552682611506,1.6393442622950819e-6,61000000
Consumers,0.5035552682611506,1.6129032258064516e-6,62000000
Consumers,0.5035552682611506,1.619047619047619e-6,63000000
Consumers,0.5035552682611506,1.609375e-6,64000000
Consumers,0.5035552682611506,1.6615384615384616e-6,65000000
Consumers,0.5035552682611506,1.6515151515151515e-6,66000000
Consumers,0.5035552682611506,1.626865671641791e-6,67000000
Consumers,0.5035552682611506,1.6029411764705882e-6,68000000
Consumers,0.5035552682611506,1.5797101449275363e-6,69000000
Consumers,0.5035552682611506,1.5714285714285714e-6,70000000
Consumers,0.5035552682611506,1.5492957746478873e-6,71000000
Consumers,0.5035552682611506,1.5277777777777778e-6,72000000
Consumers,0.5035552682611506,1.547945205479452e-6,73000000
Consumers,0.5035552682611506,1.527027027027027e-6,74000000
Consumers,0.5035552682611506,1.5066666666666667e-6,75000000
Consumers,0.5035552682611506,1.486842105263158e-6,76000000
Consumers,0.5035552682611506,1.5064935064935064e-6,77000000
Consumers,0.5035552682611506,1.5e-6,78000000
Consumers,0.5035552682611506,1.4936708860759495e-6,79000000
Consumers,0.5035552682611506,1.525e-6,80000000
Consumers,0.5035552682611506,1.5308641975308642e-6,81000000
Consumers,0.5035552682611506,1.573170731707317e-6,82000000
Consumers,0.5035552682611506,1.5662650602409638e-6,83000000
Consumers,0.5035552682611506,1.5595238095238095e-6,84000000
Consumers,0.5035552682611506,1.5647058823529412e-6,85000000
Consumers,0.5035552682611506,1.5465116279069767e-6,86000000
Consumers,0.5035552682611506,1.5632183908045978e-6,87000000
Consumers,0.5035552682611506,1.5454545454545454e-6,88000000
Consumers,0.5035552682611506,1.5393258426966293e-6,89000000
Consumers,0.5035552682611506,1.5222222222222222e-6,90000000
Consumers,0.5035552682611506,1.5164835164835164e-6,91000000
Consumers,0.5035552682611506,1.5e-6,92000000
Consumers,0.5035552682611506,1.5268817204301076e-6,93000000
Consumers,0.5035552682611506,1.5319148936170212e-6,94000000
Consumers,0.5035552682611506,1.5578947368421052e-6,95000000
Consumers,0.5035552682611506,1.5520833333333334e-6,96000000
Consumers,0.5035552682611506,1.5463917525773195e-6,97000000
Consumers,0.5035552682611506,1.5306122448979593e-6,98000000
Consumers,0.5035552682611506,1.5252525252525252e-6,99000000
Consumers,0.5035552682611506,1.52e-6,100000000
