all,0.37987502693385045,1.0e-6,1000000
all,0.37987502693385045,1.0e-6,2000000
all,0.37987502693385045,6.666666666666667e-7,3000000
all,0.37987502693385045,7.5e-7,4000000
all,0.37987502693385045,6.0e-7,5000000
all,0.37987502693385045,5.0e-7,6000000
all,0.37987502693385045,4.2857142857142857e-7,7000000
all,0.37987502693385045,3.75e-7,8000000
all,0.37987502693385045,3.3333333333333335e-7,9000000
all,0.37987502693385045,3.0e-7,10000000
all,0.37987502693385045,2.7272727272727274e-7,11000000
all,0.37987502693385045,2.5e-7,12000000
all,0.37987502693385045,2.3076923076923078e-7,13000000
all,0.37987502693385045,2.1428571428571428e-7,14000000
all,0.37987502693385045,2.0e-7,15000000
all,0.37987502693385045,1.875e-7,16000000
all,0.37987502693385045,1.764705882352941e-7,17000000
all,0.37987502693385045,2.2222222222222222e-7,18000000
all,0.37987502693385045,2.105263157894737e-7,19000000
all,0.37987502693385045,2.0e-7,20000000
all,0.37987502693385045,1.9047619047619048e-7,21000000
all,0.37987502693385045,2.2727272727272726e-7,22000000
all,0.37987502693385045,2.173913043478261e-7,23000000
all,0.37987502693385045,2.0833333333333333e-7,24000000
all,0.37987502693385045,2.0e-7,25000000
all,0.37987502693385045,1.9230769230769231e-7,26000000
all,0.37987502693385045,1.8518518518518518e-7,27000000
all,0.37987502693385045,1.7857142857142858e-7,28000000
all,0.37987502693385045,1.7241379310344828e-7,29000000
all,0.37987502693385045,1.6666666666666668e-7,30000000
all,0.37987502693385045,1.6129032258064515e-7,31000000
all,0.37987502693385045,1.875e-7,32000000
all,0.37987502693385045,1.8181818181818183e-7,33000000
all,0.37987502693385045,1.764705882352941e-7,34000000
all,0.37987502693385045,1.7142857142857143e-7,35000000
all,0.37987502693385045,1.6666666666666668e-7,36000000
all,0.37987502693385045,1.6216216216216215e-7,37000000
all,0.37987502693385045,1.5789473684210527e-7,38000000
all,0.37987502693385045,1.5384615384615385e-7,39000000
all,0.37987502693385045,1.5e-7,40000000
all,0.37987502693385045,1.7073170731707317e-7,41000000
all,0.37987502693385045,1.6666666666666668e-7,42000000
all,0.37987502693385045,1.627906976744186e-7,43000000
all,0.37987502693385045,1.590909090909091e-7,44000000
all,0.37987502693385045,1.777777777777778e-7,45000000
all,0.37987502693385045,1.7391304347826088e-7,46000000
all,0.37987502693385045,1.702127659574468e-7,47000000
all,0.37987502693385045,1.6666666666666668e-7,48000000
all,0.37987502693385045,1.63265306122449e-7,49000000
all,0.37987502693385045,1.6e-7,50000000
all,0.37987502693385045,1.764705882352941e-7,51000000
all,0.37987502693385045,1.9230769230769231e-7,52000000
all,0.37987502693385045,2.0754716981132074e-7,53000000
all,0.37987502693385045,2.037037037037037e-7,54000000
all,0.37987502693385045,2.0e-7,55000000
all,0.37987502693385045,1.9642857142857143e-7,56000000
all,0.37987502693385045,1.9298245614035088e-7,57000000
all,0.37987502693385045,1.896551724137931e-7,58000000
all,0.37987502693385045,1.864406779661017e-7,59000000
all,0.37987502693385045,1.8333333333333333e-7,60000000
all,0.37987502693385045,1.80327868852459e-7,61000000
all,0.37987502693385045,1.7741935483870968e-7,62000000
all,0.37987502693385045,1.746031746031746e-7,63000000
all,0.37987502693385045,1.71875e-7,64000000
all,0.37987502693385045,1.6923076923076923e-7,65000000
all,0.37987502693385045,1.6666666666666668e-7,66000000
all,0.37987502693385045,1.6417910447761195e-7,67000000
all,0.37987502693385045,1.6176470588235293e-7,68000000
all,0.37987502693385045,1.5942028985507245e-7,69000000
all,0.37987502693385045,1.7142857142857143e-7,70000000
all,0.37987502693385045,1.6901408450704225e-7,71000000
all,0.37987502693385045,1.8055555555555556e-7,72000000
all,0.37987502693385045,1.7808219178082191e-7,73000000
all,0.37987502693385045,1.7567567567567567e-7,74000000
all,0.37987502693385045,1.7333333333333332e-7,75000000
all,0.37987502693385045,1.9736842105263157e-7,76000000
all,0.37987502693385045,1.948051948051948e-7,77000000
all,0.37987502693385045,1.9230769230769231e-7,78000000
all,0.37987502693385045,1.89873417721519e-7,79000000
all,0.37987502693385045,1.875e-7,80000000
all,0.37987502693385045,1.8518518518518518e-7,81000000
all,0.37987502693385045,1.8292682926829268e-7,82000000
all,0.37987502693385045,1.8072289156626505e-7,83000000
all,0.37987502693385045,1.7857142857142858e-7,84000000
all,0.37987502693385045,1.764705882352941e-7,85000000
all,0.37987502693385045,1.7441860465116279e-7,86000000
all,0.37987502693385045,1.839080459770115e-7,87000000
all,0.37987502693385045,1.8181818181818183e-7,88000000
all,0.37987502693385045,1.797752808988764e-7,89000000
all,0.37987502693385045,1.777777777777778e-7,90000000
all,0.37987502693385045,1.8681318681318681e-7,91000000
all,0.37987502693385045,1.8478260869565217e-7,92000000
all,0.37987502693385045,1.8279569892473118e-7,93000000
all,0.37987502693385045,1.8085106382978722e-7,94000000
all,0.37987502693385045,2.0e-7,95000000
all,0.37987502693385045,1.9791666666666667e-7,96000000
all,0.37987502693385045,1.958762886597938e-7,97000000
all,0.37987502693385045,1.9387755102040817e-7,98000000
all,0.37987502693385045,1.919191919191919e-7,99000000
all,0.37987502693385045,1.9e-7,100000000
