all,0.17825059101654847,0.002752,1000000
all,0.17825059101654847,0.0027245,2000000
all,0.17825059101654847,0.002751,3000000
all,0.17825059101654847,0.0027635,4000000
all,0.17825059101654847,0.0027478,5000000
all,0.17825059101654847,0.0027491666666666667,6000000
all,0.17825059101654847,0.0027452857142857144,7000000
all,0.17825059101654847,0.0027485,8000000
all,0.17825059101654847,0.0027506666666666665,9000000
all,0.17825059101654847,0.0027464,10000000
all,0.17825059101654847,0.0027488181818181817,11000000
all,0.17825059101654847,0.0027495833333333335,12000000
all,0.17825059101654847,0.002749846153846154,13000000
all,0.17825059101654847,0.002751,14000000
all,0.17825059101654847,0.0027478,15000000
all,0.17825059101654847,0.0027481875,16000000
all,0.17825059101654847,0.0027501764705882355,17000000
all,0.17825059101654847,0.002748833333333333,18000000
all,0.17825059101654847,0.002751315789473684,19000000
all,0.17825059101654847,0.0027503,20000000
all,0.17825059101654847,0.0027512380952380952,21000000
all,0.17825059101654847,0.002744272727272727,22000000
all,0.17825059101654847,0.002743391304347826,23000000
all,0.17825059101654847,0.002747583333333333,24000000
all,0.17825059101654847,0.00274852,25000000
all,0.17825059101654847,0.0027481153846153844,26000000
all,0.17825059101654847,0.002751037037037037,27000000
all,0.17825059101654847,0.0027505,28000000
all,0.17825059101654847,0.0027516551724137933,29000000
all,0.17825059101654847,0.0027511,30000000
all,0.17825059101654847,0.0027511612903225804,31000000
all,0.17825059101654847,0.00275065625,32000000
all,0.17825059101654847,0.0027495151515151517,33000000
all,0.17825059101654847,0.002749705882352941,34000000
all,0.17825059101654847,0.0027511714285714285,35000000
all,0.17825059101654847,0.0027505555555555556,36000000
all,0.17825059101654847,0.0027503513513513515,37000000
all,0.17825059101654847,0.002751684210526316,38000000
all,0.17825059101654847,0.002751692307692308,39000000
all,0.17825059101654847,0.00275235,40000000
all,0.17825059101654847,0.0027501463414634146,41000000
all,0.17825059101654847,0.002749595238095238,42000000
all,0.17825059101654847,0.0027499767441860464,43000000
all,0.17825059101654847,0.0027487045454545455,44000000
all,0.17825059101654847,0.002747711111111111,45000000
all,0.17825059101654847,0.0027489565217391305,46000000
all,0.17825059101654847,0.0027484893617021277,47000000
all,0.17825059101654847,0.0027503125,48000000
all,0.17825059101654847,0.0027492448979591837,49000000
all,0.17825059101654847,0.00275044,50000000
all,0.17825059101654847,0.002753019607843137,51000000
all,0.17825059101654847,0.0027533846153846154,52000000
all,0.17825059101654847,0.0027532264150943397,53000000
all,0.17825059101654847,0.0027535,54000000
all,0.17825059101654847,0.0027532363636363637,55000000
all,0.17825059101654847,0.0027518571428571427,56000000
all,0.17825059101654847,0.002753105263157895,57000000
all,0.17825059101654847,0.002751862068965517,58000000
all,0.17825059101654847,0.0027515932203389833,59000000
all,0.17825059101654847,0.0027514666666666665,60000000
all,0.17825059101654847,0.002750672131147541,61000000
all,0.17825059101654847,0.002751241935483871,62000000
all,0.17825059101654847,0.0027513015873015874,63000000
all,0.17825059101654847,0.002750421875,64000000
all,0.17825059101654847,0.0027501846153846154,65000000
all,0.17825059101654847,0.002750969696969697,66000000
all,0.17825059101654847,0.002751194029850746,67000000
all,0.17825059101654847,0.002751823529411765,68000000
all,0.17825059101654847,0.0027515072463768116,69000000
all,0.17825059101654847,0.002751114285714286,70000000
all,0.17825059101654847,0.0027507323943661973,71000000
all,0.17825059101654847,0.0027509166666666667,72000000
all,0.17825059101654847,0.002751219178082192,73000000
all,0.17825059101654847,0.00275077027027027,74000000
all,0.17825059101654847,0.0027507733333333334,75000000
all,0.17825059101654847,0.002750157894736842,76000000
all,0.17825059101654847,0.002750350649350649,77000000
all,0.17825059101654847,0.0027499358974358975,78000000
all,0.17825059101654847,0.0027493037974683546,79000000
all,0.17825059101654847,0.0027495625,80000000
all,0.17825059101654847,0.0027489382716049384,81000000
all,0.17825059101654847,0.0027503048780487807,82000000
all,0.17825059101654847,0.002749734939759036,83000000
all,0.17825059101654847,0.0027504166666666666,84000000
all,0.17825059101654847,0.0027506,85000000
all,0.17825059101654847,0.002750872093023256,86000000
all,0.17825059101654847,0.0027514827586206897,87000000
all,0.17825059101654847,0.002751965909090909,88000000
all,0.17825059101654847,0.00275214606741573,89000000
all,0.17825059101654847,0.0027522555555555554,90000000
all,0.17825059101654847,0.0027535054945054946,91000000
all,0.17825059101654847,0.0027536086956521737,92000000
all,0.17825059101654847,0.0027540537634408602,93000000
all,0.17825059101654847,0.0027543510638297873,94000000
all,0.17825059101654847,0.0027548,95000000
all,0.17825059101654847,0.0027552708333333335,96000000
all,0.17825059101654847,0.002754855670103093,97000000
all,0.17825059101654847,0.0027546224489795918,98000000
all,0.17825059101654847,0.002754171717171717,99000000
all,0.17825059101654847,0.00275483,100000000
