Parasites,0.4120879120879121,0.0,1000000
Parasites,0.4120879120879121,0.0,2000000
Parasites,0.4120879120879121,0.0,3000000
Parasites,0.4120879120879121,0.0,4000000
Parasites,0.4120879120879121,2.0e-7,5000000
Parasites,0.4120879120879121,1.6666666666666668e-7,6000000
Parasites,0.4120879120879121,1.4285714285714285e-7,7000000
Parasites,0.4120879120879121,1.25e-7,8000000
Parasites,0.4120879120879121,2.2222222222222222e-7,9000000
Parasites,0.4120879120879121,4.0e-7,10000000
Parasites,0.4120879120879121,3.6363636363636366e-7,11000000
Parasites,0.4120879120879121,3.3333333333333335e-7,12000000
Parasites,0.4120879120879121,3.076923076923077e-7,13000000
Parasites,0.4120879120879121,2.857142857142857e-7,14000000
Parasites,0.4120879120879121,2.6666666666666667e-7,15000000
Parasites,0.4120879120879121,2.5e-7,16000000
Parasites,0.4120879120879121,2.3529411764705883e-7,17000000
Parasites,0.4120879120879121,2.2222222222222222e-7,18000000
Parasites,0.4120879120879121,2.105263157894737e-7,19000000
Parasites,0.4120879120879121,2.0e-7,20000000
Parasites,0.4120879120879121,2.380952380952381e-7,21000000
Parasites,0.4120879120879121,2.2727272727272726e-7,22000000
Parasites,0.4120879120879121,2.173913043478261e-7,23000000
Parasites,0.4120879120879121,2.0833333333333333e-7,24000000
Parasites,0.4120879120879121,2.0e-7,25000000
Parasites,0.4120879120879121,1.9230769230769231e-7,26000000
Parasites,0.4120879120879121,1.8518518518518518e-7,27000000
Parasites,0.4120879120879121,1.7857142857142858e-7,28000000
Parasites,0.4120879120879121,1.7241379310344828e-7,29000000
Parasites,0.4120879120879121,2.0e-7,30000000
Parasites,0.4120879120879121,1.9354838709677418e-7,31000000
Parasites,0.4120879120879121,2.1875e-7,32000000
Parasites,0.4120879120879121,2.1212121212121213e-7,33000000
Parasites,0.4120879120879121,2.0588235294117647e-7,34000000
Parasites,0.4120879120879121,2.0e-7,35000000
Parasites,0.4120879120879121,1.9444444444444445e-7,36000000
Parasites,0.4120879120879121,1.891891891891892e-7,37000000
Parasites,0.4120879120879121,1.8421052631578948e-7,38000000
Parasites,0.4120879120879121,1.7948717948717948e-7,39000000
Parasites,0.4120879120879121,1.75e-7,40000000
Parasites,0.4120879120879121,1.7073170731707317e-7,41000000
Parasites,0.4120879120879121,1.6666666666666668e-7,42000000
Parasites,0.4120879120879121,1.627906976744186e-7,43000000
Parasites,0.4120879120879121,1.8181818181818183e-7,44000000
Parasites,0.4120879120879121,1.777777777777778e-7,45000000
Parasites,0.4120879120879121,1.7391304347826088e-7,46000000
Parasites,0.4120879120879121,1.702127659574468e-7,47000000
Parasites,0.4120879120879121,1.6666666666666668e-7,48000000
Parasites,0.4120879120879121,1.63265306122449e-7,49000000
Parasites,0.4120879120879121,1.6e-7,50000000
Parasites,0.4120879120879121,1.5686274509803921e-7,51000000
Parasites,0.4120879120879121,1.5384615384615385e-7,52000000
Parasites,0.4120879120879121,1.509433962264151e-7,53000000
Parasites,0.4120879120879121,1.4814814814814815e-7,54000000
Parasites,0.4120879120879121,1.4545454545454545e-7,55000000
Parasites,0.4120879120879121,1.4285714285714285e-7,56000000
Parasites,0.4120879120879121,1.4035087719298247e-7,57000000
Parasites,0.4120879120879121,1.3793103448275863e-7,58000000
Parasites,0.4120879120879121,1.3559322033898305e-7,59000000
Parasites,0.4120879120879121,1.3333333333333334e-7,60000000
Parasites,0.4120879120879121,1.3114754098360656e-7,61000000
Parasites,0.4120879120879121,1.2903225806451614e-7,62000000
Parasites,0.4120879120879121,1.2698412698412698e-7,63000000
Parasites,0.4120879120879121,1.25e-7,64000000
Parasites,0.4120879120879121,1.2307692307692308e-7,65000000
Parasites,0.4120879120879121,1.2121212121212122e-7,66000000
Parasites,0.4120879120879121,1.1940298507462686e-7,67000000
Parasites,0.4120879120879121,1.1764705882352942e-7,68000000
Parasites,0.4120879120879121,1.3043478260869566e-7,69000000
Parasites,0.4120879120879121,1.2857142857142858e-7,70000000
Parasites,0.4120879120879121,1.267605633802817e-7,71000000
Parasites,0.4120879120879121,1.3888888888888888e-7,72000000
Parasites,0.4120879120879121,1.36986301369863e-7,73000000
Parasites,0.4120879120879121,1.3513513513513515e-7,74000000
Parasites,0.4120879120879121,1.3333333333333334e-7,75000000
Parasites,0.4120879120879121,1.3157894736842104e-7,76000000
Parasites,0.4120879120879121,1.2987012987012987e-7,77000000
Parasites,0.4120879120879121,1.4102564102564101e-7,78000000
Parasites,0.4120879120879121,1.3924050632911391e-7,79000000
Parasites,0.4120879120879121,1.375e-7,80000000
Parasites,0.4120879120879121,1.3580246913580246e-7,81000000
Parasites,0.4120879120879121,1.3414634146341465e-7,82000000
Parasites,0.4120879120879121,1.325301204819277e-7,83000000
Parasites,0.4120879120879121,1.3095238095238095e-7,84000000
Parasites,0.4120879120879121,1.2941176470588236e-7,85000000
Parasites,0.4120879120879121,1.2790697674418605e-7,86000000
Parasites,0.4120879120879121,1.264367816091954e-7,87000000
Parasites,0.4120879120879121,1.25e-7,88000000
Parasites,0.4120879120879121,1.2359550561797752e-7,89000000
Parasites,0.4120879120879121,1.2222222222222222e-7,90000000
Parasites,0.4120879120879121,1.2087912087912088e-7,91000000
Parasites,0.4120879120879121,1.3043478260869566e-7,92000000
Parasites,0.4120879120879121,1.2903225806451614e-7,93000000
Parasites,0.4120879120879121,1.276595744680851e-7,94000000
Parasites,0.4120879120879121,1.263157894736842e-7,95000000
Parasites,0.4120879120879121,1.25e-7,96000000
Parasites,0.4120879120879121,1.2371134020618556e-7,97000000
Parasites,0.4120879120879121,1.2244897959183673e-7,98000000
Parasites,0.4120879120879121,1.2121212121212122e-7,99000000
Parasites,0.4120879120879121,1.2e-7,100000000
