Parasites,0.7476152623211447,0.881501,1000000
Parasites,0.7476152623211447,0.8814995,2000000
Parasites,0.7476152623211447,0.88176,3000000
Parasites,0.7476152623211447,0.88178225,4000000
Parasites,0.7476152623211447,0.8819064,5000000
Parasites,0.7476152623211447,0.881971,6000000
Parasites,0.7476152623211447,0.8819565714285714,7000000
Parasites,0.7476152623211447,0.881905625,8000000
Parasites,0.7476152623211447,0.8819304444444445,9000000
Parasites,0.7476152623211447,0.8819084,10000000
Parasites,0.7476152623211447,0.8819202727272727,11000000
Parasites,0.7476152623211447,0.8818985833333334,12000000
Parasites,0.7476152623211447,0.8819036923076923,13000000
Parasites,0.7476152623211447,0.8818921428571429,14000000
Parasites,0.7476152623211447,0.8818496666666666,15000000
Parasites,0.7476152623211447,0.881882875,16000000
Parasites,0.7476152623211447,0.8818740588235294,17000000
Parasites,0.7476152623211447,0.8818941111111112,18000000
Parasites,0.7476152623211447,0.881899947368421,19000000
Parasites,0.7476152623211447,0.8818845,20000000
Parasites,0.7476152623211447,0.8818748571428572,21000000
Parasites,0.7476152623211447,0.8818689090909091,22000000
Parasites,0.7476152623211447,0.8818719130434782,23000000
Parasites,0.7476152623211447,0.8818667083333334,24000000
Parasites,0.7476152623211447,0.88188344,25000000
Parasites,0.7476152623211447,0.8818691923076923,26000000
Parasites,0.7476152623211447,0.8818878518518518,27000000
Parasites,0.7476152623211447,0.8818832142857143,28000000
Parasites,0.7476152623211447,0.8818985862068965,29000000
Parasites,0.7476152623211447,0.8818973333333333,30000000
Parasites,0.7476152623211447,0.8819134193548387,31000000
Parasites,0.7476152623211447,0.881907125,32000000
Parasites,0.7476152623211447,0.8819127575757576,33000000
Parasites,0.7476152623211447,0.8819053529411764,34000000
Parasites,0.7476152623211447,0.8818928571428571,35000000
Parasites,0.7476152623211447,0.8818812222222222,36000000
Parasites,0.7476152623211447,0.8818842972972973,37000000
Parasites,0.7476152623211447,0.8818928157894736,38000000
Parasites,0.7476152623211447,0.8818957948717949,39000000
Parasites,0.7476152623211447,0.881894275,40000000
Parasites,0.7476152623211447,0.8819080731707317,41000000
Parasites,0.7476152623211447,0.8819153571428572,42000000
Parasites,0.7476152623211447,0.8819310930232558,43000000
Parasites,0.7476152623211447,0.8819428863636364,44000000
Parasites,0.7476152623211447,0.8819482888888889,45000000
Parasites,0.7476152623211447,0.8819416739130435,46000000
Parasites,0.7476152623211447,0.8819424468085106,47000000
Parasites,0.7476152623211447,0.8819459166666667,48000000
Parasites,0.7476152623211447,0.8819481632653061,49000000
Parasites,0.7476152623211447,0.88194646,50000000
Parasites,0.7476152623211447,0.881945862745098,51000000
Parasites,0.7476152623211447,0.8819504230769231,52000000
Parasites,0.7476152623211447,0.881953641509434,53000000
Parasites,0.7476152623211447,0.8819557222222222,54000000
Parasites,0.7476152623211447,0.8819530363636363,55000000
Parasites,0.7476152623211447,0.8819490535714286,56000000
Parasites,0.7476152623211447,0.8819454385964912,57000000
Parasites,0.7476152623211447,0.8819438103448276,58000000
Parasites,0.7476152623211447,0.8819515423728813,59000000
Parasites,0.7476152623211447,0.8819486166666667,60000000
Parasites,0.7476152623211447,0.881954262295082,61000000
Parasites,0.7476152623211447,0.8819550322580645,62000000
Parasites,0.7476152623211447,0.8819648095238095,63000000
Parasites,0.7476152623211447,0.8819575,64000000
Parasites,0.7476152623211447,0.8819620461538461,65000000
Parasites,0.7476152623211447,0.8819609090909091,66000000
Parasites,0.7476152623211447,0.881966447761194,67000000
Parasites,0.7476152623211447,0.8819593235294118,68000000
Parasites,0.7476152623211447,0.8819627826086957,69000000
Parasites,0.7476152623211447,0.8819630428571429,70000000
Parasites,0.7476152623211447,0.8819663943661972,71000000
Parasites,0.7476152623211447,0.8819635277777778,72000000
Parasites,0.7476152623211447,0.8819638493150684,73000000
Parasites,0.7476152623211447,0.8819639324324324,74000000
Parasites,0.7476152623211447,0.8819668533333334,75000000
Parasites,0.7476152623211447,0.8819721447368422,76000000
Parasites,0.7476152623211447,0.8819716753246754,77000000
Parasites,0.7476152623211447,0.8819698974358975,78000000
Parasites,0.7476152623211447,0.8819775316455696,79000000
Parasites,0.7476152623211447,0.88197985,80000000
Parasites,0.7476152623211447,0.8819818888888888,81000000
Parasites,0.7476152623211447,0.8819851219512195,82000000
Parasites,0.7476152623211447,0.8819812048192771,83000000
Parasites,0.7476152623211447,0.8819787023809523,84000000
Parasites,0.7476152623211447,0.8819754235294117,85000000
Parasites,0.7476152623211447,0.8819668372093024,86000000
Parasites,0.7476152623211447,0.8819675057471265,87000000
Parasites,0.7476152623211447,0.8819638977272727,88000000
Parasites,0.7476152623211447,0.8819617078651686,89000000
Parasites,0.7476152623211447,0.8819679333333333,90000000
Parasites,0.7476152623211447,0.8819642637362637,91000000
Parasites,0.7476152623211447,0.8819586086956521,92000000
Parasites,0.7476152623211447,0.8819619139784947,93000000
Parasites,0.7476152623211447,0.8819580425531914,94000000
Parasites,0.7476152623211447,0.8819653684210527,95000000
Parasites,0.7476152623211447,0.8819634375,96000000
Parasites,0.7476152623211447,0.8819664226804124,97000000
Parasites,0.7476152623211447,0.8819640918367347,98000000
Parasites,0.7476152623211447,0.8819662626262627,99000000
Parasites,0.7476152623211447,0.88196506,100000000
