all,0.27821939586645467,0.623221,1000000
all,0.27821939586645467,0.6233995,2000000
all,0.27821939586645467,0.6234616666666667,3000000
all,0.27821939586645467,0.62329875,4000000
all,0.27821939586645467,0.6233184,5000000
all,0.27821939586645467,0.6232301666666666,6000000
all,0.27821939586645467,0.6232287142857142,7000000
all,0.27821939586645467,0.623104875,8000000
all,0.27821939586645467,0.6230908888888889,9000000
all,0.27821939586645467,0.6231028,10000000
all,0.27821939586645467,0.6230458181818181,11000000
all,0.27821939586645467,0.6229785,12000000
all,0.27821939586645467,0.6229441538461539,13000000
all,0.27821939586645467,0.6229642857142857,14000000
all,0.27821939586645467,0.6229556666666667,15000000
all,0.27821939586645467,0.622981125,16000000
all,0.27821939586645467,0.6230234705882353,17000000
all,0.27821939586645467,0.6230427777777777,18000000
all,0.27821939586645467,0.6230185789473685,19000000
all,0.27821939586645467,0.62302875,20000000
all,0.27821939586645467,0.6229900476190476,21000000
all,0.27821939586645467,0.6229696818181818,22000000
all,0.27821939586645467,0.6229507391304347,23000000
all,0.27821939586645467,0.6229329583333333,24000000
all,0.27821939586645467,0.62291884,25000000
all,0.27821939586645467,0.6229173076923077,26000000
all,0.27821939586645467,0.6229521481481481,27000000
all,0.27821939586645467,0.6229356071428571,28000000
all,0.27821939586645467,0.6229281379310345,29000000
all,0.27821939586645467,0.622951,30000000
all,0.27821939586645467,0.6229567096774193,31000000
all,0.27821939586645467,0.62296709375,32000000
all,0.27821939586645467,0.6229642727272727,33000000
all,0.27821939586645467,0.6229706176470589,34000000
all,0.27821939586645467,0.6229756857142857,35000000
all,0.27821939586645467,0.6229731944444444,36000000
all,0.27821939586645467,0.6229858648648648,37000000
all,0.27821939586645467,0.6229729210526316,38000000
all,0.27821939586645467,0.6229714102564102,39000000
all,0.27821939586645467,0.622972325,40000000
all,0.27821939586645467,0.6229861707317074,41000000
all,0.27821939586645467,0.6229803095238096,42000000
all,0.27821939586645467,0.6229815581395349,43000000
all,0.27821939586645467,0.622989,44000000
all,0.27821939586645467,0.6229852888888889,45000000
all,0.27821939586645467,0.622994,46000000
all,0.27821939586645467,0.6229991276595744,47000000
all,0.27821939586645467,0.6230050416666667,48000000
all,0.27821939586645467,0.6230040816326531,49000000
all,0.27821939586645467,0.62300158,50000000
all,0.27821939586645467,0.6230107450980392,51000000
all,0.27821939586645467,0.6230203846153847,52000000
all,0.27821939586645467,0.6230051509433963,53000000
all,0.27821939586645467,0.6229879444444445,54000000
all,0.27821939586645467,0.6229886181818182,55000000
all,0.27821939586645467,0.6229730357142857,56000000
all,0.27821939586645467,0.622964,57000000
all,0.27821939586645467,0.6229581206896552,58000000
all,0.27821939586645467,0.6229755084745763,59000000
all,0.27821939586645467,0.6229659666666667,60000000
all,0.27821939586645467,0.6229730655737705,61000000
all,0.27821939586645467,0.6229729677419354,62000000
all,0.27821939586645467,0.6229863492063492,63000000
all,0.27821939586645467,0.6229848125,64000000
all,0.27821939586645467,0.6229829538461539,65000000
all,0.27821939586645467,0.6229779393939394,66000000
all,0.27821939586645467,0.6229782835820895,67000000
all,0.27821939586645467,0.6229753382352942,68000000
all,0.27821939586645467,0.6229809130434782,69000000
all,0.27821939586645467,0.6229914,70000000
all,0.27821939586645467,0.6230077042253521,71000000
all,0.27821939586645467,0.6230035694444445,72000000
all,0.27821939586645467,0.6230087397260274,73000000
all,0.27821939586645467,0.6230082972972973,74000000
all,0.27821939586645467,0.6230066533333334,75000000
all,0.27821939586645467,0.6230064868421052,76000000
all,0.27821939586645467,0.6230057012987013,77000000
all,0.27821939586645467,0.6230041923076923,78000000
all,0.27821939586645467,0.6230037848101266,79000000
all,0.27821939586645467,0.6229960375,80000000
all,0.27821939586645467,0.6229941975308642,81000000
all,0.27821939586645467,0.6229953780487805,82000000
all,0.27821939586645467,0.622989,83000000
all,0.27821939586645467,0.6229885357142857,84000000
all,0.27821939586645467,0.6229984,85000000
all,0.27821939586645467,0.6229934534883721,86000000
all,0.27821939586645467,0.6230045517241379,87000000
all,0.27821939586645467,0.622993625,88000000
all,0.27821939586645467,0.622996797752809,89000000
all,0.27821939586645467,0.6229893666666667,90000000
all,0.27821939586645467,0.6229916043956044,91000000
all,0.27821939586645467,0.6229935,92000000
all,0.27821939586645467,0.6229890107526882,93000000
all,0.27821939586645467,0.6229872340425532,94000000
all,0.27821939586645467,0.6229962736842105,95000000
all,0.27821939586645467,0.6229951875,96000000
all,0.27821939586645467,0.6229937216494845,97000000
all,0.27821939586645467,0.6229842551020408,98000000
all,0.27821939586645467,0.6229888383838383,99000000
all,0.27821939586645467,0.62298782,100000000
