Primary_Producers,0.8,0.43237,1000000
Primary_Producers,0.8,0.4324545,2000000
Primary_Producers,0.8,0.432275,3000000
Primary_Producers,0.8,0.43223125,4000000
Primary_Producers,0.8,0.4322548,5000000
Primary_Producers,0.8,0.4321721666666667,6000000
Primary_Producers,0.8,0.43210971428571426,7000000
Primary_Producers,0.8,0.43211275,8000000
Primary_Producers,0.8,0.43208322222222223,9000000
Primary_Producers,0.8,0.4319512,10000000
Primary_Producers,0.8,0.4319269090909091,11000000
Primary_Producers,0.8,0.4319655,12000000
Primary_Producers,0.8,0.4319029230769231,13000000
Primary_Producers,0.8,0.43187235714285716,14000000
Primary_Producers,0.8,0.4319616666666667,15000000
Primary_Producers,0.8,0.43195625,16000000
Primary_Producers,0.8,0.4319783529411765,17000000
Primary_Producers,0.8,0.4319898888888889,18000000
Primary_Producers,0.8,0.43197678947368423,19000000
Primary_Producers,0.8,0.43199255,20000000
Primary_Producers,0.8,0.4319450952380952,21000000
Primary_Producers,0.8,0.43193990909090907,22000000
Primary_Producers,0.8,0.4319346086956522,23000000
Primary_Producers,0.8,0.4319206666666667,24000000
Primary_Producers,0.8,0.43189444,25000000
Primary_Producers,0.8,0.4319023076923077,26000000
Primary_Producers,0.8,0.4318936296296296,27000000
Primary_Producers,0.8,0.43187460714285714,28000000
Primary_Producers,0.8,0.4318954137931034,29000000
Primary_Producers,0.8,0.4318785666666667,30000000
Primary_Producers,0.8,0.43188209677419354,31000000
Primary_Producers,0.8,0.43189359375,32000000
Primary_Producers,0.8,0.4319196060606061,33000000
Primary_Producers,0.8,0.43191529411764706,34000000
Primary_Producers,0.8,0.4318884,35000000
Primary_Producers,0.8,0.4319103888888889,36000000
Primary_Producers,0.8,0.43192894594594594,37000000
Primary_Producers,0.8,0.4319247105263158,38000000
Primary_Producers,0.8,0.4319294615384615,39000000
Primary_Producers,0.8,0.4319245,40000000
Primary_Producers,0.8,0.43191721951219514,41000000
Primary_Producers,0.8,0.43190738095238096,42000000
Primary_Producers,0.8,0.4318940697674419,43000000
Primary_Producers,0.8,0.4318792727272727,44000000
Primary_Producers,0.8,0.4318830888888889,45000000
Primary_Producers,0.8,0.4318984782608696,46000000
Primary_Producers,0.8,0.4319017446808511,47000000
Primary_Producers,0.8,0.4319,48000000
Primary_Producers,0.8,0.43188810204081635,49000000
Primary_Producers,0.8,0.43189012,50000000
Primary_Producers,0.8,0.4318907450980392,51000000
Primary_Producers,0.8,0.4318845192307692,52000000
Primary_Producers,0.8,0.4318823396226415,53000000
Primary_Producers,0.8,0.4318958148148148,54000000
Primary_Producers,0.8,0.4319025090909091,55000000
Primary_Producers,0.8,0.431892625,56000000
Primary_Producers,0.8,0.4319016666666667,57000000
Primary_Producers,0.8,0.4318924827586207,58000000
Primary_Producers,0.8,0.43188540677966103,59000000
Primary_Producers,0.8,0.43188098333333336,60000000
Primary_Producers,0.8,0.4318791803278689,61000000
Primary_Producers,0.8,0.4318817741935484,62000000
Primary_Producers,0.8,0.43189533333333335,63000000
Primary_Producers,0.8,0.43188934375,64000000
Primary_Producers,0.8,0.43189455384615383,65000000
Primary_Producers,0.8,0.43189130303030304,66000000
Primary_Producers,0.8,0.4318822985074627,67000000
Primary_Producers,0.8,0.4318794411764706,68000000
Primary_Producers,0.8,0.43187528985507245,69000000
Primary_Producers,0.8,0.4318802,70000000
Primary_Producers,0.8,0.4318890281690141,71000000
Primary_Producers,0.8,0.43190331944444443,72000000
Primary_Producers,0.8,0.43190268493150685,73000000
Primary_Producers,0.8,0.4319096216216216,74000000
Primary_Producers,0.8,0.43191248,75000000
Primary_Producers,0.8,0.4319118684210526,76000000
Primary_Producers,0.8,0.4319109220779221,77000000
Primary_Producers,0.8,0.43190891025641026,78000000
Primary_Producers,0.8,0.4319129493670886,79000000
Primary_Producers,0.8,0.431913275,80000000
Primary_Producers,0.8,0.4319186913580247,81000000
Primary_Producers,0.8,0.4319141585365854,82000000
Primary_Producers,0.8,0.43190333734939756,83000000
Primary_Producers,0.8,0.43190960714285714,84000000
Primary_Producers,0.8,0.43191044705882353,85000000
Primary_Producers,0.8,0.43190211627906977,86000000
Primary_Producers,0.8,0.4319057931034483,87000000
Primary_Producers,0.8,0.43190317045454546,88000000
Primary_Producers,0.8,0.4319075168539326,89000000
Primary_Producers,0.8,0.4319118777777778,90000000
Primary_Producers,0.8,0.4319055934065934,91000000
Primary_Producers,0.8,0.43189889130434783,92000000
Primary_Producers,0.8,0.4319047956989247,93000000
Primary_Producers,0.8,0.43189425531914893,94000000
Primary_Producers,0.8,0.43188965263157897,95000000
Primary_Producers,0.8,0.4318821145833333,96000000
Primary_Producers,0.8,0.43188211340206184,97000000
Primary_Producers,0.8,0.43188770408163263,98000000
Primary_Producers,0.8,0.4318926464646465,99000000
Primary_Producers,0.8,0.43188734,100000000
