all,0.1652542372881356,0.0,1000000
all,0.1652542372881356,5.0e-7,2000000
all,0.1652542372881356,3.3333333333333335e-7,3000000
all,0.1652542372881356,2.5e-7,4000000
all,0.1652542372881356,4.0e-7,5000000
all,0.1652542372881356,3.3333333333333335e-7,6000000
all,0.1652542372881356,2.857142857142857e-7,7000000
all,0.1652542372881356,2.5e-7,8000000
all,0.1652542372881356,2.2222222222222222e-7,9000000
all,0.1652542372881356,2.0e-7,10000000
all,0.1652542372881356,1.8181818181818183e-7,11000000
all,0.1652542372881356,1.6666666666666668e-7,12000000
all,0.1652542372881356,1.5384615384615385e-7,13000000
all,0.1652542372881356,1.4285714285714285e-7,14000000
all,0.1652542372881356,1.3333333333333334e-7,15000000
all,0.1652542372881356,1.25e-7,16000000
all,0.1652542372881356,1.1764705882352942e-7,17000000
all,0.1652542372881356,1.1111111111111111e-7,18000000
all,0.1652542372881356,1.0526315789473685e-7,19000000
all,0.1652542372881356,1.0e-7,20000000
all,0.1652542372881356,9.523809523809524e-8,21000000
all,0.1652542372881356,9.090909090909091e-8,22000000
all,0.1652542372881356,8.695652173913044e-8,23000000
all,0.1652542372881356,8.333333333333334e-8,24000000
all,0.1652542372881356,8.0e-8,25000000
all,0.1652542372881356,7.692307692307692e-8,26000000
all,0.1652542372881356,7.407407407407407e-8,27000000
all,0.1652542372881356,7.142857142857142e-8,28000000
all,0.1652542372881356,6.896551724137931e-8,29000000
all,0.1652542372881356,1.0e-7,30000000
all,0.1652542372881356,9.677419354838709e-8,31000000
all,0.1652542372881356,9.375e-8,32000000
all,0.1652542372881356,9.090909090909091e-8,33000000
all,0.1652542372881356,8.823529411764706e-8,34000000
all,0.1652542372881356,8.571428571428572e-8,35000000
all,0.1652542372881356,8.333333333333334e-8,36000000
all,0.1652542372881356,8.108108108108108e-8,37000000
all,0.1652542372881356,7.894736842105264e-8,38000000
all,0.1652542372881356,7.692307692307692e-8,39000000
all,0.1652542372881356,7.5e-8,40000000
all,0.1652542372881356,7.317073170731708e-8,41000000
all,0.1652542372881356,7.142857142857142e-8,42000000
all,0.1652542372881356,6.976744186046512e-8,43000000
all,0.1652542372881356,6.818181818181819e-8,44000000
all,0.1652542372881356,6.666666666666667e-8,45000000
all,0.1652542372881356,6.521739130434783e-8,46000000
all,0.1652542372881356,6.382978723404255e-8,47000000
all,0.1652542372881356,6.25e-8,48000000
all,0.1652542372881356,6.122448979591837e-8,49000000
all,0.1652542372881356,6.0e-8,50000000
all,0.1652542372881356,5.882352941176471e-8,51000000
all,0.1652542372881356,5.7692307692307695e-8,52000000
all,0.1652542372881356,5.6603773584905664e-8,53000000
all,0.1652542372881356,5.5555555555555555e-8,54000000
all,0.1652542372881356,7.272727272727273e-8,55000000
all,0.1652542372881356,7.142857142857142e-8,56000000
all,0.1652542372881356,7.017543859649123e-8,57000000
all,0.1652542372881356,8.620689655172414e-8,58000000
all,0.1652542372881356,8.47457627118644e-8,59000000
all,0.1652542372881356,8.333333333333334e-8,60000000
all,0.1652542372881356,8.196721311475409e-8,61000000
all,0.1652542372881356,8.064516129032257e-8,62000000
all,0.1652542372881356,7.936507936507937e-8,63000000
all,0.1652542372881356,7.8125e-8,64000000
all,0.1652542372881356,7.692307692307692e-8,65000000
all,0.1652542372881356,7.575757575757576e-8,66000000
all,0.1652542372881356,7.462686567164179e-8,67000000
all,0.1652542372881356,7.352941176470588e-8,68000000
all,0.1652542372881356,7.246376811594203e-8,69000000
all,0.1652542372881356,7.142857142857142e-8,70000000
all,0.1652542372881356,7.042253521126761e-8,71000000
all,0.1652542372881356,6.944444444444444e-8,72000000
all,0.1652542372881356,8.219178082191781e-8,73000000
all,0.1652542372881356,8.108108108108108e-8,74000000
all,0.1652542372881356,8.0e-8,75000000
all,0.1652542372881356,7.894736842105264e-8,76000000
all,0.1652542372881356,7.792207792207792e-8,77000000
all,0.1652542372881356,8.974358974358974e-8,78000000
all,0.1652542372881356,8.860759493670886e-8,79000000
all,0.1652542372881356,1.0e-7,80000000
all,0.1652542372881356,9.876543209876543e-8,81000000
all,0.1652542372881356,9.75609756097561e-8,82000000
all,0.1652542372881356,1.0843373493975904e-7,83000000
all,0.1652542372881356,1.0714285714285714e-7,84000000
all,0.1652542372881356,1.0588235294117647e-7,85000000
all,0.1652542372881356,1.0465116279069768e-7,86000000
all,0.1652542372881356,1.0344827586206897e-7,87000000
all,0.1652542372881356,1.0227272727272728e-7,88000000
all,0.1652542372881356,1.0112359550561797e-7,89000000
all,0.1652542372881356,1.0e-7,90000000
all,0.1652542372881356,9.89010989010989e-8,91000000
all,0.1652542372881356,9.782608695652174e-8,92000000
all,0.1652542372881356,9.677419354838709e-8,93000000
all,0.1652542372881356,9.574468085106382e-8,94000000
all,0.1652542372881356,1.0526315789473685e-7,95000000
all,0.1652542372881356,1.0416666666666667e-7,96000000
all,0.1652542372881356,1.0309278350515464e-7,97000000
all,0.1652542372881356,1.0204081632653061e-7,98000000
all,0.1652542372881356,1.0101010101010101e-7,99000000
all,0.1652542372881356,1.0e-7,100000000
