all,0.08639636225843123,0.000137,1000000
all,0.08639636225843123,0.000159,2000000
all,0.08639636225843123,0.00016866666666666666,3000000
all,0.08639636225843123,0.00017325,4000000
all,0.08639636225843123,0.0001714,5000000
all,0.08639636225843123,0.000174,6000000
all,0.08639636225843123,0.000175,7000000
all,0.08639636225843123,0.000172,8000000
all,0.08639636225843123,0.00017188888888888888,9000000
all,0.08639636225843123,0.0001721,10000000
all,0.08639636225843123,0.00017127272727272727,11000000
all,0.08639636225843123,0.00017108333333333334,12000000
all,0.08639636225843123,0.00017115384615384616,13000000
all,0.08639636225843123,0.0001727857142857143,14000000
all,0.08639636225843123,0.0001734,15000000
all,0.08639636225843123,0.000172875,16000000
all,0.08639636225843123,0.00017258823529411765,17000000
all,0.08639636225843123,0.00017133333333333334,18000000
all,0.08639636225843123,0.00017136842105263157,19000000
all,0.08639636225843123,0.0001716,20000000
all,0.08639636225843123,0.0001711904761904762,21000000
all,0.08639636225843123,0.000171,22000000
all,0.08639636225843123,0.00017095652173913044,23000000
all,0.08639636225843123,0.00017154166666666666,24000000
all,0.08639636225843123,0.00017188,25000000
all,0.08639636225843123,0.00017123076923076922,26000000
all,0.08639636225843123,0.00017237037037037036,27000000
all,0.08639636225843123,0.00017264285714285713,28000000
all,0.08639636225843123,0.0001734137931034483,29000000
all,0.08639636225843123,0.0001739,30000000
all,0.08639636225843123,0.00017370967741935485,31000000
all,0.08639636225843123,0.00017353125,32000000
all,0.08639636225843123,0.00017303030303030304,33000000
all,0.08639636225843123,0.0001733529411764706,34000000
all,0.08639636225843123,0.00017385714285714286,35000000
all,0.08639636225843123,0.00017377777777777777,36000000
all,0.08639636225843123,0.00017364864864864864,37000000
all,0.08639636225843123,0.00017405263157894738,38000000
all,0.08639636225843123,0.00017415384615384615,39000000
all,0.08639636225843123,0.000173575,40000000
all,0.08639636225843123,0.00017358536585365854,41000000
all,0.08639636225843123,0.00017328571428571428,42000000
all,0.08639636225843123,0.00017367441860465115,43000000
all,0.08639636225843123,0.00017381818181818183,44000000
all,0.08639636225843123,0.00017353333333333334,45000000
all,0.08639636225843123,0.00017345652173913044,46000000
all,0.08639636225843123,0.00017340425531914893,47000000
all,0.08639636225843123,0.00017316666666666666,48000000
all,0.08639636225843123,0.00017322448979591838,49000000
all,0.08639636225843123,0.0001732,50000000
all,0.08639636225843123,0.00017327450980392158,51000000
all,0.08639636225843123,0.00017290384615384615,52000000
all,0.08639636225843123,0.00017290566037735848,53000000
all,0.08639636225843123,0.00017329629629629628,54000000
all,0.08639636225843123,0.00017336363636363637,55000000
all,0.08639636225843123,0.0001735,56000000
all,0.08639636225843123,0.00017326315789473683,57000000
all,0.08639636225843123,0.0001730344827586207,58000000
all,0.08639636225843123,0.00017291525423728814,59000000
all,0.08639636225843123,0.00017325,60000000
all,0.08639636225843123,0.00017313114754098361,61000000
all,0.08639636225843123,0.00017341935483870967,62000000
all,0.08639636225843123,0.0001733015873015873,63000000
all,0.08639636225843123,0.000173734375,64000000
all,0.08639636225843123,0.00017378461538461538,65000000
all,0.08639636225843123,0.00017375757575757575,66000000
all,0.08639636225843123,0.00017362686567164179,67000000
all,0.08639636225843123,0.00017383823529411766,68000000
all,0.08639636225843123,0.00017388405797101448,69000000
all,0.08639636225843123,0.00017404285714285714,70000000
all,0.08639636225843123,0.00017398591549295774,71000000
all,0.08639636225843123,0.00017408333333333333,72000000
all,0.08639636225843123,0.00017427397260273974,73000000
all,0.08639636225843123,0.00017381081081081082,74000000
all,0.08639636225843123,0.00017382666666666667,75000000
all,0.08639636225843123,0.00017386842105263157,76000000
all,0.08639636225843123,0.00017363636363636363,77000000
all,0.08639636225843123,0.00017365384615384617,78000000
all,0.08639636225843123,0.00017372151898734176,79000000
all,0.08639636225843123,0.000173725,80000000
all,0.08639636225843123,0.00017379012345679012,81000000
all,0.08639636225843123,0.00017373170731707318,82000000
all,0.08639636225843123,0.0001735301204819277,83000000
all,0.08639636225843123,0.0001733809523809524,84000000
all,0.08639636225843123,0.00017329411764705881,85000000
all,0.08639636225843123,0.0001735232558139535,86000000
all,0.08639636225843123,0.00017373563218390804,87000000
all,0.08639636225843123,0.0001735909090909091,88000000
all,0.08639636225843123,0.00017348314606741572,89000000
all,0.08639636225843123,0.00017345555555555556,90000000
all,0.08639636225843123,0.0001733076923076923,91000000
all,0.08639636225843123,0.00017331521739130434,92000000
all,0.08639636225843123,0.00017334408602150537,93000000
all,0.08639636225843123,0.0001735531914893617,94000000
all,0.08639636225843123,0.00017338947368421054,95000000
all,0.08639636225843123,0.00017334375,96000000
all,0.08639636225843123,0.00017312371134020618,97000000
all,0.08639636225843123,0.0001731530612244898,98000000
all,0.08639636225843123,0.00017328282828282828,99000000
all,0.08639636225843123,0.00017316,100000000
