Herbivores,0.5171299288946347,0.0,1000000
Herbivores,0.5171299288946347,5.0e-7,2000000
Herbivores,0.5171299288946347,3.3333333333333335e-7,3000000
Herbivores,0.5171299288946347,5.0e-7,4000000
Herbivores,0.5171299288946347,4.0e-7,5000000
Herbivores,0.5171299288946347,3.3333333333333335e-7,6000000
Herbivores,0.5171299288946347,4.2857142857142857e-7,7000000
Herbivores,0.5171299288946347,3.75e-7,8000000
Herbivores,0.5171299288946347,3.3333333333333335e-7,9000000
Herbivores,0.5171299288946347,3.0e-7,10000000
Herbivores,0.5171299288946347,2.7272727272727274e-7,11000000
Herbivores,0.5171299288946347,2.5e-7,12000000
Herbivores,0.5171299288946347,2.3076923076923078e-7,13000000
Herbivores,0.5171299288946347,2.857142857142857e-7,14000000
Herbivores,0.5171299288946347,3.3333333333333335e-7,15000000
Herbivores,0.5171299288946347,4.375e-7,16000000
Herbivores,0.5171299288946347,4.1176470588235295e-7,17000000
Herbivores,0.5171299288946347,4.4444444444444444e-7,18000000
Herbivores,0.5171299288946347,4.210526315789474e-7,19000000
Herbivores,0.5171299288946347,4.5e-7,20000000
Herbivores,0.5171299288946347,4.761904761904762e-7,21000000
Herbivores,0.5171299288946347,4.545454545454545e-7,22000000
Herbivores,0.5171299288946347,4.347826086956522e-7,23000000
Herbivores,0.5171299288946347,4.1666666666666667e-7,24000000
Herbivores,0.5171299288946347,4.0e-7,25000000
Herbivores,0.5171299288946347,3.8461538461538463e-7,26000000
Herbivores,0.5171299288946347,3.7037037037037036e-7,27000000
Herbivores,0.5171299288946347,3.5714285714285716e-7,28000000
Herbivores,0.5171299288946347,3.793103448275862e-7,29000000
Herbivores,0.5171299288946347,3.6666666666666667e-7,30000000
Herbivores,0.5171299288946347,3.5483870967741936e-7,31000000
Herbivores,0.5171299288946347,3.4375e-7,32000000
Herbivores,0.5171299288946347,3.3333333333333335e-7,33000000
Herbivores,0.5171299288946347,3.2352941176470586e-7,34000000
Herbivores,0.5171299288946347,3.142857142857143e-7,35000000
Herbivores,0.5171299288946347,3.0555555555555553e-7,36000000
Herbivores,0.5171299288946347,2.9729729729729727e-7,37000000
Herbivores,0.5171299288946347,2.894736842105263e-7,38000000
Herbivores,0.5171299288946347,2.8205128205128203e-7,39000000
Herbivores,0.5171299288946347,2.75e-7,40000000
Herbivores,0.5171299288946347,2.682926829268293e-7,41000000
Herbivores,0.5171299288946347,2.857142857142857e-7,42000000
Herbivores,0.5171299288946347,2.790697674418605e-7,43000000
Herbivores,0.5171299288946347,2.7272727272727274e-7,44000000
Herbivores,0.5171299288946347,2.6666666666666667e-7,45000000
Herbivores,0.5171299288946347,2.608695652173913e-7,46000000
Herbivores,0.5171299288946347,2.553191489361702e-7,47000000
Herbivores,0.5171299288946347,2.5e-7,48000000
Herbivores,0.5171299288946347,2.4489795918367347e-7,49000000
Herbivores,0.5171299288946347,2.6e-7,50000000
Herbivores,0.5171299288946347,2.549019607843137e-7,51000000
Herbivores,0.5171299288946347,2.5e-7,52000000
Herbivores,0.5171299288946347,2.452830188679245e-7,53000000
Herbivores,0.5171299288946347,2.4074074074074075e-7,54000000
Herbivores,0.5171299288946347,2.3636363636363637e-7,55000000
Herbivores,0.5171299288946347,2.5e-7,56000000
Herbivores,0.5171299288946347,2.456140350877193e-7,57000000
Herbivores,0.5171299288946347,2.413793103448276e-7,58000000
Herbivores,0.5171299288946347,2.3728813559322033e-7,59000000
Herbivores,0.5171299288946347,2.3333333333333333e-7,60000000
Herbivores,0.5171299288946347,2.2950819672131146e-7,61000000
Herbivores,0.5171299288946347,2.2580645161290322e-7,62000000
Herbivores,0.5171299288946347,2.2222222222222222e-7,63000000
Herbivores,0.5171299288946347,2.34375e-7,64000000
Herbivores,0.5171299288946347,2.3076923076923078e-7,65000000
Herbivores,0.5171299288946347,2.2727272727272726e-7,66000000
Herbivores,0.5171299288946347,2.388059701492537e-7,67000000
Herbivores,0.5171299288946347,2.3529411764705883e-7,68000000
Herbivores,0.5171299288946347,2.318840579710145e-7,69000000
Herbivores,0.5171299288946347,2.2857142857142858e-7,70000000
Herbivores,0.5171299288946347,2.394366197183099e-7,71000000
Herbivores,0.5171299288946347,2.361111111111111e-7,72000000
Herbivores,0.5171299288946347,2.3287671232876712e-7,73000000
Herbivores,0.5171299288946347,2.2972972972972974e-7,74000000
Herbivores,0.5171299288946347,2.4e-7,75000000
Herbivores,0.5171299288946347,2.5e-7,76000000
Herbivores,0.5171299288946347,2.4675324675324674e-7,77000000
Herbivores,0.5171299288946347,2.435897435897436e-7,78000000
Herbivores,0.5171299288946347,2.40506329113924e-7,79000000
Herbivores,0.5171299288946347,2.5e-7,80000000
Herbivores,0.5171299288946347,2.469135802469136e-7,81000000
Herbivores,0.5171299288946347,2.439024390243902e-7,82000000
Herbivores,0.5171299288946347,2.4096385542168674e-7,83000000
Herbivores,0.5171299288946347,2.380952380952381e-7,84000000
Herbivores,0.5171299288946347,2.588235294117647e-7,85000000
Herbivores,0.5171299288946347,2.558139534883721e-7,86000000
Herbivores,0.5171299288946347,2.528735632183908e-7,87000000
Herbivores,0.5171299288946347,2.5e-7,88000000
Herbivores,0.5171299288946347,2.4719101123595505e-7,89000000
Herbivores,0.5171299288946347,2.4444444444444445e-7,90000000
Herbivores,0.5171299288946347,2.5274725274725275e-7,91000000
Herbivores,0.5171299288946347,2.5e-7,92000000
Herbivores,0.5171299288946347,2.473118279569892e-7,93000000
Herbivores,0.5171299288946347,2.4468085106382976e-7,94000000
Herbivores,0.5171299288946347,2.4210526315789473e-7,95000000
Herbivores,0.5171299288946347,2.3958333333333335e-7,96000000
Herbivores,0.5171299288946347,2.3711340206185568e-7,97000000
Herbivores,0.5171299288946347,2.346938775510204e-7,98000000
Herbivores,0.5171299288946347,2.4242424242424244e-7,99000000
Herbivores,0.5171299288946347,2.4e-7,100000000
