Primary_Producers,0.92,0.014181,1000000
Primary_Producers,0.92,0.0141455,2000000
Primary_Producers,0.92,0.014184,3000000
Primary_Producers,0.92,0.014128,4000000
Primary_Producers,0.92,0.0141682,5000000
Primary_Producers,0.92,0.01421,6000000
Primary_Producers,0.92,0.014218,7000000
Primary_Producers,0.92,0.01421,8000000
Primary_Producers,0.92,0.014193111111111111,9000000
Primary_Producers,0.92,0.0142062,10000000
Primary_Producers,0.92,0.014189545454545455,11000000
Primary_Producers,0.92,0.014190833333333333,12000000
Primary_Producers,0.92,0.01417,13000000
Primary_Producers,0.92,0.014164714285714286,14000000
Primary_Producers,0.92,0.014162333333333334,15000000
Primary_Producers,0.92,0.0141481875,16000000
Primary_Producers,0.92,0.014149529411764707,17000000
Primary_Producers,0.92,0.014163277777777778,18000000
Primary_Producers,0.92,0.01416221052631579,19000000
Primary_Producers,0.92,0.01416895,20000000
Primary_Producers,0.92,0.014162333333333334,21000000
Primary_Producers,0.92,0.014150318181818182,22000000
Primary_Producers,0.92,0.014148739130434783,23000000
Primary_Producers,0.92,0.01415475,24000000
Primary_Producers,0.92,0.0141602,25000000
Primary_Producers,0.92,0.014168,26000000
Primary_Producers,0.92,0.014163555555555556,27000000
Primary_Producers,0.92,0.014165285714285714,28000000
Primary_Producers,0.92,0.014165172413793104,29000000
Primary_Producers,0.92,0.014163233333333334,30000000
Primary_Producers,0.92,0.014161838709677419,31000000
Primary_Producers,0.92,0.0141555,32000000
Primary_Producers,0.92,0.014152393939393939,33000000
Primary_Producers,0.92,0.014153235294117647,34000000
Primary_Producers,0.92,0.014155228571428572,35000000
Primary_Producers,0.92,0.014154083333333333,36000000
Primary_Producers,0.92,0.014157270270270271,37000000
Primary_Producers,0.92,0.014158947368421052,38000000
Primary_Producers,0.92,0.014162282051282052,39000000
Primary_Producers,0.92,0.014160275,40000000
Primary_Producers,0.92,0.014164829268292684,41000000
Primary_Producers,0.92,0.01416695238095238,42000000
Primary_Producers,0.92,0.014167186046511628,43000000
Primary_Producers,0.92,0.01417334090909091,44000000
Primary_Producers,0.92,0.014179155555555555,45000000
Primary_Producers,0.92,0.014180282608695652,46000000
Primary_Producers,0.92,0.014176382978723404,47000000
Primary_Producers,0.92,0.014177354166666666,48000000
Primary_Producers,0.92,0.014174448979591837,49000000
Primary_Producers,0.92,0.01417524,50000000
Primary_Producers,0.92,0.014175764705882353,51000000
Primary_Producers,0.92,0.014178846153846153,52000000
Primary_Producers,0.92,0.014177056603773585,53000000
Primary_Producers,0.92,0.014173388888888888,54000000
Primary_Producers,0.92,0.014173127272727272,55000000
Primary_Producers,0.92,0.014172839285714285,56000000
Primary_Producers,0.92,0.01417359649122807,57000000
Primary_Producers,0.92,0.014172948275862069,58000000
Primary_Producers,0.92,0.014174033898305084,59000000
Primary_Producers,0.92,0.014172733333333333,60000000
Primary_Producers,0.92,0.014172508196721311,61000000
Primary_Producers,0.92,0.014174016129032258,62000000
Primary_Producers,0.92,0.014172873015873015,63000000
Primary_Producers,0.92,0.0141733125,64000000
Primary_Producers,0.92,0.014174415384615384,65000000
Primary_Producers,0.92,0.014174272727272728,66000000
Primary_Producers,0.92,0.014175820895522388,67000000
Primary_Producers,0.92,0.014177308823529411,68000000
Primary_Producers,0.92,0.014177507246376812,69000000
Primary_Producers,0.92,0.014175628571428572,70000000
Primary_Producers,0.92,0.01417505633802817,71000000
Primary_Producers,0.92,0.014175305555555556,72000000
Primary_Producers,0.92,0.014175849315068493,73000000
Primary_Producers,0.92,0.014179945945945946,74000000
Primary_Producers,0.92,0.01418108,75000000
Primary_Producers,0.92,0.014182486842105263,76000000
Primary_Producers,0.92,0.014180532467532467,77000000
Primary_Producers,0.92,0.014180794871794872,78000000
Primary_Producers,0.92,0.014182215189873417,79000000
Primary_Producers,0.92,0.0141811125,80000000
Primary_Producers,0.92,0.014182876543209877,81000000
Primary_Producers,0.92,0.014181853658536586,82000000
Primary_Producers,0.92,0.014180168674698795,83000000
Primary_Producers,0.92,0.014176654761904762,84000000
Primary_Producers,0.92,0.014176988235294117,85000000
Primary_Producers,0.92,0.014174895348837209,86000000
Primary_Producers,0.92,0.01417503448275862,87000000
Primary_Producers,0.92,0.014173375,88000000
Primary_Producers,0.92,0.014174651685393258,89000000
Primary_Producers,0.92,0.014176177777777778,90000000
Primary_Producers,0.92,0.01417589010989011,91000000
Primary_Producers,0.92,0.014174804347826087,92000000
Primary_Producers,0.92,0.014175215053763441,93000000
Primary_Producers,0.92,0.014174691489361702,94000000
Primary_Producers,0.92,0.014175505263157894,95000000
Primary_Producers,0.92,0.01417559375,96000000
Primary_Producers,0.92,0.014173278350515463,97000000
Primary_Producers,0.92,0.014173744897959183,98000000
Primary_Producers,0.92,0.014172636363636363,99000000
Primary_Producers,0.92,0.01417486,100000000
