Parasites,0.61859410430839,0.999976,1000000
Parasites,0.61859410430839,0.99998,2000000
Parasites,0.61859410430839,0.9999826666666667,3000000
Parasites,0.61859410430839,0.99998275,4000000
Parasites,0.61859410430839,0.9999836,5000000
Parasites,0.61859410430839,0.9999836666666667,6000000
Parasites,0.61859410430839,0.9999841428571429,7000000
Parasites,0.61859410430839,0.99998475,8000000
Parasites,0.61859410430839,0.9999841111111111,9000000
Parasites,0.61859410430839,0.9999834,10000000
Parasites,0.61859410430839,0.9999825454545455,11000000
Parasites,0.61859410430839,0.9999825833333333,12000000
Parasites,0.61859410430839,0.999983076923077,13000000
Parasites,0.61859410430839,0.999983,14000000
Parasites,0.61859410430839,0.9999828,15000000
Parasites,0.61859410430839,0.9999829375,16000000
Parasites,0.61859410430839,0.9999831176470588,17000000
Parasites,0.61859410430839,0.9999832222222222,18000000
Parasites,0.61859410430839,0.9999833684210526,19000000
Parasites,0.61859410430839,0.99998345,20000000
Parasites,0.61859410430839,0.9999833333333333,21000000
Parasites,0.61859410430839,0.9999837727272727,22000000
Parasites,0.61859410430839,0.999984,23000000
Parasites,0.61859410430839,0.999983875,24000000
Parasites,0.61859410430839,0.99998388,25000000
Parasites,0.61859410430839,0.9999839230769231,26000000
Parasites,0.61859410430839,0.9999836296296296,27000000
Parasites,0.61859410430839,0.9999833571428571,28000000
Parasites,0.61859410430839,0.9999831724137931,29000000
Parasites,0.61859410430839,0.9999830666666667,30000000
Parasites,0.61859410430839,0.9999828387096774,31000000
Parasites,0.61859410430839,0.99998284375,32000000
Parasites,0.61859410430839,0.9999829393939393,33000000
Parasites,0.61859410430839,0.9999830882352941,34000000
Parasites,0.61859410430839,0.9999828,35000000
Parasites,0.61859410430839,0.9999828333333334,36000000
Parasites,0.61859410430839,0.999982945945946,37000000
Parasites,0.61859410430839,0.999983,38000000
Parasites,0.61859410430839,0.9999828974358974,39000000
Parasites,0.61859410430839,0.999982975,40000000
Parasites,0.61859410430839,0.9999830975609756,41000000
Parasites,0.61859410430839,0.9999830714285715,42000000
Parasites,0.61859410430839,0.9999831162790698,43000000
Parasites,0.61859410430839,0.9999831590909091,44000000
Parasites,0.61859410430839,0.9999831111111112,45000000
Parasites,0.61859410430839,0.9999831086956522,46000000
Parasites,0.61859410430839,0.9999830638297872,47000000
Parasites,0.61859410430839,0.999983,48000000
Parasites,0.61859410430839,0.9999830612244898,49000000
Parasites,0.61859410430839,0.99998296,50000000
Parasites,0.61859410430839,0.9999827843137254,51000000
Parasites,0.61859410430839,0.9999826923076923,52000000
Parasites,0.61859410430839,0.9999825849056604,53000000
Parasites,0.61859410430839,0.999982462962963,54000000
Parasites,0.61859410430839,0.9999825818181818,55000000
Parasites,0.61859410430839,0.9999825892857143,56000000
Parasites,0.61859410430839,0.9999825438596491,57000000
Parasites,0.61859410430839,0.9999825689655173,58000000
Parasites,0.61859410430839,0.9999825254237288,59000000
Parasites,0.61859410430839,0.9999825166666667,60000000
Parasites,0.61859410430839,0.9999824426229508,61000000
Parasites,0.61859410430839,0.9999823387096775,62000000
Parasites,0.61859410430839,0.9999823174603175,63000000
Parasites,0.61859410430839,0.999982296875,64000000
Parasites,0.61859410430839,0.999982276923077,65000000
Parasites,0.61859410430839,0.9999823333333333,66000000
Parasites,0.61859410430839,0.9999824626865672,67000000
Parasites,0.61859410430839,0.9999823529411764,68000000
Parasites,0.61859410430839,0.9999823913043479,69000000
Parasites,0.61859410430839,0.9999823142857143,70000000
Parasites,0.61859410430839,0.999982352112676,71000000
Parasites,0.61859410430839,0.9999824444444444,72000000
Parasites,0.61859410430839,0.9999823835616438,73000000
Parasites,0.61859410430839,0.9999823513513514,74000000
Parasites,0.61859410430839,0.99998232,75000000
Parasites,0.61859410430839,0.999982302631579,76000000
Parasites,0.61859410430839,0.9999822597402598,77000000
Parasites,0.61859410430839,0.9999822564102564,78000000
Parasites,0.61859410430839,0.9999822151898734,79000000
Parasites,0.61859410430839,0.999982225,80000000
Parasites,0.61859410430839,0.9999822716049382,81000000
Parasites,0.61859410430839,0.9999821707317074,82000000
Parasites,0.61859410430839,0.9999820843373494,83000000
Parasites,0.61859410430839,0.9999820595238095,84000000
Parasites,0.61859410430839,0.9999821647058823,85000000
Parasites,0.61859410430839,0.9999822441860465,86000000
Parasites,0.61859410430839,0.9999823448275862,87000000
Parasites,0.61859410430839,0.9999823863636363,88000000
Parasites,0.61859410430839,0.9999823820224719,89000000
Parasites,0.61859410430839,0.9999824111111111,90000000
Parasites,0.61859410430839,0.9999823516483517,91000000
Parasites,0.61859410430839,0.9999823260869565,92000000
Parasites,0.61859410430839,0.9999823225806451,93000000
Parasites,0.61859410430839,0.9999823404255319,94000000
Parasites,0.61859410430839,0.9999822842105263,95000000
Parasites,0.61859410430839,0.9999821875,96000000
Parasites,0.61859410430839,0.9999821855670104,97000000
Parasites,0.61859410430839,0.9999821428571428,98000000
Parasites,0.61859410430839,0.9999821111111111,99000000
Parasites,0.61859410430839,0.9999821,100000000
