Primary_Producers,0.5625,0.999996,1000000
Primary_Producers,0.5625,0.9999975,2000000
Primary_Producers,0.5625,0.9999973333333333,3000000
Primary_Producers,0.5625,0.999996,4000000
Primary_Producers,0.5625,0.9999962,5000000
Primary_Producers,0.5625,0.9999961666666667,6000000
Primary_Producers,0.5625,0.9999962857142857,7000000
Primary_Producers,0.5625,0.999996125,8000000
Primary_Producers,0.5625,0.9999958888888889,9000000
Primary_Producers,0.5625,0.9999961,10000000
Primary_Producers,0.5625,0.9999963636363637,11000000
Primary_Producers,0.5625,0.9999961666666667,12000000
Primary_Producers,0.5625,0.9999964615384616,13000000
Primary_Producers,0.5625,0.9999965714285715,14000000
Primary_Producers,0.5625,0.9999966,15000000
Primary_Producers,0.5625,0.9999965625,16000000
Primary_Producers,0.5625,0.9999964117647059,17000000
Primary_Producers,0.5625,0.9999963333333334,18000000
Primary_Producers,0.5625,0.9999962631578947,19000000
Primary_Producers,0.5625,0.9999963,20000000
Primary_Producers,0.5625,0.9999961904761905,21000000
Primary_Producers,0.5625,0.9999961818181818,22000000
Primary_Producers,0.5625,0.9999962173913044,23000000
Primary_Producers,0.5625,0.999996375,24000000
Primary_Producers,0.5625,0.99999624,25000000
Primary_Producers,0.5625,0.9999961538461538,26000000
Primary_Producers,0.5625,0.9999961481481482,27000000
Primary_Producers,0.5625,0.9999959642857142,28000000
Primary_Producers,0.5625,0.9999959310344828,29000000
Primary_Producers,0.5625,0.999996,30000000
Primary_Producers,0.5625,0.999995935483871,31000000
Primary_Producers,0.5625,0.999996,32000000
Primary_Producers,0.5625,0.9999959696969697,33000000
Primary_Producers,0.5625,0.9999958529411764,34000000
Primary_Producers,0.5625,0.9999958571428571,35000000
Primary_Producers,0.5625,0.9999958611111112,36000000
Primary_Producers,0.5625,0.9999958648648649,37000000
Primary_Producers,0.5625,0.9999959210526316,38000000
Primary_Producers,0.5625,0.9999959487179487,39000000
Primary_Producers,0.5625,0.999996025,40000000
Primary_Producers,0.5625,0.9999959512195122,41000000
Primary_Producers,0.5625,0.9999959047619048,42000000
Primary_Producers,0.5625,0.9999959302325582,43000000
Primary_Producers,0.5625,0.999996,44000000
Primary_Producers,0.5625,0.999996,45000000
Primary_Producers,0.5625,0.9999959565217391,46000000
Primary_Producers,0.5625,0.9999959787234043,47000000
Primary_Producers,0.5625,0.9999959583333333,48000000
Primary_Producers,0.5625,0.9999959795918367,49000000
Primary_Producers,0.5625,0.99999594,50000000
Primary_Producers,0.5625,0.9999959215686275,51000000
Primary_Producers,0.5625,0.9999958653846154,52000000
Primary_Producers,0.5625,0.9999958867924529,53000000
Primary_Producers,0.5625,0.9999958518518518,54000000
Primary_Producers,0.5625,0.9999958363636363,55000000
Primary_Producers,0.5625,0.9999958392857143,56000000
Primary_Producers,0.5625,0.9999958070175439,57000000
Primary_Producers,0.5625,0.9999957586206897,58000000
Primary_Producers,0.5625,0.9999957796610169,59000000
Primary_Producers,0.5625,0.9999957333333334,60000000
Primary_Producers,0.5625,0.9999956885245902,61000000
Primary_Producers,0.5625,0.9999957419354839,62000000
Primary_Producers,0.5625,0.9999957619047619,63000000
Primary_Producers,0.5625,0.999995703125,64000000
Primary_Producers,0.5625,0.9999957230769231,65000000
Primary_Producers,0.5625,0.9999956969696969,66000000
Primary_Producers,0.5625,0.9999956865671642,67000000
Primary_Producers,0.5625,0.9999956764705883,68000000
Primary_Producers,0.5625,0.9999956666666666,69000000
Primary_Producers,0.5625,0.9999956714285714,70000000
Primary_Producers,0.5625,0.999995661971831,71000000
Primary_Producers,0.5625,0.9999956805555555,72000000
Primary_Producers,0.5625,0.9999956575342466,73000000
Primary_Producers,0.5625,0.9999957027027027,74000000
Primary_Producers,0.5625,0.99999568,75000000
Primary_Producers,0.5625,0.9999956315789473,76000000
Primary_Producers,0.5625,0.9999956493506493,77000000
Primary_Producers,0.5625,0.9999956794871795,78000000
Primary_Producers,0.5625,0.999995670886076,79000000
Primary_Producers,0.5625,0.999995725,80000000
Primary_Producers,0.5625,0.9999957407407407,81000000
Primary_Producers,0.5625,0.999995756097561,82000000
Primary_Producers,0.5625,0.9999957469879518,83000000
Primary_Producers,0.5625,0.99999575,84000000
Primary_Producers,0.5625,0.9999957529411765,85000000
Primary_Producers,0.5625,0.9999957790697674,86000000
Primary_Producers,0.5625,0.9999957586206897,87000000
Primary_Producers,0.5625,0.9999957840909091,88000000
Primary_Producers,0.5625,0.999995797752809,89000000
Primary_Producers,0.5625,0.9999958333333333,90000000
Primary_Producers,0.5625,0.9999958131868132,91000000
Primary_Producers,0.5625,0.9999958152173913,92000000
Primary_Producers,0.5625,0.9999957956989247,93000000
Primary_Producers,0.5625,0.9999957978723404,94000000
Primary_Producers,0.5625,0.9999958210526316,95000000
Primary_Producers,0.5625,0.9999958229166667,96000000
Primary_Producers,0.5625,0.999995824742268,97000000
Primary_Producers,0.5625,0.9999958367346938,98000000
Primary_Producers,0.5625,0.9999958080808081,99000000
Primary_Producers,0.5625,0.99999576,100000000
