Consumers,0.2632905013857395,0.0,1000000
Consumers,0.2632905013857395,0.0,2000000
Consumers,0.2632905013857395,0.0,3000000
Consumers,0.2632905013857395,0.0,4000000
Consumers,0.2632905013857395,0.0,5000000
Consumers,0.2632905013857395,0.0,6000000
Consumers,0.2632905013857395,0.0,7000000
Consumers,0.2632905013857395,0.0,8000000
Consumers,0.2632905013857395,1.1111111111111111e-7,9000000
Consumers,0.2632905013857395,1.0e-7,10000000
Consumers,0.2632905013857395,2.7272727272727274e-7,11000000
Consumers,0.2632905013857395,3.3333333333333335e-7,12000000
Consumers,0.2632905013857395,3.076923076923077e-7,13000000
Consumers,0.2632905013857395,2.857142857142857e-7,14000000
Consumers,0.2632905013857395,2.6666666666666667e-7,15000000
Consumers,0.2632905013857395,2.5e-7,16000000
Consumers,0.2632905013857395,2.3529411764705883e-7,17000000
Consumers,0.2632905013857395,2.2222222222222222e-7,18000000
Consumers,0.2632905013857395,2.105263157894737e-7,19000000
Consumers,0.2632905013857395,2.0e-7,20000000
Consumers,0.2632905013857395,1.9047619047619048e-7,21000000
Consumers,0.2632905013857395,1.8181818181818183e-7,22000000
Consumers,0.2632905013857395,1.7391304347826088e-7,23000000
Consumers,0.2632905013857395,1.6666666666666668e-7,24000000
Consumers,0.2632905013857395,1.6e-7,25000000
Consumers,0.2632905013857395,1.5384615384615385e-7,26000000
Consumers,0.2632905013857395,1.4814814814814815e-7,27000000
Consumers,0.2632905013857395,1.4285714285714285e-7,28000000
Consumers,0.2632905013857395,1.3793103448275863e-7,29000000
Consumers,0.2632905013857395,1.3333333333333334e-7,30000000
Consumers,0.2632905013857395,1.2903225806451614e-7,31000000
Consumers,0.2632905013857395,1.25e-7,32000000
Consumers,0.2632905013857395,1.2121212121212122e-7,33000000
Consumers,0.2632905013857395,1.4705882352941175e-7,34000000
Consumers,0.2632905013857395,1.4285714285714285e-7,35000000
Consumers,0.2632905013857395,1.3888888888888888e-7,36000000
Consumers,0.2632905013857395,1.3513513513513515e-7,37000000
Consumers,0.2632905013857395,1.3157894736842104e-7,38000000
Consumers,0.2632905013857395,1.282051282051282e-7,39000000
Consumers,0.2632905013857395,1.25e-7,40000000
Consumers,0.2632905013857395,1.219512195121951e-7,41000000
Consumers,0.2632905013857395,1.4285714285714285e-7,42000000
Consumers,0.2632905013857395,1.3953488372093024e-7,43000000
Consumers,0.2632905013857395,1.3636363636363637e-7,44000000
Consumers,0.2632905013857395,1.5555555555555556e-7,45000000
Consumers,0.2632905013857395,1.5217391304347825e-7,46000000
Consumers,0.2632905013857395,1.4893617021276595e-7,47000000
Consumers,0.2632905013857395,1.4583333333333332e-7,48000000
Consumers,0.2632905013857395,1.4285714285714285e-7,49000000
Consumers,0.2632905013857395,1.6e-7,50000000
Consumers,0.2632905013857395,1.5686274509803921e-7,51000000
Consumers,0.2632905013857395,1.7307692307692308e-7,52000000
Consumers,0.2632905013857395,1.6981132075471698e-7,53000000
Consumers,0.2632905013857395,1.6666666666666668e-7,54000000
Consumers,0.2632905013857395,1.6363636363636364e-7,55000000
Consumers,0.2632905013857395,1.6071428571428573e-7,56000000
Consumers,0.2632905013857395,1.9298245614035088e-7,57000000
Consumers,0.2632905013857395,1.896551724137931e-7,58000000
Consumers,0.2632905013857395,1.864406779661017e-7,59000000
Consumers,0.2632905013857395,1.8333333333333333e-7,60000000
Consumers,0.2632905013857395,1.80327868852459e-7,61000000
Consumers,0.2632905013857395,1.7741935483870968e-7,62000000
Consumers,0.2632905013857395,1.746031746031746e-7,63000000
Consumers,0.2632905013857395,1.71875e-7,64000000
Consumers,0.2632905013857395,1.6923076923076923e-7,65000000
Consumers,0.2632905013857395,1.6666666666666668e-7,66000000
Consumers,0.2632905013857395,1.791044776119403e-7,67000000
Consumers,0.2632905013857395,1.911764705882353e-7,68000000
Consumers,0.2632905013857395,2.0289855072463767e-7,69000000
Consumers,0.2632905013857395,2.0e-7,70000000
Consumers,0.2632905013857395,1.971830985915493e-7,71000000
Consumers,0.2632905013857395,2.0833333333333333e-7,72000000
Consumers,0.2632905013857395,2.1917808219178082e-7,73000000
Consumers,0.2632905013857395,2.2972972972972974e-7,74000000
Consumers,0.2632905013857395,2.2666666666666666e-7,75000000
Consumers,0.2632905013857395,2.2368421052631578e-7,76000000
Consumers,0.2632905013857395,2.2077922077922079e-7,77000000
Consumers,0.2632905013857395,2.1794871794871795e-7,78000000
Consumers,0.2632905013857395,2.1518987341772152e-7,79000000
Consumers,0.2632905013857395,2.125e-7,80000000
Consumers,0.2632905013857395,2.0987654320987653e-7,81000000
Consumers,0.2632905013857395,2.1951219512195123e-7,82000000
Consumers,0.2632905013857395,2.1686746987951808e-7,83000000
Consumers,0.2632905013857395,2.1428571428571428e-7,84000000
Consumers,0.2632905013857395,2.1176470588235293e-7,85000000
Consumers,0.2632905013857395,2.2093023255813952e-7,86000000
Consumers,0.2632905013857395,2.1839080459770114e-7,87000000
Consumers,0.2632905013857395,2.159090909090909e-7,88000000
Consumers,0.2632905013857395,2.1348314606741573e-7,89000000
Consumers,0.2632905013857395,2.111111111111111e-7,90000000
Consumers,0.2632905013857395,2.1978021978021978e-7,91000000
Consumers,0.2632905013857395,2.173913043478261e-7,92000000
Consumers,0.2632905013857395,2.1505376344086022e-7,93000000
Consumers,0.2632905013857395,2.1276595744680852e-7,94000000
Consumers,0.2632905013857395,2.105263157894737e-7,95000000
Consumers,0.2632905013857395,2.0833333333333333e-7,96000000
Consumers,0.2632905013857395,2.1649484536082473e-7,97000000
Consumers,0.2632905013857395,2.2448979591836735e-7,98000000
Consumers,0.2632905013857395,2.2222222222222222e-7,99000000
Consumers,0.2632905013857395,2.2e-7,100000000
