Primary_Producers,0.9022222222222223,0.85114,1000000
Primary_Producers,0.9022222222222223,0.851377,2000000
Primary_Producers,0.9022222222222223,0.8512233333333333,3000000
Primary_Producers,0.9022222222222223,0.85119875,4000000
Primary_Producers,0.9022222222222223,0.851234,5000000
Primary_Producers,0.9022222222222223,0.8511495,6000000
Primary_Producers,0.9022222222222223,0.8512351428571429,7000000
Primary_Producers,0.9022222222222223,0.851242625,8000000
Primary_Producers,0.9022222222222223,0.8512685555555556,9000000
Primary_Producers,0.9022222222222223,0.8512636,10000000
Primary_Producers,0.9022222222222223,0.8512738181818181,11000000
Primary_Producers,0.9022222222222223,0.8512168333333333,12000000
Primary_Producers,0.9022222222222223,0.8512298461538461,13000000
Primary_Producers,0.9022222222222223,0.8512269285714286,14000000
Primary_Producers,0.9022222222222223,0.8512498,15000000
Primary_Producers,0.9022222222222223,0.8512244375,16000000
Primary_Producers,0.9022222222222223,0.8512498235294118,17000000
Primary_Producers,0.9022222222222223,0.8512441111111111,18000000
Primary_Producers,0.9022222222222223,0.8512331052631579,19000000
Primary_Producers,0.9022222222222223,0.8512523,20000000
Primary_Producers,0.9022222222222223,0.8512234285714285,21000000
Primary_Producers,0.9022222222222223,0.8512256818181818,22000000
Primary_Producers,0.9022222222222223,0.8512432173913044,23000000
Primary_Producers,0.9022222222222223,0.851232375,24000000
Primary_Producers,0.9022222222222223,0.8512088,25000000
Primary_Producers,0.9022222222222223,0.851189576923077,26000000
Primary_Producers,0.9022222222222223,0.8511808518518519,27000000
Primary_Producers,0.9022222222222223,0.8511747857142857,28000000
Primary_Producers,0.9022222222222223,0.8511698620689655,29000000
Primary_Producers,0.9022222222222223,0.8511511333333334,30000000
Primary_Producers,0.9022222222222223,0.8511455806451613,31000000
Primary_Producers,0.9022222222222223,0.85114775,32000000
Primary_Producers,0.9022222222222223,0.8511343939393939,33000000
Primary_Producers,0.9022222222222223,0.851142,34000000
Primary_Producers,0.9022222222222223,0.8511369142857143,35000000
Primary_Producers,0.9022222222222223,0.8511556388888889,36000000
Primary_Producers,0.9022222222222223,0.8511506486486486,37000000
Primary_Producers,0.9022222222222223,0.8511428157894737,38000000
Primary_Producers,0.9022222222222223,0.8511643589743589,39000000
Primary_Producers,0.9022222222222223,0.85116105,40000000
Primary_Producers,0.9022222222222223,0.8511473414634146,41000000
Primary_Producers,0.9022222222222223,0.8511468095238095,42000000
Primary_Producers,0.9022222222222223,0.8511482325581395,43000000
Primary_Producers,0.9022222222222223,0.851154659090909,44000000
Primary_Producers,0.9022222222222223,0.8511372222222222,45000000
Primary_Producers,0.9022222222222223,0.8511523043478261,46000000
Primary_Producers,0.9022222222222223,0.8511570638297873,47000000
Primary_Producers,0.9022222222222223,0.8511551458333333,48000000
Primary_Producers,0.9022222222222223,0.8511658979591836,49000000
Primary_Producers,0.9022222222222223,0.851157,50000000
Primary_Producers,0.9022222222222223,0.8511566470588235,51000000
Primary_Producers,0.9022222222222223,0.8511574423076923,52000000
Primary_Producers,0.9022222222222223,0.851158679245283,53000000
Primary_Producers,0.9022222222222223,0.8511558333333333,54000000
Primary_Producers,0.9022222222222223,0.8511491272727273,55000000
Primary_Producers,0.9022222222222223,0.8511429464285715,56000000
Primary_Producers,0.9022222222222223,0.8511520175438596,57000000
Primary_Producers,0.9022222222222223,0.851137448275862,58000000
Primary_Producers,0.9022222222222223,0.8511318983050847,59000000
Primary_Producers,0.9022222222222223,0.8511303333333333,60000000
Primary_Producers,0.9022222222222223,0.8511247213114754,61000000
Primary_Producers,0.9022222222222223,0.8511260161290323,62000000
Primary_Producers,0.9022222222222223,0.8511322380952381,63000000
Primary_Producers,0.9022222222222223,0.85111771875,64000000
Primary_Producers,0.9022222222222223,0.8511293538461538,65000000
Primary_Producers,0.9022222222222223,0.851129,66000000
Primary_Producers,0.9022222222222223,0.851135223880597,67000000
Primary_Producers,0.9022222222222223,0.8511329852941176,68000000
Primary_Producers,0.9022222222222223,0.8511317246376812,69000000
Primary_Producers,0.9022222222222223,0.8511269714285714,70000000
Primary_Producers,0.9022222222222223,0.8511301830985916,71000000
Primary_Producers,0.9022222222222223,0.85113525,72000000
Primary_Producers,0.9022222222222223,0.8511320410958904,73000000
Primary_Producers,0.9022222222222223,0.8511352432432432,74000000
Primary_Producers,0.9022222222222223,0.8511273466666667,75000000
Primary_Producers,0.9022222222222223,0.8511328289473684,76000000
Primary_Producers,0.9022222222222223,0.8511316623376624,77000000
Primary_Producers,0.9022222222222223,0.8511311923076923,78000000
Primary_Producers,0.9022222222222223,0.8511302658227848,79000000
Primary_Producers,0.9022222222222223,0.8511315125,80000000
Primary_Producers,0.9022222222222223,0.8511359259259259,81000000
Primary_Producers,0.9022222222222223,0.8511357439024391,82000000
Primary_Producers,0.9022222222222223,0.8511354939759036,83000000
Primary_Producers,0.9022222222222223,0.8511382976190476,84000000
Primary_Producers,0.9022222222222223,0.8511380705882353,85000000
Primary_Producers,0.9022222222222223,0.851135523255814,86000000
Primary_Producers,0.9022222222222223,0.8511373333333333,87000000
Primary_Producers,0.9022222222222223,0.8511393636363637,88000000
Primary_Producers,0.9022222222222223,0.8511378426966292,89000000
Primary_Producers,0.9022222222222223,0.8511396555555556,90000000
Primary_Producers,0.9022222222222223,0.8511372417582418,91000000
Primary_Producers,0.9022222222222223,0.851141597826087,92000000
Primary_Producers,0.9022222222222223,0.8511427741935483,93000000
Primary_Producers,0.9022222222222223,0.8511399787234043,94000000
Primary_Producers,0.9022222222222223,0.8511382526315789,95000000
Primary_Producers,0.9022222222222223,0.85113290625,96000000
Primary_Producers,0.9022222222222223,0.8511323608247423,97000000
Primary_Producers,0.9022222222222223,0.8511343673469388,98000000
Primary_Producers,0.9022222222222223,0.851140808080808,99000000
Primary_Producers,0.9022222222222223,0.8511432,100000000
