Consumers,0.22142857142857145,0.02621,1000000
Consumers,0.22142857142857145,0.02606,2000000
Consumers,0.22142857142857145,0.026172666666666667,3000000
Consumers,0.22142857142857145,0.02621525,4000000
Consumers,0.22142857142857145,0.026175,5000000
Consumers,0.22142857142857145,0.026169333333333333,6000000
Consumers,0.22142857142857145,0.02620842857142857,7000000
Consumers,0.22142857142857145,0.026235875,8000000
Consumers,0.22142857142857145,0.026225444444444444,9000000
Consumers,0.22142857142857145,0.0262147,10000000
Consumers,0.22142857142857145,0.026220727272727274,11000000
Consumers,0.22142857142857145,0.026230166666666666,12000000
Consumers,0.22142857142857145,0.026216153846153847,13000000
Consumers,0.22142857142857145,0.026231785714285714,14000000
Consumers,0.22142857142857145,0.0262332,15000000
Consumers,0.22142857142857145,0.026236625,16000000
Consumers,0.22142857142857145,0.026236941176470588,17000000
Consumers,0.22142857142857145,0.026241333333333332,18000000
Consumers,0.22142857142857145,0.02623815789473684,19000000
Consumers,0.22142857142857145,0.02623135,20000000
Consumers,0.22142857142857145,0.026226285714285716,21000000
Consumers,0.22142857142857145,0.026214681818181818,22000000
Consumers,0.22142857142857145,0.02621217391304348,23000000
Consumers,0.22142857142857145,0.026212541666666665,24000000
Consumers,0.22142857142857145,0.02620924,25000000
Consumers,0.22142857142857145,0.026209384615384617,26000000
Consumers,0.22142857142857145,0.02621711111111111,27000000
Consumers,0.22142857142857145,0.026205464285714287,28000000
Consumers,0.22142857142857145,0.026209,29000000
Consumers,0.22142857142857145,0.0262128,30000000
Consumers,0.22142857142857145,0.02621651612903226,31000000
Consumers,0.22142857142857145,0.02621184375,32000000
Consumers,0.22142857142857145,0.026212272727272726,33000000
Consumers,0.22142857142857145,0.026220323529411765,34000000
Consumers,0.22142857142857145,0.026218742857142856,35000000
Consumers,0.22142857142857145,0.026206694444444446,36000000
Consumers,0.22142857142857145,0.02620508108108108,37000000
Consumers,0.22142857142857145,0.026213842105263157,38000000
Consumers,0.22142857142857145,0.026218564102564103,39000000
Consumers,0.22142857142857145,0.026221,40000000
Consumers,0.22142857142857145,0.02622080487804878,41000000
Consumers,0.22142857142857145,0.026221666666666667,42000000
Consumers,0.22142857142857145,0.02622674418604651,43000000
Consumers,0.22142857142857145,0.026228772727272726,44000000
Consumers,0.22142857142857145,0.026225377777777777,45000000
Consumers,0.22142857142857145,0.026222434782608696,46000000
Consumers,0.22142857142857145,0.026218680851063828,47000000
Consumers,0.22142857142857145,0.026217979166666665,48000000
Consumers,0.22142857142857145,0.02622204081632653,49000000
Consumers,0.22142857142857145,0.02622266,50000000
Consumers,0.22142857142857145,0.02622694117647059,51000000
Consumers,0.22142857142857145,0.02622351923076923,52000000
Consumers,0.22142857142857145,0.02621898113207547,53000000
Consumers,0.22142857142857145,0.02621924074074074,54000000
Consumers,0.22142857142857145,0.026216945454545455,55000000
Consumers,0.22142857142857145,0.026218464285714286,56000000
Consumers,0.22142857142857145,0.02621936842105263,57000000
Consumers,0.22142857142857145,0.02621641379310345,58000000
Consumers,0.22142857142857145,0.026213101694915253,59000000
Consumers,0.22142857142857145,0.026208816666666666,60000000
Consumers,0.22142857142857145,0.026204475409836066,61000000
Consumers,0.22142857142857145,0.026204774193548386,62000000
Consumers,0.22142857142857145,0.02620373015873016,63000000
Consumers,0.22142857142857145,0.026207421875,64000000
Consumers,0.22142857142857145,0.02620876923076923,65000000
Consumers,0.22142857142857145,0.026207515151515152,66000000
Consumers,0.22142857142857145,0.026205537313432836,67000000
Consumers,0.22142857142857145,0.026202264705882352,68000000
Consumers,0.22142857142857145,0.0261998115942029,69000000
Consumers,0.22142857142857145,0.0261978,70000000
Consumers,0.22142857142857145,0.026201338028169013,71000000
Consumers,0.22142857142857145,0.02620190277777778,72000000
Consumers,0.22142857142857145,0.02620309589041096,73000000
Consumers,0.22142857142857145,0.02620514864864865,74000000
Consumers,0.22142857142857145,0.026208706666666668,75000000
Consumers,0.22142857142857145,0.02620992105263158,76000000
Consumers,0.22142857142857145,0.026209155844155844,77000000
Consumers,0.22142857142857145,0.026212179487179486,78000000
Consumers,0.22142857142857145,0.026210291139240505,79000000
Consumers,0.22142857142857145,0.0262102375,80000000
Consumers,0.22142857142857145,0.0262069012345679,81000000
Consumers,0.22142857142857145,0.02620741463414634,82000000
Consumers,0.22142857142857145,0.026208710843373496,83000000
Consumers,0.22142857142857145,0.026210630952380954,84000000
Consumers,0.22142857142857145,0.026211976470588236,85000000
Consumers,0.22142857142857145,0.026210627906976744,86000000
Consumers,0.22142857142857145,0.026208011494252875,87000000
Consumers,0.22142857142857145,0.026210647727272728,88000000
Consumers,0.22142857142857145,0.026210134831460674,89000000
Consumers,0.22142857142857145,0.026206411111111112,90000000
Consumers,0.22142857142857145,0.0262028021978022,91000000
Consumers,0.22142857142857145,0.0262025,92000000
Consumers,0.22142857142857145,0.026201548387096773,93000000
Consumers,0.22142857142857145,0.02620267021276596,94000000
Consumers,0.22142857142857145,0.026200421052631578,95000000
Consumers,0.22142857142857145,0.026199239583333332,96000000
Consumers,0.22142857142857145,0.026199082474226806,97000000
Consumers,0.22142857142857145,0.026200744897959184,98000000
Consumers,0.22142857142857145,0.02620140404040404,99000000
Consumers,0.22142857142857145,0.02620336,100000000
