Primary_Producers,0.9560439560439561,0.164602,1000000
Primary_Producers,0.9560439560439561,0.164595,2000000
Primary_Producers,0.9560439560439561,0.16459633333333334,3000000
Primary_Producers,0.9560439560439561,0.16470025,4000000
Primary_Producers,0.9560439560439561,0.1646356,5000000
Primary_Producers,0.9560439560439561,0.1644875,6000000
Primary_Producers,0.9560439560439561,0.16456142857142858,7000000
Primary_Producers,0.9560439560439561,0.16448175,8000000
Primary_Producers,0.9560439560439561,0.16452511111111112,9000000
Primary_Producers,0.9560439560439561,0.1645975,10000000
Primary_Producers,0.9560439560439561,0.1646170909090909,11000000
Primary_Producers,0.9560439560439561,0.16462525,12000000
Primary_Producers,0.9560439560439561,0.16465738461538462,13000000
Primary_Producers,0.9560439560439561,0.16465664285714285,14000000
Primary_Producers,0.9560439560439561,0.16469026666666667,15000000
Primary_Producers,0.9560439560439561,0.1646309375,16000000
Primary_Producers,0.9560439560439561,0.16468523529411766,17000000
Primary_Producers,0.9560439560439561,0.16465866666666668,18000000
Primary_Producers,0.9560439560439561,0.16463573684210525,19000000
Primary_Producers,0.9560439560439561,0.16465135,20000000
Primary_Producers,0.9560439560439561,0.16463514285714287,21000000
Primary_Producers,0.9560439560439561,0.16463777272727273,22000000
Primary_Producers,0.9560439560439561,0.16461926086956521,23000000
Primary_Producers,0.9560439560439561,0.16458745833333333,24000000
Primary_Producers,0.9560439560439561,0.16459636,25000000
Primary_Producers,0.9560439560439561,0.16459846153846153,26000000
Primary_Producers,0.9560439560439561,0.16459418518518518,27000000
Primary_Producers,0.9560439560439561,0.1645764642857143,28000000
Primary_Producers,0.9560439560439561,0.1645804827586207,29000000
Primary_Producers,0.9560439560439561,0.16455883333333332,30000000
Primary_Producers,0.9560439560439561,0.1645701612903226,31000000
Primary_Producers,0.9560439560439561,0.16458003125,32000000
Primary_Producers,0.9560439560439561,0.1645839393939394,33000000
Primary_Producers,0.9560439560439561,0.16459032352941178,34000000
Primary_Producers,0.9560439560439561,0.1645906,35000000
Primary_Producers,0.9560439560439561,0.16460055555555556,36000000
Primary_Producers,0.9560439560439561,0.16458856756756757,37000000
Primary_Producers,0.9560439560439561,0.16458815789473685,38000000
Primary_Producers,0.9560439560439561,0.16459589743589745,39000000
Primary_Producers,0.9560439560439561,0.164596,40000000
Primary_Producers,0.9560439560439561,0.16460741463414635,41000000
Primary_Producers,0.9560439560439561,0.16460861904761906,42000000
Primary_Producers,0.9560439560439561,0.1645963023255814,43000000
Primary_Producers,0.9560439560439561,0.1646076818181818,44000000
Primary_Producers,0.9560439560439561,0.1645967777777778,45000000
Primary_Producers,0.9560439560439561,0.16460671739130434,46000000
Primary_Producers,0.9560439560439561,0.1646113829787234,47000000
Primary_Producers,0.9560439560439561,0.16461635416666667,48000000
Primary_Producers,0.9560439560439561,0.16461232653061225,49000000
Primary_Producers,0.9560439560439561,0.1646062,50000000
Primary_Producers,0.9560439560439561,0.16461617647058824,51000000
Primary_Producers,0.9560439560439561,0.16461161538461538,52000000
Primary_Producers,0.9560439560439561,0.1646045283018868,53000000
Primary_Producers,0.9560439560439561,0.1646019074074074,54000000
Primary_Producers,0.9560439560439561,0.16459910909090908,55000000
Primary_Producers,0.9560439560439561,0.16460296428571428,56000000
Primary_Producers,0.9560439560439561,0.16460357894736843,57000000
Primary_Producers,0.9560439560439561,0.1646113275862069,58000000
Primary_Producers,0.9560439560439561,0.1646082033898305,59000000
Primary_Producers,0.9560439560439561,0.16461428333333333,60000000
Primary_Producers,0.9560439560439561,0.164603131147541,61000000
Primary_Producers,0.9560439560439561,0.1646065806451613,62000000
Primary_Producers,0.9560439560439561,0.16461315873015872,63000000
Primary_Producers,0.9560439560439561,0.1646235625,64000000
Primary_Producers,0.9560439560439561,0.1646269076923077,65000000
Primary_Producers,0.9560439560439561,0.16462248484848485,66000000
Primary_Producers,0.9560439560439561,0.16462197014925373,67000000
Primary_Producers,0.9560439560439561,0.16462327941176472,68000000
Primary_Producers,0.9560439560439561,0.16462591304347826,69000000
Primary_Producers,0.9560439560439561,0.16461435714285713,70000000
Primary_Producers,0.9560439560439561,0.16461932394366197,71000000
Primary_Producers,0.9560439560439561,0.1646195138888889,72000000
Primary_Producers,0.9560439560439561,0.16462441095890412,73000000
Primary_Producers,0.9560439560439561,0.16462683783783782,74000000
Primary_Producers,0.9560439560439561,0.16462118666666667,75000000
Primary_Producers,0.9560439560439561,0.1646148947368421,76000000
Primary_Producers,0.9560439560439561,0.16462085714285715,77000000
Primary_Producers,0.9560439560439561,0.16461775641025642,78000000
Primary_Producers,0.9560439560439561,0.16461787341772152,79000000
Primary_Producers,0.9560439560439561,0.164619625,80000000
Primary_Producers,0.9560439560439561,0.16462345679012347,81000000
Primary_Producers,0.9560439560439561,0.1646135487804878,82000000
Primary_Producers,0.9560439560439561,0.1646082048192771,83000000
Primary_Producers,0.9560439560439561,0.16460911904761905,84000000
Primary_Producers,0.9560439560439561,0.1646058,85000000
Primary_Producers,0.9560439560439561,0.16459883720930232,86000000
Primary_Producers,0.9560439560439561,0.1646024712643678,87000000
Primary_Producers,0.9560439560439561,0.16460598863636364,88000000
Primary_Producers,0.9560439560439561,0.16460219101123597,89000000
Primary_Producers,0.9560439560439561,0.16460347777777778,90000000
Primary_Producers,0.9560439560439561,0.1645952967032967,91000000
Primary_Producers,0.9560439560439561,0.16459226086956522,92000000
Primary_Producers,0.9560439560439561,0.16459339784946236,93000000
Primary_Producers,0.9560439560439561,0.16459213829787234,94000000
Primary_Producers,0.9560439560439561,0.16459323157894737,95000000
Primary_Producers,0.9560439560439561,0.16459214583333334,96000000
Primary_Producers,0.9560439560439561,0.1645878556701031,97000000
Primary_Producers,0.9560439560439561,0.16458927551020408,98000000
Primary_Producers,0.9560439560439561,0.16458270707070707,99000000
Primary_Producers,0.9560439560439561,0.16458225,100000000
