Consumers,0.29382568989477864,0.784721,1000000
Consumers,0.29382568989477864,0.7841995,2000000
Consumers,0.29382568989477864,0.784117,3000000
Consumers,0.29382568989477864,0.78408175,4000000
Consumers,0.29382568989477864,0.7839688,5000000
Consumers,0.29382568989477864,0.7839761666666667,6000000
Consumers,0.29382568989477864,0.7839224285714286,7000000
Consumers,0.29382568989477864,0.784019,8000000
Consumers,0.29382568989477864,0.7839752222222223,9000000
Consumers,0.29382568989477864,0.7839941,10000000
Consumers,0.29382568989477864,0.7840128181818182,11000000
Consumers,0.29382568989477864,0.7840451666666667,12000000
Consumers,0.29382568989477864,0.7840826153846154,13000000
Consumers,0.29382568989477864,0.7841105,14000000
Consumers,0.29382568989477864,0.7841039333333333,15000000
Consumers,0.29382568989477864,0.7841036875,16000000
Consumers,0.29382568989477864,0.7840870588235294,17000000
Consumers,0.29382568989477864,0.7840677222222222,18000000
Consumers,0.29382568989477864,0.7841142105263158,19000000
Consumers,0.29382568989477864,0.7841136,20000000
Consumers,0.29382568989477864,0.7841327619047619,21000000
Consumers,0.29382568989477864,0.7841288181818182,22000000
Consumers,0.29382568989477864,0.7841355217391305,23000000
Consumers,0.29382568989477864,0.78413875,24000000
Consumers,0.29382568989477864,0.78412884,25000000
Consumers,0.29382568989477864,0.7841488076923077,26000000
Consumers,0.29382568989477864,0.7841386666666667,27000000
Consumers,0.29382568989477864,0.7841268928571429,28000000
Consumers,0.29382568989477864,0.7841043448275862,29000000
Consumers,0.29382568989477864,0.7840753,30000000
Consumers,0.29382568989477864,0.7840569677419355,31000000
Consumers,0.29382568989477864,0.78405925,32000000
Consumers,0.29382568989477864,0.7840456363636363,33000000
Consumers,0.29382568989477864,0.7840527941176471,34000000
Consumers,0.29382568989477864,0.7840429714285714,35000000
Consumers,0.29382568989477864,0.7840446666666666,36000000
Consumers,0.29382568989477864,0.7840651891891892,37000000
Consumers,0.29382568989477864,0.7840693157894737,38000000
Consumers,0.29382568989477864,0.7840813589743589,39000000
Consumers,0.29382568989477864,0.784086275,40000000
Consumers,0.29382568989477864,0.7840939756097561,41000000
Consumers,0.29382568989477864,0.7841066428571428,42000000
Consumers,0.29382568989477864,0.7841153255813953,43000000
Consumers,0.29382568989477864,0.7841207045454546,44000000
Consumers,0.29382568989477864,0.7841114,45000000
Consumers,0.29382568989477864,0.7841094565217391,46000000
Consumers,0.29382568989477864,0.7841026170212766,47000000
Consumers,0.29382568989477864,0.7841094166666667,48000000
Consumers,0.29382568989477864,0.7841173877551021,49000000
Consumers,0.29382568989477864,0.78412668,50000000
Consumers,0.29382568989477864,0.7841157647058824,51000000
Consumers,0.29382568989477864,0.7841167115384615,52000000
Consumers,0.29382568989477864,0.7841289245283019,53000000
Consumers,0.29382568989477864,0.7841304444444445,54000000
Consumers,0.29382568989477864,0.7841353818181818,55000000
Consumers,0.29382568989477864,0.7841443571428571,56000000
Consumers,0.29382568989477864,0.7841411754385965,57000000
Consumers,0.29382568989477864,0.7841422931034483,58000000
Consumers,0.29382568989477864,0.7841415254237288,59000000
Consumers,0.29382568989477864,0.7841385666666667,60000000
Consumers,0.29382568989477864,0.7841422131147541,61000000
Consumers,0.29382568989477864,0.7841358870967742,62000000
Consumers,0.29382568989477864,0.7841254761904762,63000000
Consumers,0.29382568989477864,0.78413665625,64000000
Consumers,0.29382568989477864,0.7841321538461539,65000000
Consumers,0.29382568989477864,0.7841269393939394,66000000
Consumers,0.29382568989477864,0.7841263731343283,67000000
Consumers,0.29382568989477864,0.7841276323529411,68000000
Consumers,0.29382568989477864,0.7841277536231884,69000000
Consumers,0.29382568989477864,0.7841232,70000000
Consumers,0.29382568989477864,0.7841128169014084,71000000
Consumers,0.29382568989477864,0.7841164444444444,72000000
Consumers,0.29382568989477864,0.7841187808219178,73000000
Consumers,0.29382568989477864,0.7841153918918919,74000000
Consumers,0.29382568989477864,0.78411096,75000000
Consumers,0.29382568989477864,0.7841067631578947,76000000
Consumers,0.29382568989477864,0.7841098831168831,77000000
Consumers,0.29382568989477864,0.7841097435897436,78000000
Consumers,0.29382568989477864,0.7841038734177215,79000000
Consumers,0.29382568989477864,0.78410195,80000000
Consumers,0.29382568989477864,0.7841051358024691,81000000
Consumers,0.29382568989477864,0.7841090365853659,82000000
Consumers,0.29382568989477864,0.7841083614457831,83000000
Consumers,0.29382568989477864,0.7841055476190476,84000000
Consumers,0.29382568989477864,0.7841054117647058,85000000
Consumers,0.29382568989477864,0.7841030465116279,86000000
Consumers,0.29382568989477864,0.7841028620689655,87000000
Consumers,0.29382568989477864,0.7841207272727273,88000000
Consumers,0.29382568989477864,0.7841200786516854,89000000
Consumers,0.29382568989477864,0.7841227555555556,90000000
Consumers,0.29382568989477864,0.7841197142857143,91000000
Consumers,0.29382568989477864,0.7841270326086957,92000000
Consumers,0.29382568989477864,0.7841213010752688,93000000
Consumers,0.29382568989477864,0.7841227127659575,94000000
Consumers,0.29382568989477864,0.7841205578947369,95000000
Consumers,0.29382568989477864,0.7841154895833333,96000000
Consumers,0.29382568989477864,0.7841194639175257,97000000
Consumers,0.29382568989477864,0.7841135510204081,98000000
Consumers,0.29382568989477864,0.7841083535353536,99000000
Consumers,0.29382568989477864,0.78411139,100000000
