Primary_Producers,0.9452054794520548,0.067117,1000000
Primary_Producers,0.9452054794520548,0.0670715,2000000
Primary_Producers,0.9452054794520548,0.06708,3000000
Primary_Producers,0.9452054794520548,0.0671365,4000000
Primary_Producers,0.9452054794520548,0.06715,5000000
Primary_Producers,0.9452054794520548,0.06714283333333333,6000000
Primary_Producers,0.9452054794520548,0.06711,7000000
Primary_Producers,0.9452054794520548,0.06704925,8000000
Primary_Producers,0.9452054794520548,0.06705911111111111,9000000
Primary_Producers,0.9452054794520548,0.0670363,10000000
Primary_Producers,0.9452054794520548,0.06702827272727273,11000000
Primary_Producers,0.9452054794520548,0.06704408333333334,12000000
Primary_Producers,0.9452054794520548,0.06706953846153846,13000000
Primary_Producers,0.9452054794520548,0.06706335714285715,14000000
Primary_Producers,0.9452054794520548,0.0670488,15000000
Primary_Producers,0.9452054794520548,0.0670555,16000000
Primary_Producers,0.9452054794520548,0.06702770588235295,17000000
Primary_Producers,0.9452054794520548,0.06703888888888888,18000000
Primary_Producers,0.9452054794520548,0.06705989473684211,19000000
Primary_Producers,0.9452054794520548,0.06706175,20000000
Primary_Producers,0.9452054794520548,0.06703214285714286,21000000
Primary_Producers,0.9452054794520548,0.067023,22000000
Primary_Producers,0.9452054794520548,0.06701673913043478,23000000
Primary_Producers,0.9452054794520548,0.06701629166666667,24000000
Primary_Producers,0.9452054794520548,0.06702472,25000000
Primary_Producers,0.9452054794520548,0.06702238461538461,26000000
Primary_Producers,0.9452054794520548,0.0670177037037037,27000000
Primary_Producers,0.9452054794520548,0.06700921428571428,28000000
Primary_Producers,0.9452054794520548,0.06701610344827587,29000000
Primary_Producers,0.9452054794520548,0.06701993333333334,30000000
Primary_Producers,0.9452054794520548,0.06702229032258064,31000000
Primary_Producers,0.9452054794520548,0.0670255,32000000
Primary_Producers,0.9452054794520548,0.06702715151515151,33000000
Primary_Producers,0.9452054794520548,0.067023,34000000
Primary_Producers,0.9452054794520548,0.06703662857142857,35000000
Primary_Producers,0.9452054794520548,0.06703944444444444,36000000
Primary_Producers,0.9452054794520548,0.067033,37000000
Primary_Producers,0.9452054794520548,0.06703426315789474,38000000
Primary_Producers,0.9452054794520548,0.0670282564102564,39000000
Primary_Producers,0.9452054794520548,0.06702375,40000000
Primary_Producers,0.9452054794520548,0.06703797560975609,41000000
Primary_Producers,0.9452054794520548,0.06704585714285714,42000000
Primary_Producers,0.9452054794520548,0.06704281395348838,43000000
Primary_Producers,0.9452054794520548,0.06705293181818182,44000000
Primary_Producers,0.9452054794520548,0.0670584,45000000
Primary_Producers,0.9452054794520548,0.067054,46000000
Primary_Producers,0.9452054794520548,0.06705927659574468,47000000
Primary_Producers,0.9452054794520548,0.067053375,48000000
Primary_Producers,0.9452054794520548,0.06705340816326531,49000000
Primary_Producers,0.9452054794520548,0.06705368,50000000
Primary_Producers,0.9452054794520548,0.06704978431372549,51000000
Primary_Producers,0.9452054794520548,0.06705213461538462,52000000
Primary_Producers,0.9452054794520548,0.06705247169811321,53000000
Primary_Producers,0.9452054794520548,0.06705466666666667,54000000
Primary_Producers,0.9452054794520548,0.06706183636363636,55000000
Primary_Producers,0.9452054794520548,0.067058125,56000000
Primary_Producers,0.9452054794520548,0.06706019298245613,57000000
Primary_Producers,0.9452054794520548,0.06706560344827586,58000000
Primary_Producers,0.9452054794520548,0.06706581355932204,59000000
Primary_Producers,0.9452054794520548,0.0670703,60000000
Primary_Producers,0.9452054794520548,0.06707044262295082,61000000
Primary_Producers,0.9452054794520548,0.06707304838709677,62000000
Primary_Producers,0.9452054794520548,0.06707404761904762,63000000
Primary_Producers,0.9452054794520548,0.067077203125,64000000
Primary_Producers,0.9452054794520548,0.06707909230769231,65000000
Primary_Producers,0.9452054794520548,0.06707831818181818,66000000
Primary_Producers,0.9452054794520548,0.06707722388059702,67000000
Primary_Producers,0.9452054794520548,0.06707716176470588,68000000
Primary_Producers,0.9452054794520548,0.06707233333333333,69000000
Primary_Producers,0.9452054794520548,0.06707794285714286,70000000
Primary_Producers,0.9452054794520548,0.06707929577464788,71000000
Primary_Producers,0.9452054794520548,0.06707516666666667,72000000
Primary_Producers,0.9452054794520548,0.0670707397260274,73000000
Primary_Producers,0.9452054794520548,0.06707364864864865,74000000
Primary_Producers,0.9452054794520548,0.06707197333333334,75000000
Primary_Producers,0.9452054794520548,0.06707009210526316,76000000
Primary_Producers,0.9452054794520548,0.06706554545454546,77000000
Primary_Producers,0.9452054794520548,0.06706108974358975,78000000
Primary_Producers,0.9452054794520548,0.0670657088607595,79000000
Primary_Producers,0.9452054794520548,0.06706415,80000000
Primary_Producers,0.9452054794520548,0.06706430864197531,81000000
Primary_Producers,0.9452054794520548,0.06706951219512196,82000000
Primary_Producers,0.9452054794520548,0.06706978313253012,83000000
Primary_Producers,0.9452054794520548,0.06706908333333333,84000000
Primary_Producers,0.9452054794520548,0.06706965882352942,85000000
Primary_Producers,0.9452054794520548,0.06706741860465117,86000000
Primary_Producers,0.9452054794520548,0.06707009195402298,87000000
Primary_Producers,0.9452054794520548,0.06706844318181818,88000000
Primary_Producers,0.9452054794520548,0.06706822471910112,89000000
Primary_Producers,0.9452054794520548,0.06706495555555556,90000000
Primary_Producers,0.9452054794520548,0.06706275824175824,91000000
Primary_Producers,0.9452054794520548,0.06705822826086956,92000000
Primary_Producers,0.9452054794520548,0.06705812903225807,93000000
Primary_Producers,0.9452054794520548,0.06705667021276596,94000000
Primary_Producers,0.9452054794520548,0.06705528421052631,95000000
Primary_Producers,0.9452054794520548,0.06705554166666666,96000000
Primary_Producers,0.9452054794520548,0.06705398969072165,97000000
Primary_Producers,0.9452054794520548,0.06705308163265306,98000000
Primary_Producers,0.9452054794520548,0.067052101010101,99000000
Primary_Producers,0.9452054794520548,0.06705299,100000000
