Herbivores,0.10495595598275724,1.0e-6,1000000
Herbivores,0.10495595598275724,5.0e-7,2000000
Herbivores,0.10495595598275724,3.3333333333333335e-7,3000000
Herbivores,0.10495595598275724,2.5e-7,4000000
Herbivores,0.10495595598275724,4.0e-7,5000000
Herbivores,0.10495595598275724,3.3333333333333335e-7,6000000
Herbivores,0.10495595598275724,2.857142857142857e-7,7000000
Herbivores,0.10495595598275724,2.5e-7,8000000
Herbivores,0.10495595598275724,3.3333333333333335e-7,9000000
Herbivores,0.10495595598275724,3.0e-7,10000000
Herbivores,0.10495595598275724,2.7272727272727274e-7,11000000
Herbivores,0.10495595598275724,2.5e-7,12000000
Herbivores,0.10495595598275724,2.3076923076923078e-7,13000000
Herbivores,0.10495595598275724,2.1428571428571428e-7,14000000
Herbivores,0.10495595598275724,2.6666666666666667e-7,15000000
Herbivores,0.10495595598275724,3.75e-7,16000000
Herbivores,0.10495595598275724,3.529411764705882e-7,17000000
Herbivores,0.10495595598275724,5.0e-7,18000000
Herbivores,0.10495595598275724,4.736842105263158e-7,19000000
Herbivores,0.10495595598275724,4.5e-7,20000000
Herbivores,0.10495595598275724,4.2857142857142857e-7,21000000
Herbivores,0.10495595598275724,4.545454545454545e-7,22000000
Herbivores,0.10495595598275724,4.347826086956522e-7,23000000
Herbivores,0.10495595598275724,4.1666666666666667e-7,24000000
Herbivores,0.10495595598275724,4.4e-7,25000000
Herbivores,0.10495595598275724,4.6153846153846156e-7,26000000
Herbivores,0.10495595598275724,4.814814814814815e-7,27000000
Herbivores,0.10495595598275724,4.6428571428571427e-7,28000000
Herbivores,0.10495595598275724,4.827586206896552e-7,29000000
Herbivores,0.10495595598275724,4.6666666666666666e-7,30000000
Herbivores,0.10495595598275724,4.5161290322580644e-7,31000000
Herbivores,0.10495595598275724,5.0e-7,32000000
Herbivores,0.10495595598275724,4.848484848484849e-7,33000000
Herbivores,0.10495595598275724,4.7058823529411767e-7,34000000
Herbivores,0.10495595598275724,4.5714285714285715e-7,35000000
Herbivores,0.10495595598275724,4.4444444444444444e-7,36000000
Herbivores,0.10495595598275724,4.594594594594595e-7,37000000
Herbivores,0.10495595598275724,4.736842105263158e-7,38000000
Herbivores,0.10495595598275724,4.871794871794872e-7,39000000
Herbivores,0.10495595598275724,4.75e-7,40000000
Herbivores,0.10495595598275724,4.878048780487804e-7,41000000
Herbivores,0.10495595598275724,5.0e-7,42000000
Herbivores,0.10495595598275724,5.116279069767442e-7,43000000
Herbivores,0.10495595598275724,5.0e-7,44000000
Herbivores,0.10495595598275724,4.888888888888889e-7,45000000
Herbivores,0.10495595598275724,4.782608695652174e-7,46000000
Herbivores,0.10495595598275724,4.6808510638297873e-7,47000000
Herbivores,0.10495595598275724,4.791666666666667e-7,48000000
Herbivores,0.10495595598275724,4.693877551020408e-7,49000000
Herbivores,0.10495595598275724,4.6e-7,50000000
Herbivores,0.10495595598275724,4.901960784313725e-7,51000000
Herbivores,0.10495595598275724,4.807692307692307e-7,52000000
Herbivores,0.10495595598275724,4.7169811320754717e-7,53000000
Herbivores,0.10495595598275724,4.6296296296296297e-7,54000000
Herbivores,0.10495595598275724,4.545454545454545e-7,55000000
Herbivores,0.10495595598275724,4.464285714285714e-7,56000000
Herbivores,0.10495595598275724,4.56140350877193e-7,57000000
Herbivores,0.10495595598275724,4.6551724137931035e-7,58000000
Herbivores,0.10495595598275724,4.576271186440678e-7,59000000
Herbivores,0.10495595598275724,4.6666666666666666e-7,60000000
Herbivores,0.10495595598275724,4.590163934426229e-7,61000000
Herbivores,0.10495595598275724,4.5161290322580644e-7,62000000
Herbivores,0.10495595598275724,4.4444444444444444e-7,63000000
Herbivores,0.10495595598275724,4.6875e-7,64000000
Herbivores,0.10495595598275724,4.6153846153846156e-7,65000000
Herbivores,0.10495595598275724,4.6969696969696967e-7,66000000
Herbivores,0.10495595598275724,4.626865671641791e-7,67000000
Herbivores,0.10495595598275724,4.7058823529411767e-7,68000000
Herbivores,0.10495595598275724,4.63768115942029e-7,69000000
Herbivores,0.10495595598275724,4.5714285714285715e-7,70000000
Herbivores,0.10495595598275724,4.5070422535211266e-7,71000000
Herbivores,0.10495595598275724,4.4444444444444444e-7,72000000
Herbivores,0.10495595598275724,4.3835616438356164e-7,73000000
Herbivores,0.10495595598275724,4.3243243243243244e-7,74000000
Herbivores,0.10495595598275724,4.266666666666667e-7,75000000
Herbivores,0.10495595598275724,4.210526315789474e-7,76000000
Herbivores,0.10495595598275724,4.1558441558441556e-7,77000000
Herbivores,0.10495595598275724,4.230769230769231e-7,78000000
Herbivores,0.10495595598275724,4.177215189873418e-7,79000000
Herbivores,0.10495595598275724,4.125e-7,80000000
Herbivores,0.10495595598275724,4.1975308641975306e-7,81000000
Herbivores,0.10495595598275724,4.146341463414634e-7,82000000
Herbivores,0.10495595598275724,4.096385542168675e-7,83000000
Herbivores,0.10495595598275724,4.1666666666666667e-7,84000000
Herbivores,0.10495595598275724,4.1176470588235295e-7,85000000
Herbivores,0.10495595598275724,4.069767441860465e-7,86000000
Herbivores,0.10495595598275724,4.0229885057471266e-7,87000000
Herbivores,0.10495595598275724,3.977272727272727e-7,88000000
Herbivores,0.10495595598275724,4.2696629213483146e-7,89000000
Herbivores,0.10495595598275724,4.222222222222222e-7,90000000
Herbivores,0.10495595598275724,4.1758241758241757e-7,91000000
Herbivores,0.10495595598275724,4.1304347826086954e-7,92000000
Herbivores,0.10495595598275724,4.1935483870967743e-7,93000000
Herbivores,0.10495595598275724,4.148936170212766e-7,94000000
Herbivores,0.10495595598275724,4.105263157894737e-7,95000000
Herbivores,0.10495595598275724,4.0625e-7,96000000
Herbivores,0.10495595598275724,4.020618556701031e-7,97000000
Herbivores,0.10495595598275724,4.0816326530612243e-7,98000000
Herbivores,0.10495595598275724,4.1414141414141413e-7,99000000
Herbivores,0.10495595598275724,4.1e-7,100000000
