Consumers,0.10079575596816977,0.014827,1000000
Consumers,0.10079575596816977,0.0147175,2000000
Consumers,0.10079575596816977,0.014692666666666666,3000000
Consumers,0.10079575596816977,0.01465125,4000000
Consumers,0.10079575596816977,0.0146348,5000000
Consumers,0.10079575596816977,0.01463,6000000
Consumers,0.10079575596816977,0.014647428571428572,7000000
Consumers,0.10079575596816977,0.01464025,8000000
Consumers,0.10079575596816977,0.01464711111111111,9000000
Consumers,0.10079575596816977,0.0146354,10000000
Consumers,0.10079575596816977,0.014634545454545454,11000000
Consumers,0.10079575596816977,0.014644666666666667,12000000
Consumers,0.10079575596816977,0.014631,13000000
Consumers,0.10079575596816977,0.014622285714285714,14000000
Consumers,0.10079575596816977,0.0146222,15000000
Consumers,0.10079575596816977,0.0146229375,16000000
Consumers,0.10079575596816977,0.014619,17000000
Consumers,0.10079575596816977,0.014621722222222222,18000000
Consumers,0.10079575596816977,0.014622157894736842,19000000
Consumers,0.10079575596816977,0.01461725,20000000
Consumers,0.10079575596816977,0.014627904761904762,21000000
Consumers,0.10079575596816977,0.014626909090909091,22000000
Consumers,0.10079575596816977,0.014624652173913044,23000000
Consumers,0.10079575596816977,0.014625083333333334,24000000
Consumers,0.10079575596816977,0.0146252,25000000
Consumers,0.10079575596816977,0.014624115384615385,26000000
Consumers,0.10079575596816977,0.01462674074074074,27000000
Consumers,0.10079575596816977,0.014621785714285714,28000000
Consumers,0.10079575596816977,0.014621517241379311,29000000
Consumers,0.10079575596816977,0.014626666666666666,30000000
Consumers,0.10079575596816977,0.014621,31000000
Consumers,0.10079575596816977,0.01462090625,32000000
Consumers,0.10079575596816977,0.014624333333333333,33000000
Consumers,0.10079575596816977,0.014625470588235294,34000000
Consumers,0.10079575596816977,0.014626,35000000
Consumers,0.10079575596816977,0.014617388888888888,36000000
Consumers,0.10079575596816977,0.01461991891891892,37000000
Consumers,0.10079575596816977,0.014618052631578947,38000000
Consumers,0.10079575596816977,0.014615153846153845,39000000
Consumers,0.10079575596816977,0.0146138,40000000
Consumers,0.10079575596816977,0.014615975609756098,41000000
Consumers,0.10079575596816977,0.014615666666666667,42000000
Consumers,0.10079575596816977,0.014616906976744186,43000000
Consumers,0.10079575596816977,0.01461584090909091,44000000
Consumers,0.10079575596816977,0.0146126,45000000
Consumers,0.10079575596816977,0.014617239130434783,46000000
Consumers,0.10079575596816977,0.014614851063829787,47000000
Consumers,0.10079575596816977,0.014611770833333333,48000000
Consumers,0.10079575596816977,0.014616306122448979,49000000
Consumers,0.10079575596816977,0.01461694,50000000
Consumers,0.10079575596816977,0.014617843137254902,51000000
Consumers,0.10079575596816977,0.014612692307692307,52000000
Consumers,0.10079575596816977,0.014610905660377359,53000000
Consumers,0.10079575596816977,0.014610388888888888,54000000
Consumers,0.10079575596816977,0.014612963636363637,55000000
Consumers,0.10079575596816977,0.014612017857142856,56000000
Consumers,0.10079575596816977,0.014608649122807018,57000000
Consumers,0.10079575596816977,0.014609362068965518,58000000
Consumers,0.10079575596816977,0.014606898305084746,59000000
Consumers,0.10079575596816977,0.014608383333333334,60000000
Consumers,0.10079575596816977,0.014608196721311476,61000000
Consumers,0.10079575596816977,0.014611096774193548,62000000
Consumers,0.10079575596816977,0.014610888888888889,63000000
Consumers,0.10079575596816977,0.014614265625,64000000
Consumers,0.10079575596816977,0.014613815384615385,65000000
Consumers,0.10079575596816977,0.014613984848484848,66000000
Consumers,0.10079575596816977,0.014615611940298508,67000000
Consumers,0.10079575596816977,0.014613867647058824,68000000
Consumers,0.10079575596816977,0.014615594202898551,69000000
Consumers,0.10079575596816977,0.014616428571428572,70000000
Consumers,0.10079575596816977,0.014617112676056337,71000000
Consumers,0.10079575596816977,0.014618972222222222,72000000
Consumers,0.10079575596816977,0.014619356164383562,73000000
Consumers,0.10079575596816977,0.014619513513513514,74000000
Consumers,0.10079575596816977,0.0146208,75000000
Consumers,0.10079575596816977,0.014619342105263158,76000000
Consumers,0.10079575596816977,0.014619662337662338,77000000
Consumers,0.10079575596816977,0.014621961538461539,78000000
Consumers,0.10079575596816977,0.01461967088607595,79000000
Consumers,0.10079575596816977,0.0146177875,80000000
Consumers,0.10079575596816977,0.014616765432098765,81000000
Consumers,0.10079575596816977,0.014617560975609756,82000000
Consumers,0.10079575596816977,0.014618301204819276,83000000
Consumers,0.10079575596816977,0.014617940476190475,84000000
Consumers,0.10079575596816977,0.014618870588235295,85000000
Consumers,0.10079575596816977,0.014619348837209303,86000000
Consumers,0.10079575596816977,0.014617356321839081,87000000
Consumers,0.10079575596816977,0.014616568181818182,88000000
Consumers,0.10079575596816977,0.014614977528089887,89000000
Consumers,0.10079575596816977,0.014612355555555555,90000000
Consumers,0.10079575596816977,0.014613241758241758,91000000
Consumers,0.10079575596816977,0.014611945652173913,92000000
Consumers,0.10079575596816977,0.014612462365591397,93000000
Consumers,0.10079575596816977,0.014612797872340426,94000000
Consumers,0.10079575596816977,0.014613463157894737,95000000
Consumers,0.10079575596816977,0.014614291666666666,96000000
Consumers,0.10079575596816977,0.014614546391752577,97000000
Consumers,0.10079575596816977,0.014613632653061225,98000000
Consumers,0.10079575596816977,0.014612949494949495,99000000
Consumers,0.10079575596816977,0.0146136,100000000
