Consumers,0.14524137931034484,0.000103,1000000
Consumers,0.14524137931034484,9.9e-5,2000000
Consumers,0.14524137931034484,0.00010566666666666667,3000000
Consumers,0.14524137931034484,0.0001035,4000000
Consumers,0.14524137931034484,0.000103,5000000
Consumers,0.14524137931034484,0.00010033333333333334,6000000
Consumers,0.14524137931034484,0.00010142857142857143,7000000
Consumers,0.14524137931034484,0.000103,8000000
Consumers,0.14524137931034484,0.00010411111111111111,9000000
Consumers,0.14524137931034484,0.0001049,10000000
Consumers,0.14524137931034484,0.00010509090909090909,11000000
Consumers,0.14524137931034484,0.00010591666666666666,12000000
Consumers,0.14524137931034484,0.00010661538461538462,13000000
Consumers,0.14524137931034484,0.00010507142857142857,14000000
Consumers,0.14524137931034484,0.00010526666666666667,15000000
Consumers,0.14524137931034484,0.000105125,16000000
Consumers,0.14524137931034484,0.00010523529411764706,17000000
Consumers,0.14524137931034484,0.0001051111111111111,18000000
Consumers,0.14524137931034484,0.00010552631578947368,19000000
Consumers,0.14524137931034484,0.0001051,20000000
Consumers,0.14524137931034484,0.00010495238095238095,21000000
Consumers,0.14524137931034484,0.00010463636363636363,22000000
Consumers,0.14524137931034484,0.00010478260869565218,23000000
Consumers,0.14524137931034484,0.00010466666666666667,24000000
Consumers,0.14524137931034484,0.0001048,25000000
Consumers,0.14524137931034484,0.00010484615384615384,26000000
Consumers,0.14524137931034484,0.00010496296296296297,27000000
Consumers,0.14524137931034484,0.00010532142857142857,28000000
Consumers,0.14524137931034484,0.00010527586206896551,29000000
Consumers,0.14524137931034484,0.0001053,30000000
Consumers,0.14524137931034484,0.00010574193548387097,31000000
Consumers,0.14524137931034484,0.000105875,32000000
Consumers,0.14524137931034484,0.00010596969696969696,33000000
Consumers,0.14524137931034484,0.00010588235294117647,34000000
Consumers,0.14524137931034484,0.00010631428571428571,35000000
Consumers,0.14524137931034484,0.000106,36000000
Consumers,0.14524137931034484,0.00010591891891891891,37000000
Consumers,0.14524137931034484,0.00010539473684210526,38000000
Consumers,0.14524137931034484,0.00010528205128205128,39000000
Consumers,0.14524137931034484,0.00010555,40000000
Consumers,0.14524137931034484,0.0001051219512195122,41000000
Consumers,0.14524137931034484,0.00010490476190476191,42000000
Consumers,0.14524137931034484,0.00010458139534883721,43000000
Consumers,0.14524137931034484,0.00010502272727272727,44000000
Consumers,0.14524137931034484,0.00010522222222222222,45000000
Consumers,0.14524137931034484,0.00010543478260869566,46000000
Consumers,0.14524137931034484,0.00010527659574468085,47000000
Consumers,0.14524137931034484,0.0001054375,48000000
Consumers,0.14524137931034484,0.00010555102040816327,49000000
Consumers,0.14524137931034484,0.00010536,50000000
Consumers,0.14524137931034484,0.00010558823529411765,51000000
Consumers,0.14524137931034484,0.00010582692307692307,52000000
Consumers,0.14524137931034484,0.00010584905660377358,53000000
Consumers,0.14524137931034484,0.0001056111111111111,54000000
Consumers,0.14524137931034484,0.00010561818181818181,55000000
Consumers,0.14524137931034484,0.00010583928571428571,56000000
Consumers,0.14524137931034484,0.00010591228070175439,57000000
Consumers,0.14524137931034484,0.00010591379310344827,58000000
Consumers,0.14524137931034484,0.00010554237288135593,59000000
Consumers,0.14524137931034484,0.00010585,60000000
Consumers,0.14524137931034484,0.00010568852459016393,61000000
Consumers,0.14524137931034484,0.00010580645161290323,62000000
Consumers,0.14524137931034484,0.00010571428571428571,63000000
Consumers,0.14524137931034484,0.000105703125,64000000
Consumers,0.14524137931034484,0.00010578461538461538,65000000
Consumers,0.14524137931034484,0.00010566666666666667,66000000
Consumers,0.14524137931034484,0.00010594029850746269,67000000
Consumers,0.14524137931034484,0.00010592647058823529,68000000
Consumers,0.14524137931034484,0.00010572463768115942,69000000
Consumers,0.14524137931034484,0.00010545714285714285,70000000
Consumers,0.14524137931034484,0.00010538028169014084,71000000
Consumers,0.14524137931034484,0.00010569444444444444,72000000
Consumers,0.14524137931034484,0.00010563013698630137,73000000
Consumers,0.14524137931034484,0.00010564864864864864,74000000
Consumers,0.14524137931034484,0.00010565333333333333,75000000
Consumers,0.14524137931034484,0.0001054078947368421,76000000
Consumers,0.14524137931034484,0.00010567532467532468,77000000
Consumers,0.14524137931034484,0.0001056923076923077,78000000
Consumers,0.14524137931034484,0.00010572151898734178,79000000
Consumers,0.14524137931034484,0.000105675,80000000
Consumers,0.14524137931034484,0.00010571604938271604,81000000
Consumers,0.14524137931034484,0.00010568292682926829,82000000
Consumers,0.14524137931034484,0.00010567469879518073,83000000
Consumers,0.14524137931034484,0.00010563095238095238,84000000
Consumers,0.14524137931034484,0.00010581176470588235,85000000
Consumers,0.14524137931034484,0.00010562790697674418,86000000
Consumers,0.14524137931034484,0.00010548275862068965,87000000
Consumers,0.14524137931034484,0.00010542045454545454,88000000
Consumers,0.14524137931034484,0.00010556179775280899,89000000
Consumers,0.14524137931034484,0.00010542222222222223,90000000
Consumers,0.14524137931034484,0.00010548351648351648,91000000
Consumers,0.14524137931034484,0.0001055,92000000
Consumers,0.14524137931034484,0.00010553763440860215,93000000
Consumers,0.14524137931034484,0.00010563829787234042,94000000
Consumers,0.14524137931034484,0.00010576842105263158,95000000
Consumers,0.14524137931034484,0.00010586458333333334,96000000
Consumers,0.14524137931034484,0.00010583505154639175,97000000
Consumers,0.14524137931034484,0.00010586734693877551,98000000
Consumers,0.14524137931034484,0.00010575757575757575,99000000
Consumers,0.14524137931034484,0.00010575,100000000
