Parasites,0.7563025210084033,0.440965,1000000
Parasites,0.7563025210084033,0.4413525,2000000
Parasites,0.7563025210084033,0.441273,3000000
Parasites,0.7563025210084033,0.4412775,4000000
Parasites,0.7563025210084033,0.4412304,5000000
Parasites,0.7563025210084033,0.4413626666666667,6000000
Parasites,0.7563025210084033,0.44129485714285716,7000000
Parasites,0.7563025210084033,0.441138375,8000000
Parasites,0.7563025210084033,0.4410387777777778,9000000
Parasites,0.7563025210084033,0.4410916,10000000
Parasites,0.7563025210084033,0.44116063636363634,11000000
Parasites,0.7563025210084033,0.44117466666666666,12000000
Parasites,0.7563025210084033,0.4411470769230769,13000000
Parasites,0.7563025210084033,0.4411083571428571,14000000
Parasites,0.7563025210084033,0.4411448,15000000
Parasites,0.7563025210084033,0.4411701875,16000000
Parasites,0.7563025210084033,0.44120029411764705,17000000
Parasites,0.7563025210084033,0.44119166666666665,18000000
Parasites,0.7563025210084033,0.4412136315789474,19000000
Parasites,0.7563025210084033,0.4412213,20000000
Parasites,0.7563025210084033,0.44123161904761904,21000000
Parasites,0.7563025210084033,0.4412572727272727,22000000
Parasites,0.7563025210084033,0.4412525652173913,23000000
Parasites,0.7563025210084033,0.441265875,24000000
Parasites,0.7563025210084033,0.44123716,25000000
Parasites,0.7563025210084033,0.44120334615384615,26000000
Parasites,0.7563025210084033,0.4412023333333333,27000000
Parasites,0.7563025210084033,0.44116882142857144,28000000
Parasites,0.7563025210084033,0.4411615172413793,29000000
Parasites,0.7563025210084033,0.4411543,30000000
Parasites,0.7563025210084033,0.4411455806451613,31000000
Parasites,0.7563025210084033,0.44111153125,32000000
Parasites,0.7563025210084033,0.4411196060606061,33000000
Parasites,0.7563025210084033,0.4411385,34000000
Parasites,0.7563025210084033,0.441129,35000000
Parasites,0.7563025210084033,0.44112175,36000000
Parasites,0.7563025210084033,0.441101,37000000
Parasites,0.7563025210084033,0.4410851052631579,38000000
Parasites,0.7563025210084033,0.4411042307692308,39000000
Parasites,0.7563025210084033,0.441091,40000000
Parasites,0.7563025210084033,0.44110480487804876,41000000
Parasites,0.7563025210084033,0.44109202380952384,42000000
Parasites,0.7563025210084033,0.44111537209302326,43000000
Parasites,0.7563025210084033,0.4411071818181818,44000000
Parasites,0.7563025210084033,0.44110015555555554,45000000
Parasites,0.7563025210084033,0.44109728260869563,46000000
Parasites,0.7563025210084033,0.4411031276595745,47000000
Parasites,0.7563025210084033,0.44108372916666666,48000000
Parasites,0.7563025210084033,0.4410661836734694,49000000
Parasites,0.7563025210084033,0.44106512,50000000
Parasites,0.7563025210084033,0.4410457843137255,51000000
Parasites,0.7563025210084033,0.4410235,52000000
Parasites,0.7563025210084033,0.4410384905660377,53000000
Parasites,0.7563025210084033,0.44104905555555557,54000000
Parasites,0.7563025210084033,0.441056,55000000
Parasites,0.7563025210084033,0.4410630892857143,56000000
Parasites,0.7563025210084033,0.4410567368421053,57000000
Parasites,0.7563025210084033,0.44106758620689657,58000000
Parasites,0.7563025210084033,0.4410675254237288,59000000
Parasites,0.7563025210084033,0.44105475,60000000
Parasites,0.7563025210084033,0.44106396721311475,61000000
Parasites,0.7563025210084033,0.44106851612903225,62000000
Parasites,0.7563025210084033,0.44108014285714287,63000000
Parasites,0.7563025210084033,0.441069921875,64000000
Parasites,0.7563025210084033,0.4410789230769231,65000000
Parasites,0.7563025210084033,0.4410666818181818,66000000
Parasites,0.7563025210084033,0.44107570149253733,67000000
Parasites,0.7563025210084033,0.4410730882352941,68000000
Parasites,0.7563025210084033,0.4410826376811594,69000000
Parasites,0.7563025210084033,0.44109267142857145,70000000
Parasites,0.7563025210084033,0.441093661971831,71000000
Parasites,0.7563025210084033,0.44108898611111114,72000000
Parasites,0.7563025210084033,0.4410832876712329,73000000
Parasites,0.7563025210084033,0.44108095945945947,74000000
Parasites,0.7563025210084033,0.44108604,75000000
Parasites,0.7563025210084033,0.4410816710526316,76000000
Parasites,0.7563025210084033,0.44107318181818184,77000000
Parasites,0.7563025210084033,0.4410707435897436,78000000
Parasites,0.7563025210084033,0.4410591772151899,79000000
Parasites,0.7563025210084033,0.441061525,80000000
Parasites,0.7563025210084033,0.4410639259259259,81000000
Parasites,0.7563025210084033,0.4410600243902439,82000000
Parasites,0.7563025210084033,0.4410566506024096,83000000
Parasites,0.7563025210084033,0.4410554523809524,84000000
Parasites,0.7563025210084033,0.4410563294117647,85000000
Parasites,0.7563025210084033,0.4410553488372093,86000000
Parasites,0.7563025210084033,0.4410597701149425,87000000
Parasites,0.7563025210084033,0.4410611590909091,88000000
Parasites,0.7563025210084033,0.44106730337078653,89000000
Parasites,0.7563025210084033,0.44107766666666665,90000000
Parasites,0.7563025210084033,0.4410856813186813,91000000
Parasites,0.7563025210084033,0.4410852065217391,92000000
Parasites,0.7563025210084033,0.44108727956989247,93000000
Parasites,0.7563025210084033,0.4410806170212766,94000000
Parasites,0.7563025210084033,0.44107541052631577,95000000
Parasites,0.7563025210084033,0.4410769479166667,96000000
Parasites,0.7563025210084033,0.44109407216494845,97000000
Parasites,0.7563025210084033,0.4410876326530612,98000000
Parasites,0.7563025210084033,0.4410934141414141,99000000
Parasites,0.7563025210084033,0.44109559,100000000
