Consumers,0.27821939586645467,0.89117,1000000
Consumers,0.27821939586645467,0.89117,2000000
Consumers,0.27821939586645467,0.8912653333333334,3000000
Consumers,0.27821939586645467,0.891309,4000000
Consumers,0.27821939586645467,0.8913062,5000000
Consumers,0.27821939586645467,0.8912273333333334,6000000
Consumers,0.27821939586645467,0.8911941428571428,7000000
Consumers,0.27821939586645467,0.89115125,8000000
Consumers,0.27821939586645467,0.8910986666666667,9000000
Consumers,0.27821939586645467,0.8911186,10000000
Consumers,0.27821939586645467,0.8911211818181818,11000000
Consumers,0.27821939586645467,0.89108575,12000000
Consumers,0.27821939586645467,0.8910856153846154,13000000
Consumers,0.27821939586645467,0.8911445714285714,14000000
Consumers,0.27821939586645467,0.8911374,15000000
Consumers,0.27821939586645467,0.89114525,16000000
Consumers,0.27821939586645467,0.8911838823529412,17000000
Consumers,0.27821939586645467,0.8911768888888889,18000000
Consumers,0.27821939586645467,0.8911818947368421,19000000
Consumers,0.27821939586645467,0.89118865,20000000
Consumers,0.27821939586645467,0.891189380952381,21000000
Consumers,0.27821939586645467,0.8911804545454546,22000000
Consumers,0.27821939586645467,0.8911820434782609,23000000
Consumers,0.27821939586645467,0.891192875,24000000
Consumers,0.27821939586645467,0.8911718,25000000
Consumers,0.27821939586645467,0.8911593846153846,26000000
Consumers,0.27821939586645467,0.8911665555555556,27000000
Consumers,0.27821939586645467,0.8911741428571428,28000000
Consumers,0.27821939586645467,0.8911681034482759,29000000
Consumers,0.27821939586645467,0.8911798,30000000
Consumers,0.27821939586645467,0.8911887741935484,31000000
Consumers,0.27821939586645467,0.89118809375,32000000
Consumers,0.27821939586645467,0.8911953636363636,33000000
Consumers,0.27821939586645467,0.8912085,34000000
Consumers,0.27821939586645467,0.8912211142857143,35000000
Consumers,0.27821939586645467,0.8912260833333333,36000000
Consumers,0.27821939586645467,0.8912374864864865,37000000
Consumers,0.27821939586645467,0.8912371842105263,38000000
Consumers,0.27821939586645467,0.8912284358974359,39000000
Consumers,0.27821939586645467,0.89123155,40000000
Consumers,0.27821939586645467,0.8912264390243902,41000000
Consumers,0.27821939586645467,0.8912174047619048,42000000
Consumers,0.27821939586645467,0.8912278372093023,43000000
Consumers,0.27821939586645467,0.8912279545454546,44000000
Consumers,0.27821939586645467,0.8912191555555555,45000000
Consumers,0.27821939586645467,0.8912225869565218,46000000
Consumers,0.27821939586645467,0.8912190212765957,47000000
Consumers,0.27821939586645467,0.8912307708333334,48000000
Consumers,0.27821939586645467,0.8912301428571429,49000000
Consumers,0.27821939586645467,0.89122732,50000000
Consumers,0.27821939586645467,0.8912265490196078,51000000
Consumers,0.27821939586645467,0.8912231538461538,52000000
Consumers,0.27821939586645467,0.8912164716981132,53000000
Consumers,0.27821939586645467,0.8912115555555555,54000000
Consumers,0.27821939586645467,0.8912127454545454,55000000
Consumers,0.27821939586645467,0.8912065714285714,56000000
Consumers,0.27821939586645467,0.8912038245614035,57000000
Consumers,0.27821939586645467,0.8911981379310345,58000000
Consumers,0.27821939586645467,0.8911973559322034,59000000
Consumers,0.27821939586645467,0.8911880833333333,60000000
Consumers,0.27821939586645467,0.8911880819672131,61000000
Consumers,0.27821939586645467,0.8911893225806452,62000000
Consumers,0.27821939586645467,0.8911912380952381,63000000
Consumers,0.27821939586645467,0.89119665625,64000000
Consumers,0.27821939586645467,0.8911930615384616,65000000
Consumers,0.27821939586645467,0.8911901969696969,66000000
Consumers,0.27821939586645467,0.8911935522388059,67000000
Consumers,0.27821939586645467,0.8911959117647059,68000000
Consumers,0.27821939586645467,0.8912020579710145,69000000
Consumers,0.27821939586645467,0.8912078428571428,70000000
Consumers,0.27821939586645467,0.8912081549295775,71000000
Consumers,0.27821939586645467,0.8912147361111111,72000000
Consumers,0.27821939586645467,0.8912203698630137,73000000
Consumers,0.27821939586645467,0.8912227972972973,74000000
Consumers,0.27821939586645467,0.8912170933333333,75000000
Consumers,0.27821939586645467,0.8912183157894736,76000000
Consumers,0.27821939586645467,0.8912207012987013,77000000
Consumers,0.27821939586645467,0.8912165,78000000
Consumers,0.27821939586645467,0.891215,79000000
Consumers,0.27821939586645467,0.891212375,80000000
Consumers,0.27821939586645467,0.8912084074074074,81000000
Consumers,0.27821939586645467,0.8912074756097561,82000000
Consumers,0.27821939586645467,0.8912073975903615,83000000
Consumers,0.27821939586645467,0.8912069047619048,84000000
Consumers,0.27821939586645467,0.8912126470588235,85000000
Consumers,0.27821939586645467,0.8912148139534883,86000000
Consumers,0.27821939586645467,0.8912135862068965,87000000
Consumers,0.27821939586645467,0.8912160568181818,88000000
Consumers,0.27821939586645467,0.8912186516853933,89000000
Consumers,0.27821939586645467,0.8912151222222222,90000000
Consumers,0.27821939586645467,0.8912209340659341,91000000
Consumers,0.27821939586645467,0.8912214347826087,92000000
Consumers,0.27821939586645467,0.8912214731182796,93000000
Consumers,0.27821939586645467,0.891227585106383,94000000
Consumers,0.27821939586645467,0.8912306105263158,95000000
Consumers,0.27821939586645467,0.8912317083333333,96000000
Consumers,0.27821939586645467,0.8912338659793815,97000000
Consumers,0.27821939586645467,0.8912308163265306,98000000
Consumers,0.27821939586645467,0.8912303232323232,99000000
Consumers,0.27821939586645467,0.8912258,100000000
