Parasites,0.5333333333333333,1.0e-6,1000000
Parasites,0.5333333333333333,2.0e-6,2000000
Parasites,0.5333333333333333,1.6666666666666667e-6,3000000
Parasites,0.5333333333333333,1.25e-6,4000000
Parasites,0.5333333333333333,1.0e-6,5000000
Parasites,0.5333333333333333,8.333333333333333e-7,6000000
Parasites,0.5333333333333333,8.571428571428571e-7,7000000
Parasites,0.5333333333333333,7.5e-7,8000000
Parasites,0.5333333333333333,7.777777777777778e-7,9000000
Parasites,0.5333333333333333,9.0e-7,10000000
Parasites,0.5333333333333333,8.181818181818182e-7,11000000
Parasites,0.5333333333333333,9.166666666666666e-7,12000000
Parasites,0.5333333333333333,9.230769230769231e-7,13000000
Parasites,0.5333333333333333,8.571428571428571e-7,14000000
Parasites,0.5333333333333333,8.666666666666667e-7,15000000
Parasites,0.5333333333333333,9.375e-7,16000000
Parasites,0.5333333333333333,8.823529411764706e-7,17000000
Parasites,0.5333333333333333,8.888888888888889e-7,18000000
Parasites,0.5333333333333333,8.947368421052631e-7,19000000
Parasites,0.5333333333333333,9.0e-7,20000000
Parasites,0.5333333333333333,9.523809523809523e-7,21000000
Parasites,0.5333333333333333,9.09090909090909e-7,22000000
Parasites,0.5333333333333333,8.695652173913044e-7,23000000
Parasites,0.5333333333333333,9.583333333333334e-7,24000000
Parasites,0.5333333333333333,9.2e-7,25000000
Parasites,0.5333333333333333,9.230769230769231e-7,26000000
Parasites,0.5333333333333333,9.259259259259259e-7,27000000
Parasites,0.5333333333333333,8.928571428571428e-7,28000000
Parasites,0.5333333333333333,8.965517241379311e-7,29000000
Parasites,0.5333333333333333,9.0e-7,30000000
Parasites,0.5333333333333333,8.709677419354839e-7,31000000
Parasites,0.5333333333333333,8.75e-7,32000000
Parasites,0.5333333333333333,8.787878787878787e-7,33000000
Parasites,0.5333333333333333,9.411764705882353e-7,34000000
Parasites,0.5333333333333333,9.428571428571429e-7,35000000
Parasites,0.5333333333333333,9.722222222222222e-7,36000000
Parasites,0.5333333333333333,9.45945945945946e-7,37000000
Parasites,0.5333333333333333,9.473684210526316e-7,38000000
Parasites,0.5333333333333333,1.0e-6,39000000
Parasites,0.5333333333333333,1.025e-6,40000000
Parasites,0.5333333333333333,1.0e-6,41000000
Parasites,0.5333333333333333,1.0238095238095238e-6,42000000
Parasites,0.5333333333333333,1.0465116279069768e-6,43000000
Parasites,0.5333333333333333,1.0454545454545454e-6,44000000
Parasites,0.5333333333333333,1.0222222222222221e-6,45000000
Parasites,0.5333333333333333,1.0e-6,46000000
Parasites,0.5333333333333333,1.0212765957446809e-6,47000000
Parasites,0.5333333333333333,1.0e-6,48000000
Parasites,0.5333333333333333,9.795918367346939e-7,49000000
Parasites,0.5333333333333333,9.6e-7,50000000
Parasites,0.5333333333333333,9.411764705882353e-7,51000000
Parasites,0.5333333333333333,9.230769230769231e-7,52000000
Parasites,0.5333333333333333,9.433962264150943e-7,53000000
Parasites,0.5333333333333333,9.62962962962963e-7,54000000
Parasites,0.5333333333333333,9.636363636363636e-7,55000000
Parasites,0.5333333333333333,9.464285714285714e-7,56000000
Parasites,0.5333333333333333,9.649122807017545e-7,57000000
Parasites,0.5333333333333333,9.827586206896552e-7,58000000
Parasites,0.5333333333333333,9.830508474576272e-7,59000000
Parasites,0.5333333333333333,9.833333333333334e-7,60000000
Parasites,0.5333333333333333,9.672131147540984e-7,61000000
Parasites,0.5333333333333333,9.516129032258064e-7,62000000
Parasites,0.5333333333333333,9.523809523809523e-7,63000000
Parasites,0.5333333333333333,9.53125e-7,64000000
Parasites,0.5333333333333333,9.384615384615384e-7,65000000
Parasites,0.5333333333333333,9.545454545454546e-7,66000000
Parasites,0.5333333333333333,9.552238805970149e-7,67000000
Parasites,0.5333333333333333,9.558823529411764e-7,68000000
Parasites,0.5333333333333333,9.855072463768117e-7,69000000
Parasites,0.5333333333333333,9.857142857142857e-7,70000000
Parasites,0.5333333333333333,9.71830985915493e-7,71000000
Parasites,0.5333333333333333,9.861111111111112e-7,72000000
Parasites,0.5333333333333333,9.726027397260274e-7,73000000
Parasites,0.5333333333333333,9.864864864864865e-7,74000000
Parasites,0.5333333333333333,1.0e-6,75000000
Parasites,0.5333333333333333,1.013157894736842e-6,76000000
Parasites,0.5333333333333333,1.025974025974026e-6,77000000
Parasites,0.5333333333333333,1.0256410256410257e-6,78000000
Parasites,0.5333333333333333,1.0253164556962025e-6,79000000
Parasites,0.5333333333333333,1.0125e-6,80000000
Parasites,0.5333333333333333,1.0123456790123457e-6,81000000
Parasites,0.5333333333333333,1.0e-6,82000000
Parasites,0.5333333333333333,9.879518072289156e-7,83000000
Parasites,0.5333333333333333,1.0e-6,84000000
Parasites,0.5333333333333333,1.0e-6,85000000
Parasites,0.5333333333333333,1.0232558139534884e-6,86000000
Parasites,0.5333333333333333,1.0459770114942528e-6,87000000
Parasites,0.5333333333333333,1.034090909090909e-6,88000000
Parasites,0.5333333333333333,1.0337078651685392e-6,89000000
Parasites,0.5333333333333333,1.0222222222222221e-6,90000000
Parasites,0.5333333333333333,1.021978021978022e-6,91000000
Parasites,0.5333333333333333,1.0434782608695653e-6,92000000
Parasites,0.5333333333333333,1.0322580645161291e-6,93000000
Parasites,0.5333333333333333,1.0425531914893618e-6,94000000
Parasites,0.5333333333333333,1.031578947368421e-6,95000000
Parasites,0.5333333333333333,1.0208333333333332e-6,96000000
Parasites,0.5333333333333333,1.020618556701031e-6,97000000
Parasites,0.5333333333333333,1.0408163265306123e-6,98000000
Parasites,0.5333333333333333,1.0505050505050504e-6,99000000
Parasites,0.5333333333333333,1.05e-6,100000000
