Parasites,0.7397260273972603,0.99925,1000000
Parasites,0.7397260273972603,0.999244,2000000
Parasites,0.7397260273972603,0.9992526666666667,3000000
Parasites,0.7397260273972603,0.9992445,4000000
Parasites,0.7397260273972603,0.9992438,5000000
Parasites,0.7397260273972603,0.9992476666666666,6000000
Parasites,0.7397260273972603,0.9992561428571428,7000000
Parasites,0.7397260273972603,0.99925725,8000000
Parasites,0.7397260273972603,0.9992626666666666,9000000
Parasites,0.7397260273972603,0.9992595,10000000
Parasites,0.7397260273972603,0.9992594545454545,11000000
Parasites,0.7397260273972603,0.9992575,12000000
Parasites,0.7397260273972603,0.999260076923077,13000000
Parasites,0.7397260273972603,0.9992611428571428,14000000
Parasites,0.7397260273972603,0.9992633333333333,15000000
Parasites,0.7397260273972603,0.999262125,16000000
Parasites,0.7397260273972603,0.999259,17000000
Parasites,0.7397260273972603,0.9992608333333334,18000000
Parasites,0.7397260273972603,0.9992602631578947,19000000
Parasites,0.7397260273972603,0.9992602,20000000
Parasites,0.7397260273972603,0.9992586666666666,21000000
Parasites,0.7397260273972603,0.9992588181818182,22000000
Parasites,0.7397260273972603,0.9992599565217392,23000000
Parasites,0.7397260273972603,0.999258625,24000000
Parasites,0.7397260273972603,0.9992586,25000000
Parasites,0.7397260273972603,0.9992564615384616,26000000
Parasites,0.7397260273972603,0.9992564814814815,27000000
Parasites,0.7397260273972603,0.9992561071428572,28000000
Parasites,0.7397260273972603,0.9992575862068965,29000000
Parasites,0.7397260273972603,0.9992569333333333,30000000
Parasites,0.7397260273972603,0.9992565806451613,31000000
Parasites,0.7397260273972603,0.9992561875,32000000
Parasites,0.7397260273972603,0.9992566666666667,33000000
Parasites,0.7397260273972603,0.9992566470588236,34000000
Parasites,0.7397260273972603,0.9992554571428571,35000000
Parasites,0.7397260273972603,0.9992556111111112,36000000
Parasites,0.7397260273972603,0.999255918918919,37000000
Parasites,0.7397260273972603,0.9992557894736842,38000000
Parasites,0.7397260273972603,0.9992562051282051,39000000
Parasites,0.7397260273972603,0.999256625,40000000
Parasites,0.7397260273972603,0.9992563658536585,41000000
Parasites,0.7397260273972603,0.9992567142857143,42000000
Parasites,0.7397260273972603,0.9992558837209302,43000000
Parasites,0.7397260273972603,0.9992557954545455,44000000
Parasites,0.7397260273972603,0.9992560444444445,45000000
Parasites,0.7397260273972603,0.9992566739130435,46000000
Parasites,0.7397260273972603,0.9992563617021276,47000000
Parasites,0.7397260273972603,0.9992543125,48000000
Parasites,0.7397260273972603,0.9992532040816327,49000000
Parasites,0.7397260273972603,0.99925268,50000000
Parasites,0.7397260273972603,0.9992528039215687,51000000
Parasites,0.7397260273972603,0.9992520576923077,52000000
Parasites,0.7397260273972603,0.9992522452830188,53000000
Parasites,0.7397260273972603,0.9992522592592593,54000000
Parasites,0.7397260273972603,0.9992528,55000000
Parasites,0.7397260273972603,0.9992525535714286,56000000
Parasites,0.7397260273972603,0.9992514385964912,57000000
Parasites,0.7397260273972603,0.9992517413793104,58000000
Parasites,0.7397260273972603,0.9992516101694915,59000000
Parasites,0.7397260273972603,0.9992524166666666,60000000
Parasites,0.7397260273972603,0.999252393442623,61000000
Parasites,0.7397260273972603,0.9992521935483871,62000000
Parasites,0.7397260273972603,0.9992523174603175,63000000
Parasites,0.7397260273972603,0.9992525625,64000000
Parasites,0.7397260273972603,0.9992527692307692,65000000
Parasites,0.7397260273972603,0.9992523333333333,66000000
Parasites,0.7397260273972603,0.9992520298507462,67000000
Parasites,0.7397260273972603,0.9992523235294117,68000000
Parasites,0.7397260273972603,0.9992516666666666,69000000
Parasites,0.7397260273972603,0.9992521857142858,70000000
Parasites,0.7397260273972603,0.9992526197183098,71000000
Parasites,0.7397260273972603,0.9992527083333334,72000000
Parasites,0.7397260273972603,0.9992528630136986,73000000
Parasites,0.7397260273972603,0.9992524594594595,74000000
Parasites,0.7397260273972603,0.99925288,75000000
Parasites,0.7397260273972603,0.9992526184210526,76000000
Parasites,0.7397260273972603,0.999252961038961,77000000
Parasites,0.7397260273972603,0.9992531538461539,78000000
Parasites,0.7397260273972603,0.999253670886076,79000000
Parasites,0.7397260273972603,0.9992536,80000000
Parasites,0.7397260273972603,0.9992536913580247,81000000
Parasites,0.7397260273972603,0.9992535853658536,82000000
Parasites,0.7397260273972603,0.9992534457831326,83000000
Parasites,0.7397260273972603,0.9992533214285715,84000000
Parasites,0.7397260273972603,0.9992531882352941,85000000
Parasites,0.7397260273972603,0.9992531279069767,86000000
Parasites,0.7397260273972603,0.9992534252873563,87000000
Parasites,0.7397260273972603,0.9992535454545455,88000000
Parasites,0.7397260273972603,0.9992535842696629,89000000
Parasites,0.7397260273972603,0.9992537444444445,90000000
Parasites,0.7397260273972603,0.9992535824175824,91000000
Parasites,0.7397260273972603,0.9992536956521739,92000000
Parasites,0.7397260273972603,0.9992538172043011,93000000
Parasites,0.7397260273972603,0.9992539787234043,94000000
Parasites,0.7397260273972603,0.9992539473684211,95000000
Parasites,0.7397260273972603,0.9992540625,96000000
Parasites,0.7397260273972603,0.999253762886598,97000000
Parasites,0.7397260273972603,0.9992541020408163,98000000
Parasites,0.7397260273972603,0.9992539595959596,99000000
Parasites,0.7397260273972603,0.99925413,100000000
