Consumers,0.34298076923076926,3.0e-6,1000000
Consumers,0.34298076923076926,3.0e-6,2000000
Consumers,0.34298076923076926,2.666666666666667e-6,3000000
Consumers,0.34298076923076926,3.0e-6,4000000
Consumers,0.34298076923076926,2.8e-6,5000000
Consumers,0.34298076923076926,3.1666666666666667e-6,6000000
Consumers,0.34298076923076926,3.0e-6,7000000
Consumers,0.34298076923076926,3.0e-6,8000000
Consumers,0.34298076923076926,3.2222222222222222e-6,9000000
Consumers,0.34298076923076926,3.3e-6,10000000
Consumers,0.34298076923076926,3.1818181818181817e-6,11000000
Consumers,0.34298076923076926,3.25e-6,12000000
Consumers,0.34298076923076926,3.230769230769231e-6,13000000
Consumers,0.34298076923076926,3.0714285714285715e-6,14000000
Consumers,0.34298076923076926,3.066666666666667e-6,15000000
Consumers,0.34298076923076926,3.0625e-6,16000000
Consumers,0.34298076923076926,3.1176470588235293e-6,17000000
Consumers,0.34298076923076926,3.111111111111111e-6,18000000
Consumers,0.34298076923076926,3.105263157894737e-6,19000000
Consumers,0.34298076923076926,3.2e-6,20000000
Consumers,0.34298076923076926,3.2857142857142857e-6,21000000
Consumers,0.34298076923076926,3.3636363636363637e-6,22000000
Consumers,0.34298076923076926,3.4347826086956522e-6,23000000
Consumers,0.34298076923076926,3.416666666666667e-6,24000000
Consumers,0.34298076923076926,3.36e-6,25000000
Consumers,0.34298076923076926,3.307692307692308e-6,26000000
Consumers,0.34298076923076926,3.3333333333333333e-6,27000000
Consumers,0.34298076923076926,3.2857142857142857e-6,28000000
Consumers,0.34298076923076926,3.379310344827586e-6,29000000
Consumers,0.34298076923076926,3.3666666666666665e-6,30000000
Consumers,0.34298076923076926,3.3548387096774194e-6,31000000
Consumers,0.34298076923076926,3.375e-6,32000000
Consumers,0.34298076923076926,3.272727272727273e-6,33000000
Consumers,0.34298076923076926,3.264705882352941e-6,34000000
Consumers,0.34298076923076926,3.2571428571428572e-6,35000000
Consumers,0.34298076923076926,3.25e-6,36000000
Consumers,0.34298076923076926,3.27027027027027e-6,37000000
Consumers,0.34298076923076926,3.342105263157895e-6,38000000
Consumers,0.34298076923076926,3.282051282051282e-6,39000000
Consumers,0.34298076923076926,3.3e-6,40000000
Consumers,0.34298076923076926,3.317073170731707e-6,41000000
Consumers,0.34298076923076926,3.3095238095238095e-6,42000000
Consumers,0.34298076923076926,3.2790697674418604e-6,43000000
Consumers,0.34298076923076926,3.25e-6,44000000
Consumers,0.34298076923076926,3.2444444444444446e-6,45000000
Consumers,0.34298076923076926,3.2391304347826086e-6,46000000
Consumers,0.34298076923076926,3.276595744680851e-6,47000000
Consumers,0.34298076923076926,3.2708333333333335e-6,48000000
Consumers,0.34298076923076926,3.2857142857142857e-6,49000000
Consumers,0.34298076923076926,3.3e-6,50000000
Consumers,0.34298076923076926,3.3333333333333333e-6,51000000
Consumers,0.34298076923076926,3.3653846153846154e-6,52000000
Consumers,0.34298076923076926,3.3584905660377357e-6,53000000
Consumers,0.34298076923076926,3.388888888888889e-6,54000000
Consumers,0.34298076923076926,3.4181818181818182e-6,55000000
Consumers,0.34298076923076926,3.375e-6,56000000
Consumers,0.34298076923076926,3.3859649122807017e-6,57000000
Consumers,0.34298076923076926,3.3620689655172414e-6,58000000
Consumers,0.34298076923076926,3.3559322033898303e-6,59000000
Consumers,0.34298076923076926,3.3333333333333333e-6,60000000
Consumers,0.34298076923076926,3.3442622950819674e-6,61000000
Consumers,0.34298076923076926,3.3387096774193547e-6,62000000
Consumers,0.34298076923076926,3.365079365079365e-6,63000000
Consumers,0.34298076923076926,3.34375e-6,64000000
Consumers,0.34298076923076926,3.307692307692308e-6,65000000
Consumers,0.34298076923076926,3.3333333333333333e-6,66000000
Consumers,0.34298076923076926,3.328358208955224e-6,67000000
Consumers,0.34298076923076926,3.3235294117647057e-6,68000000
Consumers,0.34298076923076926,3.3043478260869563e-6,69000000
Consumers,0.34298076923076926,3.2571428571428572e-6,70000000
Consumers,0.34298076923076926,3.2112676056338028e-6,71000000
Consumers,0.34298076923076926,3.2083333333333332e-6,72000000
Consumers,0.34298076923076926,3.1917808219178083e-6,73000000
Consumers,0.34298076923076926,3.189189189189189e-6,74000000
Consumers,0.34298076923076926,3.2266666666666665e-6,75000000
Consumers,0.34298076923076926,3.2368421052631577e-6,76000000
Consumers,0.34298076923076926,3.246753246753247e-6,77000000
Consumers,0.34298076923076926,3.269230769230769e-6,78000000
Consumers,0.34298076923076926,3.278481012658228e-6,79000000
Consumers,0.34298076923076926,3.275e-6,80000000
Consumers,0.34298076923076926,3.2592592592592594e-6,81000000
Consumers,0.34298076923076926,3.2560975609756097e-6,82000000
Consumers,0.34298076923076926,3.2409638554216867e-6,83000000
Consumers,0.34298076923076926,3.226190476190476e-6,84000000
Consumers,0.34298076923076926,3.2e-6,85000000
Consumers,0.34298076923076926,3.186046511627907e-6,86000000
Consumers,0.34298076923076926,3.195402298850575e-6,87000000
Consumers,0.34298076923076926,3.1818181818181817e-6,88000000
Consumers,0.34298076923076926,3.1797752808988766e-6,89000000
Consumers,0.34298076923076926,3.211111111111111e-6,90000000
Consumers,0.34298076923076926,3.1978021978021977e-6,91000000
Consumers,0.34298076923076926,3.173913043478261e-6,92000000
Consumers,0.34298076923076926,3.1827956989247314e-6,93000000
Consumers,0.34298076923076926,3.1595744680851064e-6,94000000
Consumers,0.34298076923076926,3.1473684210526315e-6,95000000
Consumers,0.34298076923076926,3.1458333333333334e-6,96000000
Consumers,0.34298076923076926,3.1649484536082475e-6,97000000
Consumers,0.34298076923076926,3.1632653061224488e-6,98000000
Consumers,0.34298076923076926,3.1818181818181817e-6,99000000
Consumers,0.34298076923076926,3.2e-6,100000000
