Parasites,0.35840395480225995,0.970352,1000000
Parasites,0.35840395480225995,0.9704035,2000000
Parasites,0.35840395480225995,0.9703626666666667,3000000
Parasites,0.35840395480225995,0.97040175,4000000
Parasites,0.35840395480225995,0.9704316,5000000
Parasites,0.35840395480225995,0.9704536666666667,6000000
Parasites,0.35840395480225995,0.9703912857142857,7000000
Parasites,0.35840395480225995,0.970376,8000000
Parasites,0.35840395480225995,0.9703797777777777,9000000
Parasites,0.35840395480225995,0.9703646,10000000
Parasites,0.35840395480225995,0.9703773636363636,11000000
Parasites,0.35840395480225995,0.9703793333333334,12000000
Parasites,0.35840395480225995,0.9703765384615385,13000000
Parasites,0.35840395480225995,0.9703570714285714,14000000
Parasites,0.35840395480225995,0.9703571333333333,15000000
Parasites,0.35840395480225995,0.9703451875,16000000
Parasites,0.35840395480225995,0.9703569411764705,17000000
Parasites,0.35840395480225995,0.9703592222222223,18000000
Parasites,0.35840395480225995,0.9703487894736842,19000000
Parasites,0.35840395480225995,0.97035175,20000000
Parasites,0.35840395480225995,0.9703524285714286,21000000
Parasites,0.35840395480225995,0.9703489545454546,22000000
Parasites,0.35840395480225995,0.970350652173913,23000000
Parasites,0.35840395480225995,0.970348875,24000000
Parasites,0.35840395480225995,0.97035104,25000000
Parasites,0.35840395480225995,0.9703528846153846,26000000
Parasites,0.35840395480225995,0.9703613333333333,27000000
Parasites,0.35840395480225995,0.970349,28000000
Parasites,0.35840395480225995,0.9703594137931034,29000000
Parasites,0.35840395480225995,0.9703683,30000000
Parasites,0.35840395480225995,0.9703787096774193,31000000
Parasites,0.35840395480225995,0.97038640625,32000000
Parasites,0.35840395480225995,0.9703861515151515,33000000
Parasites,0.35840395480225995,0.9703893235294118,34000000
Parasites,0.35840395480225995,0.9703893142857143,35000000
Parasites,0.35840395480225995,0.9703928333333334,36000000
Parasites,0.35840395480225995,0.9703891081081081,37000000
Parasites,0.35840395480225995,0.9703880789473684,38000000
Parasites,0.35840395480225995,0.9703938717948718,39000000
Parasites,0.35840395480225995,0.970393625,40000000
Parasites,0.35840395480225995,0.9703949756097561,41000000
Parasites,0.35840395480225995,0.9703903571428572,42000000
Parasites,0.35840395480225995,0.970397023255814,43000000
Parasites,0.35840395480225995,0.9703957954545455,44000000
Parasites,0.35840395480225995,0.9703884666666667,45000000
Parasites,0.35840395480225995,0.9703888478260869,46000000
Parasites,0.35840395480225995,0.9703916808510639,47000000
Parasites,0.35840395480225995,0.970381875,48000000
Parasites,0.35840395480225995,0.9703797142857142,49000000
Parasites,0.35840395480225995,0.97038992,50000000
Parasites,0.35840395480225995,0.9703925686274509,51000000
Parasites,0.35840395480225995,0.9703936538461538,52000000
Parasites,0.35840395480225995,0.9703909622641509,53000000
Parasites,0.35840395480225995,0.970395462962963,54000000
Parasites,0.35840395480225995,0.9703948727272728,55000000
Parasites,0.35840395480225995,0.9703991785714285,56000000
Parasites,0.35840395480225995,0.9704019824561404,57000000
Parasites,0.35840395480225995,0.9704017068965517,58000000
Parasites,0.35840395480225995,0.970398593220339,59000000
Parasites,0.35840395480225995,0.97040535,60000000
Parasites,0.35840395480225995,0.9704090327868853,61000000
Parasites,0.35840395480225995,0.9704105161290323,62000000
Parasites,0.35840395480225995,0.9704078730158731,63000000
Parasites,0.35840395480225995,0.970408328125,64000000
Parasites,0.35840395480225995,0.9704034307692307,65000000
Parasites,0.35840395480225995,0.9704015,66000000
Parasites,0.35840395480225995,0.9704008059701492,67000000
Parasites,0.35840395480225995,0.9704004264705882,68000000
Parasites,0.35840395480225995,0.9703989275362319,69000000
Parasites,0.35840395480225995,0.9703994857142857,70000000
Parasites,0.35840395480225995,0.9704042394366197,71000000
Parasites,0.35840395480225995,0.9704030694444444,72000000
Parasites,0.35840395480225995,0.970401904109589,73000000
Parasites,0.35840395480225995,0.9704030270270271,74000000
Parasites,0.35840395480225995,0.9704060266666666,75000000
Parasites,0.35840395480225995,0.97040925,76000000
Parasites,0.35840395480225995,0.9704078831168831,77000000
Parasites,0.35840395480225995,0.9704099871794872,78000000
Parasites,0.35840395480225995,0.9704096835443038,79000000
Parasites,0.35840395480225995,0.9704098625,80000000
Parasites,0.35840395480225995,0.9704103209876543,81000000
Parasites,0.35840395480225995,0.9704064512195122,82000000
Parasites,0.35840395480225995,0.970404951807229,83000000
Parasites,0.35840395480225995,0.9704015119047619,84000000
Parasites,0.35840395480225995,0.9703994117647059,85000000
Parasites,0.35840395480225995,0.9704004651162791,86000000
Parasites,0.35840395480225995,0.9704026781609195,87000000
Parasites,0.35840395480225995,0.970407284090909,88000000
Parasites,0.35840395480225995,0.9704073033707865,89000000
Parasites,0.35840395480225995,0.9704105222222222,90000000
Parasites,0.35840395480225995,0.9704115934065934,91000000
Parasites,0.35840395480225995,0.9704126630434783,92000000
Parasites,0.35840395480225995,0.9704148924731183,93000000
Parasites,0.35840395480225995,0.9704123617021276,94000000
Parasites,0.35840395480225995,0.9704126842105263,95000000
Parasites,0.35840395480225995,0.9704121458333334,96000000
Parasites,0.35840395480225995,0.9704124226804124,97000000
Parasites,0.35840395480225995,0.970412469387755,98000000
Parasites,0.35840395480225995,0.9704127878787879,99000000
Parasites,0.35840395480225995,0.97041161,100000000
