Parasites,0.44217687074829937,0.726165,1000000
Parasites,0.44217687074829937,0.7257055,2000000
Parasites,0.44217687074829937,0.7259183333333333,3000000
Parasites,0.44217687074829937,0.72602525,4000000
Parasites,0.44217687074829937,0.7259842,5000000
Parasites,0.44217687074829937,0.7260813333333334,6000000
Parasites,0.44217687074829937,0.7260381428571429,7000000
Parasites,0.44217687074829937,0.725933875,8000000
Parasites,0.44217687074829937,0.7260521111111111,9000000
Parasites,0.44217687074829937,0.7260583,10000000
Parasites,0.44217687074829937,0.7261005454545455,11000000
Parasites,0.44217687074829937,0.7261415,12000000
Parasites,0.44217687074829937,0.7261304615384615,13000000
Parasites,0.44217687074829937,0.7261069285714286,14000000
Parasites,0.44217687074829937,0.7260766,15000000
Parasites,0.44217687074829937,0.7260195,16000000
Parasites,0.44217687074829937,0.7260080588235294,17000000
Parasites,0.44217687074829937,0.7260154444444444,18000000
Parasites,0.44217687074829937,0.7259888421052632,19000000
Parasites,0.44217687074829937,0.72598745,20000000
Parasites,0.44217687074829937,0.7259945238095238,21000000
Parasites,0.44217687074829937,0.7259759090909091,22000000
Parasites,0.44217687074829937,0.7260016956521739,23000000
Parasites,0.44217687074829937,0.7260223333333333,24000000
Parasites,0.44217687074829937,0.72603348,25000000
Parasites,0.44217687074829937,0.7260242692307692,26000000
Parasites,0.44217687074829937,0.7259981111111111,27000000
Parasites,0.44217687074829937,0.7259905357142857,28000000
Parasites,0.44217687074829937,0.7259773448275862,29000000
Parasites,0.44217687074829937,0.7259732333333333,30000000
Parasites,0.44217687074829937,0.7259757096774193,31000000
Parasites,0.44217687074829937,0.72597028125,32000000
Parasites,0.44217687074829937,0.7259376666666667,33000000
Parasites,0.44217687074829937,0.7259445,34000000
Parasites,0.44217687074829937,0.7259233714285714,35000000
Parasites,0.44217687074829937,0.7259181944444445,36000000
Parasites,0.44217687074829937,0.7259074054054054,37000000
Parasites,0.44217687074829937,0.7259096842105263,38000000
Parasites,0.44217687074829937,0.7259151794871795,39000000
Parasites,0.44217687074829937,0.725916725,40000000
Parasites,0.44217687074829937,0.7259293170731708,41000000
Parasites,0.44217687074829937,0.7259104761904762,42000000
Parasites,0.44217687074829937,0.7259214186046512,43000000
Parasites,0.44217687074829937,0.7259169318181818,44000000
Parasites,0.44217687074829937,0.7259253111111111,45000000
Parasites,0.44217687074829937,0.7259279782608695,46000000
Parasites,0.44217687074829937,0.725917914893617,47000000
Parasites,0.44217687074829937,0.7258963125,48000000
Parasites,0.44217687074829937,0.7259042448979592,49000000
Parasites,0.44217687074829937,0.72591634,50000000
Parasites,0.44217687074829937,0.7259112352941176,51000000
Parasites,0.44217687074829937,0.7259196538461539,52000000
Parasites,0.44217687074829937,0.7259237547169811,53000000
Parasites,0.44217687074829937,0.7259116296296296,54000000
Parasites,0.44217687074829937,0.7259103818181818,55000000
Parasites,0.44217687074829937,0.7259165535714286,56000000
Parasites,0.44217687074829937,0.7259177719298245,57000000
Parasites,0.44217687074829937,0.7259188793103448,58000000
Parasites,0.44217687074829937,0.7259217457627118,59000000
Parasites,0.44217687074829937,0.7259199833333333,60000000
Parasites,0.44217687074829937,0.7259256885245902,61000000
Parasites,0.44217687074829937,0.7259315483870967,62000000
Parasites,0.44217687074829937,0.725924507936508,63000000
Parasites,0.44217687074829937,0.72591525,64000000
Parasites,0.44217687074829937,0.7259214461538461,65000000
Parasites,0.44217687074829937,0.7259140757575757,66000000
Parasites,0.44217687074829937,0.7259206417910448,67000000
Parasites,0.44217687074829937,0.7259142794117647,68000000
Parasites,0.44217687074829937,0.7259143623188405,69000000
Parasites,0.44217687074829937,0.7259249428571428,70000000
Parasites,0.44217687074829937,0.7259239295774648,71000000
Parasites,0.44217687074829937,0.7259256527777778,72000000
Parasites,0.44217687074829937,0.7259223835616438,73000000
Parasites,0.44217687074829937,0.7259214054054054,74000000
Parasites,0.44217687074829937,0.7259187866666666,75000000
Parasites,0.44217687074829937,0.7259267368421053,76000000
Parasites,0.44217687074829937,0.725921025974026,77000000
Parasites,0.44217687074829937,0.7259286538461538,78000000
Parasites,0.44217687074829937,0.7259237848101265,79000000
Parasites,0.44217687074829937,0.7259233125,80000000
Parasites,0.44217687074829937,0.725928938271605,81000000
Parasites,0.44217687074829937,0.7259294512195122,82000000
Parasites,0.44217687074829937,0.725921265060241,83000000
Parasites,0.44217687074829937,0.7259185357142857,84000000
Parasites,0.44217687074829937,0.7259193176470589,85000000
Parasites,0.44217687074829937,0.7259224069767442,86000000
Parasites,0.44217687074829937,0.7259255747126436,87000000
Parasites,0.44217687074829937,0.72593275,88000000
Parasites,0.44217687074829937,0.725934,89000000
Parasites,0.44217687074829937,0.7259388444444445,90000000
Parasites,0.44217687074829937,0.7259384945054945,91000000
Parasites,0.44217687074829937,0.7259402065217392,92000000
Parasites,0.44217687074829937,0.7259344193548387,93000000
Parasites,0.44217687074829937,0.7259328829787234,94000000
Parasites,0.44217687074829937,0.7259334210526316,95000000
Parasites,0.44217687074829937,0.7259344270833333,96000000
Parasites,0.44217687074829937,0.7259412783505155,97000000
Parasites,0.44217687074829937,0.7259366224489796,98000000
Parasites,0.44217687074829937,0.7259390909090909,99000000
Parasites,0.44217687074829937,0.72593491,100000000
