Herbivores,0.4644276629570747,0.990291,1000000
Herbivores,0.4644276629570747,0.9903815,2000000
Herbivores,0.4644276629570747,0.9904426666666667,3000000
Herbivores,0.4644276629570747,0.990409,4000000
Herbivores,0.4644276629570747,0.9903772,5000000
Herbivores,0.4644276629570747,0.9903741666666667,6000000
Herbivores,0.4644276629570747,0.9903931428571429,7000000
Herbivores,0.4644276629570747,0.990381875,8000000
Herbivores,0.4644276629570747,0.9903996666666667,9000000
Herbivores,0.4644276629570747,0.9903823,10000000
Herbivores,0.4644276629570747,0.990385,11000000
Herbivores,0.4644276629570747,0.9903775,12000000
Herbivores,0.4644276629570747,0.9903824615384615,13000000
Herbivores,0.4644276629570747,0.9903848571428572,14000000
Herbivores,0.4644276629570747,0.9903855333333333,15000000
Herbivores,0.4644276629570747,0.990394125,16000000
Herbivores,0.4644276629570747,0.9903917647058823,17000000
Herbivores,0.4644276629570747,0.9903862777777778,18000000
Herbivores,0.4644276629570747,0.9903766842105263,19000000
Herbivores,0.4644276629570747,0.99038155,20000000
Herbivores,0.4644276629570747,0.9903738571428572,21000000
Herbivores,0.4644276629570747,0.9903710454545455,22000000
Herbivores,0.4644276629570747,0.990365347826087,23000000
Herbivores,0.4644276629570747,0.9903620833333333,24000000
Herbivores,0.4644276629570747,0.99036032,25000000
Herbivores,0.4644276629570747,0.9903635,26000000
Herbivores,0.4644276629570747,0.9903620370370371,27000000
Herbivores,0.4644276629570747,0.9903628214285715,28000000
Herbivores,0.4644276629570747,0.9903653448275862,29000000
Herbivores,0.4644276629570747,0.9903618666666667,30000000
Herbivores,0.4644276629570747,0.9903583870967742,31000000
Herbivores,0.4644276629570747,0.99036075,32000000
Herbivores,0.4644276629570747,0.990365303030303,33000000
Herbivores,0.4644276629570747,0.9903630882352941,34000000
Herbivores,0.4644276629570747,0.9903607142857143,35000000
Herbivores,0.4644276629570747,0.990361,36000000
Herbivores,0.4644276629570747,0.9903635675675676,37000000
Herbivores,0.4644276629570747,0.9903629210526316,38000000
Herbivores,0.4644276629570747,0.9903605128205129,39000000
Herbivores,0.4644276629570747,0.990363425,40000000
Herbivores,0.4644276629570747,0.9903616097560975,41000000
Herbivores,0.4644276629570747,0.9903589285714286,42000000
Herbivores,0.4644276629570747,0.9903586511627906,43000000
Herbivores,0.4644276629570747,0.9903594090909091,44000000
Herbivores,0.4644276629570747,0.9903603111111111,45000000
Herbivores,0.4644276629570747,0.9903606739130435,46000000
Herbivores,0.4644276629570747,0.990360829787234,47000000
Herbivores,0.4644276629570747,0.9903608958333333,48000000
Herbivores,0.4644276629570747,0.9903613877551021,49000000
Herbivores,0.4644276629570747,0.99035984,50000000
Herbivores,0.4644276629570747,0.9903593725490196,51000000
Herbivores,0.4644276629570747,0.9903605769230769,52000000
Herbivores,0.4644276629570747,0.9903594905660378,53000000
Herbivores,0.4644276629570747,0.9903591111111111,54000000
Herbivores,0.4644276629570747,0.9903595272727272,55000000
Herbivores,0.4644276629570747,0.9903595357142857,56000000
Herbivores,0.4644276629570747,0.990361649122807,57000000
Herbivores,0.4644276629570747,0.9903604655172413,58000000
Herbivores,0.4644276629570747,0.9903584576271186,59000000
Herbivores,0.4644276629570747,0.9903580666666667,60000000
Herbivores,0.4644276629570747,0.9903612622950819,61000000
Herbivores,0.4644276629570747,0.9903606290322581,62000000
Herbivores,0.4644276629570747,0.9903612380952381,63000000
Herbivores,0.4644276629570747,0.990363328125,64000000
Herbivores,0.4644276629570747,0.9903663384615384,65000000
Herbivores,0.4644276629570747,0.9903662575757576,66000000
Herbivores,0.4644276629570747,0.9903676268656716,67000000
Herbivores,0.4644276629570747,0.9903661911764706,68000000
Herbivores,0.4644276629570747,0.9903657391304348,69000000
Herbivores,0.4644276629570747,0.9903685428571428,70000000
Herbivores,0.4644276629570747,0.9903702957746479,71000000
Herbivores,0.4644276629570747,0.9903694583333333,72000000
Herbivores,0.4644276629570747,0.9903649178082192,73000000
Herbivores,0.4644276629570747,0.990364581081081,74000000
Herbivores,0.4644276629570747,0.9903650266666667,75000000
Herbivores,0.4644276629570747,0.9903625,76000000
Herbivores,0.4644276629570747,0.9903618311688311,77000000
Herbivores,0.4644276629570747,0.9903628974358974,78000000
Herbivores,0.4644276629570747,0.9903640379746835,79000000
Herbivores,0.4644276629570747,0.9903659,80000000
Herbivores,0.4644276629570747,0.9903675925925925,81000000
Herbivores,0.4644276629570747,0.990366487804878,82000000
Herbivores,0.4644276629570747,0.9903669879518072,83000000
Herbivores,0.4644276629570747,0.9903659166666666,84000000
Herbivores,0.4644276629570747,0.9903653882352941,85000000
Herbivores,0.4644276629570747,0.9903671395348838,86000000
Herbivores,0.4644276629570747,0.9903672873563218,87000000
Herbivores,0.4644276629570747,0.9903663181818182,88000000
Herbivores,0.4644276629570747,0.9903667078651686,89000000
Herbivores,0.4644276629570747,0.9903653888888889,90000000
Herbivores,0.4644276629570747,0.9903655604395605,91000000
Herbivores,0.4644276629570747,0.9903663152173913,92000000
Herbivores,0.4644276629570747,0.9903645913978495,93000000
Herbivores,0.4644276629570747,0.9903642340425531,94000000
Herbivores,0.4644276629570747,0.9903632,95000000
Herbivores,0.4644276629570747,0.99036178125,96000000
Herbivores,0.4644276629570747,0.9903616907216495,97000000
Herbivores,0.4644276629570747,0.9903619489795918,98000000
Herbivores,0.4644276629570747,0.9903627373737374,99000000
Herbivores,0.4644276629570747,0.9903624,100000000
