all,0.08328325123152708,0.000113,1000000
all,0.08328325123152708,0.000106,2000000
all,0.08328325123152708,0.00010733333333333333,3000000
all,0.08328325123152708,0.000107,4000000
all,0.08328325123152708,0.0001066,5000000
all,0.08328325123152708,0.00010516666666666667,6000000
all,0.08328325123152708,0.00010585714285714286,7000000
all,0.08328325123152708,0.0001035,8000000
all,0.08328325123152708,0.00010077777777777777,9000000
all,0.08328325123152708,0.0001014,10000000
all,0.08328325123152708,0.000102,11000000
all,0.08328325123152708,0.00010116666666666667,12000000
all,0.08328325123152708,0.00010061538461538461,13000000
all,0.08328325123152708,0.00010178571428571429,14000000
all,0.08328325123152708,0.00010153333333333334,15000000
all,0.08328325123152708,0.0001021875,16000000
all,0.08328325123152708,0.00010211764705882353,17000000
all,0.08328325123152708,0.00010188888888888888,18000000
all,0.08328325123152708,0.00010268421052631579,19000000
all,0.08328325123152708,0.00010235,20000000
all,0.08328325123152708,0.00010271428571428572,21000000
all,0.08328325123152708,0.00010327272727272727,22000000
all,0.08328325123152708,0.00010356521739130434,23000000
all,0.08328325123152708,0.00010425,24000000
all,0.08328325123152708,0.00010412,25000000
all,0.08328325123152708,0.00010376923076923077,26000000
all,0.08328325123152708,0.00010303703703703703,27000000
all,0.08328325123152708,0.00010346428571428571,28000000
all,0.08328325123152708,0.00010327586206896552,29000000
all,0.08328325123152708,0.000103,30000000
all,0.08328325123152708,0.00010303225806451613,31000000
all,0.08328325123152708,0.0001031875,32000000
all,0.08328325123152708,0.00010290909090909091,33000000
all,0.08328325123152708,0.00010238235294117647,34000000
all,0.08328325123152708,0.00010202857142857143,35000000
all,0.08328325123152708,0.00010238888888888888,36000000
all,0.08328325123152708,0.0001027027027027027,37000000
all,0.08328325123152708,0.00010276315789473684,38000000
all,0.08328325123152708,0.00010246153846153847,39000000
all,0.08328325123152708,0.000102525,40000000
all,0.08328325123152708,0.00010231707317073171,41000000
all,0.08328325123152708,0.00010202380952380953,42000000
all,0.08328325123152708,0.00010225581395348837,43000000
all,0.08328325123152708,0.00010227272727272727,44000000
all,0.08328325123152708,0.00010211111111111111,45000000
all,0.08328325123152708,0.00010197826086956521,46000000
all,0.08328325123152708,0.00010176595744680851,47000000
all,0.08328325123152708,0.00010210416666666667,48000000
all,0.08328325123152708,0.00010226530612244897,49000000
all,0.08328325123152708,0.00010204,50000000
all,0.08328325123152708,0.00010176470588235295,51000000
all,0.08328325123152708,0.00010167307692307692,52000000
all,0.08328325123152708,0.00010177358490566038,53000000
all,0.08328325123152708,0.00010185185185185185,54000000
all,0.08328325123152708,0.00010201818181818182,55000000
all,0.08328325123152708,0.00010180357142857143,56000000
all,0.08328325123152708,0.00010180701754385964,57000000
all,0.08328325123152708,0.00010148275862068965,58000000
all,0.08328325123152708,0.00010152542372881355,59000000
all,0.08328325123152708,0.00010173333333333333,60000000
all,0.08328325123152708,0.00010222950819672132,61000000
all,0.08328325123152708,0.00010209677419354839,62000000
all,0.08328325123152708,0.00010185714285714286,63000000
all,0.08328325123152708,0.00010184375,64000000
all,0.08328325123152708,0.00010178461538461539,65000000
all,0.08328325123152708,0.00010178787878787879,66000000
all,0.08328325123152708,0.00010183582089552239,67000000
all,0.08328325123152708,0.00010216176470588236,68000000
all,0.08328325123152708,0.00010191304347826087,69000000
all,0.08328325123152708,0.00010172857142857143,70000000
all,0.08328325123152708,0.00010188732394366197,71000000
all,0.08328325123152708,0.00010198611111111111,72000000
all,0.08328325123152708,0.00010189041095890412,73000000
all,0.08328325123152708,0.00010202702702702702,74000000
all,0.08328325123152708,0.00010212,75000000
all,0.08328325123152708,0.00010210526315789474,76000000
all,0.08328325123152708,0.00010211688311688311,77000000
all,0.08328325123152708,0.00010212820512820513,78000000
all,0.08328325123152708,0.00010231645569620253,79000000
all,0.08328325123152708,0.00010235,80000000
all,0.08328325123152708,0.00010235802469135802,81000000
all,0.08328325123152708,0.0001022560975609756,82000000
all,0.08328325123152708,0.0001023855421686747,83000000
all,0.08328325123152708,0.00010244047619047619,84000000
all,0.08328325123152708,0.00010258823529411765,85000000
all,0.08328325123152708,0.00010262790697674419,86000000
all,0.08328325123152708,0.0001025632183908046,87000000
all,0.08328325123152708,0.00010243181818181818,88000000
all,0.08328325123152708,0.00010232584269662921,89000000
all,0.08328325123152708,0.00010224444444444444,90000000
all,0.08328325123152708,0.00010227472527472528,91000000
all,0.08328325123152708,0.00010215217391304348,92000000
all,0.08328325123152708,0.00010226881720430107,93000000
all,0.08328325123152708,0.00010231914893617021,94000000
all,0.08328325123152708,0.0001023157894736842,95000000
all,0.08328325123152708,0.00010222916666666666,96000000
all,0.08328325123152708,0.0001021340206185567,97000000
all,0.08328325123152708,0.00010207142857142857,98000000
all,0.08328325123152708,0.00010207070707070707,99000000
all,0.08328325123152708,0.00010194,100000000
