Primary_Producers,0.8332029416366765,0.006584,1000000
Primary_Producers,0.8332029416366765,0.006567,2000000
Primary_Producers,0.8332029416366765,0.006577,3000000
Primary_Producers,0.8332029416366765,0.00656775,4000000
Primary_Producers,0.8332029416366765,0.0065648,5000000
Primary_Producers,0.8332029416366765,0.006569166666666667,6000000
Primary_Producers,0.8332029416366765,0.006561714285714285,7000000
Primary_Producers,0.8332029416366765,0.006559125,8000000
Primary_Producers,0.8332029416366765,0.006572222222222222,9000000
Primary_Producers,0.8332029416366765,0.0065677,10000000
Primary_Producers,0.8332029416366765,0.006570818181818182,11000000
Primary_Producers,0.8332029416366765,0.00657275,12000000
Primary_Producers,0.8332029416366765,0.006572846153846154,13000000
Primary_Producers,0.8332029416366765,0.006565214285714285,14000000
Primary_Producers,0.8332029416366765,0.0065664,15000000
Primary_Producers,0.8332029416366765,0.0065615625,16000000
Primary_Producers,0.8332029416366765,0.006565235294117647,17000000
Primary_Producers,0.8332029416366765,0.0065630555555555555,18000000
Primary_Producers,0.8332029416366765,0.006557421052631579,19000000
Primary_Producers,0.8332029416366765,0.00655455,20000000
Primary_Producers,0.8332029416366765,0.00655552380952381,21000000
Primary_Producers,0.8332029416366765,0.006555045454545455,22000000
Primary_Producers,0.8332029416366765,0.00656004347826087,23000000
Primary_Producers,0.8332029416366765,0.006566166666666666,24000000
Primary_Producers,0.8332029416366765,0.00656508,25000000
Primary_Producers,0.8332029416366765,0.006560153846153846,26000000
Primary_Producers,0.8332029416366765,0.006558703703703704,27000000
Primary_Producers,0.8332029416366765,0.0065595,28000000
Primary_Producers,0.8332029416366765,0.006562896551724138,29000000
Primary_Producers,0.8332029416366765,0.006561933333333333,30000000
Primary_Producers,0.8332029416366765,0.00656183870967742,31000000
Primary_Producers,0.8332029416366765,0.00655971875,32000000
Primary_Producers,0.8332029416366765,0.006560545454545454,33000000
Primary_Producers,0.8332029416366765,0.00656164705882353,34000000
Primary_Producers,0.8332029416366765,0.006560285714285715,35000000
Primary_Producers,0.8332029416366765,0.006563777777777778,36000000
Primary_Producers,0.8332029416366765,0.006563837837837838,37000000
Primary_Producers,0.8332029416366765,0.006565421052631579,38000000
Primary_Producers,0.8332029416366765,0.006564307692307692,39000000
Primary_Producers,0.8332029416366765,0.0065611,40000000
Primary_Producers,0.8332029416366765,0.006562707317073171,41000000
Primary_Producers,0.8332029416366765,0.006566071428571429,42000000
Primary_Producers,0.8332029416366765,0.006569232558139535,43000000
Primary_Producers,0.8332029416366765,0.0065685454545454545,44000000
Primary_Producers,0.8332029416366765,0.006567733333333333,45000000
Primary_Producers,0.8332029416366765,0.00656995652173913,46000000
Primary_Producers,0.8332029416366765,0.006565744680851064,47000000
Primary_Producers,0.8332029416366765,0.0065675,48000000
Primary_Producers,0.8332029416366765,0.006565510204081633,49000000
Primary_Producers,0.8332029416366765,0.00656618,50000000
Primary_Producers,0.8332029416366765,0.006570921568627451,51000000
Primary_Producers,0.8332029416366765,0.006570903846153846,52000000
Primary_Producers,0.8332029416366765,0.006570698113207547,53000000
Primary_Producers,0.8332029416366765,0.006568111111111111,54000000
Primary_Producers,0.8332029416366765,0.006568981818181818,55000000
Primary_Producers,0.8332029416366765,0.006565303571428572,56000000
Primary_Producers,0.8332029416366765,0.006562543859649122,57000000
Primary_Producers,0.8332029416366765,0.006563172413793104,58000000
Primary_Producers,0.8332029416366765,0.006563271186440678,59000000
Primary_Producers,0.8332029416366765,0.0065648,60000000
Primary_Producers,0.8332029416366765,0.006564409836065574,61000000
Primary_Producers,0.8332029416366765,0.0065651290322580646,62000000
Primary_Producers,0.8332029416366765,0.00656547619047619,63000000
Primary_Producers,0.8332029416366765,0.006564578125,64000000
Primary_Producers,0.8332029416366765,0.006562646153846154,65000000
Primary_Producers,0.8332029416366765,0.006562409090909091,66000000
Primary_Producers,0.8332029416366765,0.006564880597014926,67000000
Primary_Producers,0.8332029416366765,0.0065645,68000000
Primary_Producers,0.8332029416366765,0.00656472463768116,69000000
Primary_Producers,0.8332029416366765,0.006564,70000000
Primary_Producers,0.8332029416366765,0.006564619718309859,71000000
Primary_Producers,0.8332029416366765,0.006566041666666667,72000000
Primary_Producers,0.8332029416366765,0.006565835616438356,73000000
Primary_Producers,0.8332029416366765,0.00656472972972973,74000000
Primary_Producers,0.8332029416366765,0.0065659866666666665,75000000
Primary_Producers,0.8332029416366765,0.006565026315789473,76000000
Primary_Producers,0.8332029416366765,0.006565116883116883,77000000
Primary_Producers,0.8332029416366765,0.006565705128205129,78000000
Primary_Producers,0.8332029416366765,0.006564835443037975,79000000
Primary_Producers,0.8332029416366765,0.006565775,80000000
Primary_Producers,0.8332029416366765,0.006564197530864197,81000000
Primary_Producers,0.8332029416366765,0.006564439024390244,82000000
Primary_Producers,0.8332029416366765,0.0065659397590361445,83000000
Primary_Producers,0.8332029416366765,0.006566285714285715,84000000
Primary_Producers,0.8332029416366765,0.006564647058823529,85000000
Primary_Producers,0.8332029416366765,0.0065653023255813955,86000000
Primary_Producers,0.8332029416366765,0.006565885057471264,87000000
Primary_Producers,0.8332029416366765,0.006565875,88000000
Primary_Producers,0.8332029416366765,0.006566932584269663,89000000
Primary_Producers,0.8332029416366765,0.006567088888888889,90000000
Primary_Producers,0.8332029416366765,0.006566527472527473,91000000
Primary_Producers,0.8332029416366765,0.006565782608695652,92000000
Primary_Producers,0.8332029416366765,0.006566096774193548,93000000
Primary_Producers,0.8332029416366765,0.006566308510638298,94000000
Primary_Producers,0.8332029416366765,0.006566884210526315,95000000
Primary_Producers,0.8332029416366765,0.0065677708333333334,96000000
Primary_Producers,0.8332029416366765,0.006568536082474227,97000000
Primary_Producers,0.8332029416366765,0.006568908163265306,98000000
Primary_Producers,0.8332029416366765,0.00656879797979798,99000000
Primary_Producers,0.8332029416366765,0.00656924,100000000
