Primary_Producers,0.584753787878788,0.038787,1000000
Primary_Producers,0.584753787878788,0.0387295,2000000
Primary_Producers,0.584753787878788,0.03893233333333333,3000000
Primary_Producers,0.584753787878788,0.038947,4000000
Primary_Producers,0.584753787878788,0.0388976,5000000
Primary_Producers,0.584753787878788,0.03892933333333334,6000000
Primary_Producers,0.584753787878788,0.03892742857142857,7000000
Primary_Producers,0.584753787878788,0.038935125,8000000
Primary_Producers,0.584753787878788,0.038919666666666665,9000000
Primary_Producers,0.584753787878788,0.0389461,10000000
Primary_Producers,0.584753787878788,0.03893981818181818,11000000
Primary_Producers,0.584753787878788,0.038942333333333336,12000000
Primary_Producers,0.584753787878788,0.03897676923076923,13000000
Primary_Producers,0.584753787878788,0.03900228571428571,14000000
Primary_Producers,0.584753787878788,0.038996666666666666,15000000
Primary_Producers,0.584753787878788,0.038995,16000000
Primary_Producers,0.584753787878788,0.039001,17000000
Primary_Producers,0.584753787878788,0.039004333333333335,18000000
Primary_Producers,0.584753787878788,0.039015,19000000
Primary_Producers,0.584753787878788,0.0390144,20000000
Primary_Producers,0.584753787878788,0.03901195238095238,21000000
Primary_Producers,0.584753787878788,0.03901890909090909,22000000
Primary_Producers,0.584753787878788,0.03901373913043478,23000000
Primary_Producers,0.584753787878788,0.039000791666666666,24000000
Primary_Producers,0.584753787878788,0.03900208,25000000
Primary_Producers,0.584753787878788,0.03899580769230769,26000000
Primary_Producers,0.584753787878788,0.039000925925925925,27000000
Primary_Producers,0.584753787878788,0.039001714285714285,28000000
Primary_Producers,0.584753787878788,0.03901127586206896,29000000
Primary_Producers,0.584753787878788,0.0390013,30000000
Primary_Producers,0.584753787878788,0.038997451612903224,31000000
Primary_Producers,0.584753787878788,0.03898971875,32000000
Primary_Producers,0.584753787878788,0.03898881818181818,33000000
Primary_Producers,0.584753787878788,0.03899055882352941,34000000
Primary_Producers,0.584753787878788,0.03898128571428571,35000000
Primary_Producers,0.584753787878788,0.03897436111111111,36000000
Primary_Producers,0.584753787878788,0.03897743243243243,37000000
Primary_Producers,0.584753787878788,0.03897884210526316,38000000
Primary_Producers,0.584753787878788,0.03897464102564103,39000000
Primary_Producers,0.584753787878788,0.038978175,40000000
Primary_Producers,0.584753787878788,0.038983146341463416,41000000
Primary_Producers,0.584753787878788,0.03898133333333333,42000000
Primary_Producers,0.584753787878788,0.038974372093023256,43000000
Primary_Producers,0.584753787878788,0.03898252272727273,44000000
Primary_Producers,0.584753787878788,0.03897857777777778,45000000
Primary_Producers,0.584753787878788,0.03897893478260869,46000000
Primary_Producers,0.584753787878788,0.03897636170212766,47000000
Primary_Producers,0.584753787878788,0.03897045833333333,48000000
Primary_Producers,0.584753787878788,0.03896738775510204,49000000
Primary_Producers,0.584753787878788,0.03896568,50000000
Primary_Producers,0.584753787878788,0.03896811764705883,51000000
Primary_Producers,0.584753787878788,0.038972230769230766,52000000
Primary_Producers,0.584753787878788,0.03897443396226415,53000000
Primary_Producers,0.584753787878788,0.038974666666666664,54000000
Primary_Producers,0.584753787878788,0.03897590909090909,55000000
Primary_Producers,0.584753787878788,0.038975892857142855,56000000
Primary_Producers,0.584753787878788,0.038975578947368424,57000000
Primary_Producers,0.584753787878788,0.03897696551724138,58000000
Primary_Producers,0.584753787878788,0.038981745762711864,59000000
Primary_Producers,0.584753787878788,0.0389766,60000000
Primary_Producers,0.584753787878788,0.03897868852459017,61000000
Primary_Producers,0.584753787878788,0.038978209677419356,62000000
Primary_Producers,0.584753787878788,0.03897969841269841,63000000
Primary_Producers,0.584753787878788,0.038978921875,64000000
Primary_Producers,0.584753787878788,0.03897486153846154,65000000
Primary_Producers,0.584753787878788,0.03897365151515152,66000000
Primary_Producers,0.584753787878788,0.03897435820895522,67000000
Primary_Producers,0.584753787878788,0.038971558823529415,68000000
Primary_Producers,0.584753787878788,0.03897240579710145,69000000
Primary_Producers,0.584753787878788,0.038972014285714285,70000000
Primary_Producers,0.584753787878788,0.03896939436619718,71000000
Primary_Producers,0.584753787878788,0.03896723611111111,72000000
Primary_Producers,0.584753787878788,0.038965602739726025,73000000
Primary_Producers,0.584753787878788,0.038971081081081084,74000000
Primary_Producers,0.584753787878788,0.038965266666666665,75000000
Primary_Producers,0.584753787878788,0.03896553947368421,76000000
Primary_Producers,0.584753787878788,0.03896420779220779,77000000
Primary_Producers,0.584753787878788,0.03896537179487179,78000000
Primary_Producers,0.584753787878788,0.03895913924050633,79000000
Primary_Producers,0.584753787878788,0.0389630125,80000000
Primary_Producers,0.584753787878788,0.038967617283950616,81000000
Primary_Producers,0.584753787878788,0.03897017073170732,82000000
Primary_Producers,0.584753787878788,0.03897119277108434,83000000
Primary_Producers,0.584753787878788,0.03897146428571428,84000000
Primary_Producers,0.584753787878788,0.038973,85000000
Primary_Producers,0.584753787878788,0.03897543023255814,86000000
Primary_Producers,0.584753787878788,0.038974632183908044,87000000
Primary_Producers,0.584753787878788,0.03897890909090909,88000000
Primary_Producers,0.584753787878788,0.038978224719101125,89000000
Primary_Producers,0.584753787878788,0.03897713333333333,90000000
Primary_Producers,0.584753787878788,0.03897973626373626,91000000
Primary_Producers,0.584753787878788,0.038980445652173915,92000000
Primary_Producers,0.584753787878788,0.03897931182795699,93000000
Primary_Producers,0.584753787878788,0.03898034042553192,94000000
Primary_Producers,0.584753787878788,0.03898178947368421,95000000
Primary_Producers,0.584753787878788,0.03898002083333333,96000000
Primary_Producers,0.584753787878788,0.03897977319587629,97000000
Primary_Producers,0.584753787878788,0.038981948979591834,98000000
Primary_Producers,0.584753787878788,0.0389800101010101,99000000
Primary_Producers,0.584753787878788,0.03897817,100000000
