Parasites,0.2596666666666667,0.859184,1000000
Parasites,0.2596666666666667,0.8592375,2000000
Parasites,0.2596666666666667,0.859151,3000000
Parasites,0.2596666666666667,0.859238,4000000
Parasites,0.2596666666666667,0.8592156,5000000
Parasites,0.2596666666666667,0.859154,6000000
Parasites,0.2596666666666667,0.8591907142857143,7000000
Parasites,0.2596666666666667,0.85915625,8000000
Parasites,0.2596666666666667,0.8591313333333334,9000000
Parasites,0.2596666666666667,0.859077,10000000
Parasites,0.2596666666666667,0.8590811818181818,11000000
Parasites,0.2596666666666667,0.8590594166666666,12000000
Parasites,0.2596666666666667,0.859008,13000000
Parasites,0.2596666666666667,0.8589888571428571,14000000
Parasites,0.2596666666666667,0.8589769333333334,15000000
Parasites,0.2596666666666667,0.8589715,16000000
Parasites,0.2596666666666667,0.8589362352941177,17000000
Parasites,0.2596666666666667,0.8589288333333334,18000000
Parasites,0.2596666666666667,0.858934,19000000
Parasites,0.2596666666666667,0.8589725,20000000
Parasites,0.2596666666666667,0.8589890952380952,21000000
Parasites,0.2596666666666667,0.8590037727272727,22000000
Parasites,0.2596666666666667,0.8589837826086957,23000000
Parasites,0.2596666666666667,0.8589637083333334,24000000
Parasites,0.2596666666666667,0.85894932,25000000
Parasites,0.2596666666666667,0.8589427307692308,26000000
Parasites,0.2596666666666667,0.8589547407407407,27000000
Parasites,0.2596666666666667,0.8589538571428571,28000000
Parasites,0.2596666666666667,0.8589664482758621,29000000
Parasites,0.2596666666666667,0.8589776666666666,30000000
Parasites,0.2596666666666667,0.8589637419354839,31000000
Parasites,0.2596666666666667,0.85898390625,32000000
Parasites,0.2596666666666667,0.8589724848484849,33000000
Parasites,0.2596666666666667,0.8589713235294117,34000000
Parasites,0.2596666666666667,0.8589791428571428,35000000
Parasites,0.2596666666666667,0.8589713888888889,36000000
Parasites,0.2596666666666667,0.8589559459459459,37000000
Parasites,0.2596666666666667,0.8589496578947369,38000000
Parasites,0.2596666666666667,0.8589496666666666,39000000
Parasites,0.2596666666666667,0.858951525,40000000
Parasites,0.2596666666666667,0.8589488292682926,41000000
Parasites,0.2596666666666667,0.8589423095238096,42000000
Parasites,0.2596666666666667,0.8589423023255814,43000000
Parasites,0.2596666666666667,0.85893825,44000000
Parasites,0.2596666666666667,0.8589404444444444,45000000
Parasites,0.2596666666666667,0.8589397608695652,46000000
Parasites,0.2596666666666667,0.8589460212765957,47000000
Parasites,0.2596666666666667,0.8589343958333333,48000000
Parasites,0.2596666666666667,0.8589323877551021,49000000
Parasites,0.2596666666666667,0.85893472,50000000
Parasites,0.2596666666666667,0.8589347254901961,51000000
Parasites,0.2596666666666667,0.8589375961538461,52000000
Parasites,0.2596666666666667,0.8589287358490566,53000000
Parasites,0.2596666666666667,0.8589220555555556,54000000
Parasites,0.2596666666666667,0.8589324727272727,55000000
Parasites,0.2596666666666667,0.8589256785714285,56000000
Parasites,0.2596666666666667,0.8589304035087719,57000000
Parasites,0.2596666666666667,0.8589317931034482,58000000
Parasites,0.2596666666666667,0.8589342033898305,59000000
Parasites,0.2596666666666667,0.8589304333333333,60000000
Parasites,0.2596666666666667,0.8589282131147541,61000000
Parasites,0.2596666666666667,0.8589277419354838,62000000
Parasites,0.2596666666666667,0.8589331746031746,63000000
Parasites,0.2596666666666667,0.858933671875,64000000
Parasites,0.2596666666666667,0.8589374,65000000
Parasites,0.2596666666666667,0.8589400606060607,66000000
Parasites,0.2596666666666667,0.858927552238806,67000000
Parasites,0.2596666666666667,0.858929044117647,68000000
Parasites,0.2596666666666667,0.8589273188405797,69000000
Parasites,0.2596666666666667,0.8589239285714285,70000000
Parasites,0.2596666666666667,0.8589338309859155,71000000
Parasites,0.2596666666666667,0.8589326388888889,72000000
Parasites,0.2596666666666667,0.858931095890411,73000000
Parasites,0.2596666666666667,0.8589428648648648,74000000
Parasites,0.2596666666666667,0.85894196,75000000
Parasites,0.2596666666666667,0.8589442763157895,76000000
Parasites,0.2596666666666667,0.8589436363636364,77000000
Parasites,0.2596666666666667,0.8589483461538462,78000000
Parasites,0.2596666666666667,0.858954417721519,79000000
Parasites,0.2596666666666667,0.8589525375,80000000
Parasites,0.2596666666666667,0.8589476172839506,81000000
Parasites,0.2596666666666667,0.858944768292683,82000000
Parasites,0.2596666666666667,0.8589426144578314,83000000
Parasites,0.2596666666666667,0.8589382976190476,84000000
Parasites,0.2596666666666667,0.8589342352941176,85000000
Parasites,0.2596666666666667,0.8589325,86000000
Parasites,0.2596666666666667,0.8589406781609196,87000000
Parasites,0.2596666666666667,0.8589404545454545,88000000
Parasites,0.2596666666666667,0.8589377752808989,89000000
Parasites,0.2596666666666667,0.8589328,90000000
Parasites,0.2596666666666667,0.8589283846153846,91000000
Parasites,0.2596666666666667,0.8589232391304348,92000000
Parasites,0.2596666666666667,0.8589230107526882,93000000
Parasites,0.2596666666666667,0.8589197021276596,94000000
Parasites,0.2596666666666667,0.8589150947368421,95000000
Parasites,0.2596666666666667,0.8589176041666666,96000000
Parasites,0.2596666666666667,0.8589208865979382,97000000
Parasites,0.2596666666666667,0.8589132346938776,98000000
Parasites,0.2596666666666667,0.8589135454545455,99000000
Parasites,0.2596666666666667,0.85891863,100000000
