all,0.11998870056497175,0.000785,1000000
all,0.11998870056497175,0.0007585,2000000
all,0.11998870056497175,0.000753,3000000
all,0.11998870056497175,0.00076025,4000000
all,0.11998870056497175,0.0007782,5000000
all,0.11998870056497175,0.000773,6000000
all,0.11998870056497175,0.0007792857142857142,7000000
all,0.11998870056497175,0.00078225,8000000
all,0.11998870056497175,0.0007813333333333333,9000000
all,0.11998870056497175,0.0007796,10000000
all,0.11998870056497175,0.0007812727272727272,11000000
all,0.11998870056497175,0.0007818333333333334,12000000
all,0.11998870056497175,0.0007847692307692308,13000000
all,0.11998870056497175,0.0007817857142857142,14000000
all,0.11998870056497175,0.0007798666666666667,15000000
all,0.11998870056497175,0.0007800625,16000000
all,0.11998870056497175,0.0007784705882352941,17000000
all,0.11998870056497175,0.0007791111111111111,18000000
all,0.11998870056497175,0.0007795789473684211,19000000
all,0.11998870056497175,0.00077915,20000000
all,0.11998870056497175,0.0007791428571428572,21000000
all,0.11998870056497175,0.0007798636363636364,22000000
all,0.11998870056497175,0.0007819565217391304,23000000
all,0.11998870056497175,0.0007811666666666667,24000000
all,0.11998870056497175,0.00078228,25000000
all,0.11998870056497175,0.0007813076923076923,26000000
all,0.11998870056497175,0.0007805555555555556,27000000
all,0.11998870056497175,0.0007811071428571429,28000000
all,0.11998870056497175,0.0007802413793103448,29000000
all,0.11998870056497175,0.0007789333333333334,30000000
all,0.11998870056497175,0.0007791935483870968,31000000
all,0.11998870056497175,0.00077865625,32000000
all,0.11998870056497175,0.0007776666666666666,33000000
all,0.11998870056497175,0.0007767941176470588,34000000
all,0.11998870056497175,0.0007756571428571429,35000000
all,0.11998870056497175,0.00077525,36000000
all,0.11998870056497175,0.0007755135135135135,37000000
all,0.11998870056497175,0.0007750526315789474,38000000
all,0.11998870056497175,0.0007754871794871795,39000000
all,0.11998870056497175,0.000776125,40000000
all,0.11998870056497175,0.0007751463414634146,41000000
all,0.11998870056497175,0.000773547619047619,42000000
all,0.11998870056497175,0.0007733720930232558,43000000
all,0.11998870056497175,0.0007734772727272727,44000000
all,0.11998870056497175,0.0007740222222222223,45000000
all,0.11998870056497175,0.0007743043478260869,46000000
all,0.11998870056497175,0.0007733617021276596,47000000
all,0.11998870056497175,0.0007727708333333333,48000000
all,0.11998870056497175,0.0007734081632653062,49000000
all,0.11998870056497175,0.00077318,50000000
all,0.11998870056497175,0.0007720980392156863,51000000
all,0.11998870056497175,0.0007719423076923077,52000000
all,0.11998870056497175,0.0007719811320754717,53000000
all,0.11998870056497175,0.0007724444444444444,54000000
all,0.11998870056497175,0.0007726909090909091,55000000
all,0.11998870056497175,0.0007724107142857143,56000000
all,0.11998870056497175,0.000771859649122807,57000000
all,0.11998870056497175,0.0007725862068965518,58000000
all,0.11998870056497175,0.0007735423728813559,59000000
all,0.11998870056497175,0.0007736166666666666,60000000
all,0.11998870056497175,0.000773672131147541,61000000
all,0.11998870056497175,0.0007733225806451613,62000000
all,0.11998870056497175,0.0007738412698412698,63000000
all,0.11998870056497175,0.000773578125,64000000
all,0.11998870056497175,0.0007743384615384615,65000000
all,0.11998870056497175,0.0007746818181818181,66000000
all,0.11998870056497175,0.000775865671641791,67000000
all,0.11998870056497175,0.0007761029411764706,68000000
all,0.11998870056497175,0.0007766811594202899,69000000
all,0.11998870056497175,0.0007770142857142857,70000000
all,0.11998870056497175,0.0007766901408450704,71000000
all,0.11998870056497175,0.0007763472222222222,72000000
all,0.11998870056497175,0.0007763698630136987,73000000
all,0.11998870056497175,0.000776445945945946,74000000
all,0.11998870056497175,0.0007767066666666667,75000000
all,0.11998870056497175,0.000776828947368421,76000000
all,0.11998870056497175,0.0007764935064935065,77000000
all,0.11998870056497175,0.0007772692307692308,78000000
all,0.11998870056497175,0.0007771898734177216,79000000
all,0.11998870056497175,0.000776775,80000000
all,0.11998870056497175,0.0007768271604938271,81000000
all,0.11998870056497175,0.0007762926829268293,82000000
all,0.11998870056497175,0.0007760963855421687,83000000
all,0.11998870056497175,0.0007758333333333333,84000000
all,0.11998870056497175,0.0007759176470588235,85000000
all,0.11998870056497175,0.0007757906976744186,86000000
all,0.11998870056497175,0.0007755402298850575,87000000
all,0.11998870056497175,0.0007752840909090909,88000000
all,0.11998870056497175,0.000775123595505618,89000000
all,0.11998870056497175,0.0007750666666666667,90000000
all,0.11998870056497175,0.0007750659340659341,91000000
all,0.11998870056497175,0.00077475,92000000
all,0.11998870056497175,0.0007745591397849463,93000000
all,0.11998870056497175,0.0007747446808510638,94000000
all,0.11998870056497175,0.0007746631578947369,95000000
all,0.11998870056497175,0.0007750104166666667,96000000
all,0.11998870056497175,0.0007751340206185567,97000000
all,0.11998870056497175,0.0007753265306122449,98000000
all,0.11998870056497175,0.0007756363636363637,99000000
all,0.11998870056497175,0.00077549,100000000
