Consumers,0.3312429378531074,0.0,1000000
Consumers,0.3312429378531074,0.0,2000000
Consumers,0.3312429378531074,3.3333333333333335e-7,3000000
Consumers,0.3312429378531074,2.5e-7,4000000
Consumers,0.3312429378531074,2.0e-7,5000000
Consumers,0.3312429378531074,5.0e-7,6000000
Consumers,0.3312429378531074,4.2857142857142857e-7,7000000
Consumers,0.3312429378531074,5.0e-7,8000000
Consumers,0.3312429378531074,5.555555555555555e-7,9000000
Consumers,0.3312429378531074,6.0e-7,10000000
Consumers,0.3312429378531074,6.363636363636364e-7,11000000
Consumers,0.3312429378531074,5.833333333333333e-7,12000000
Consumers,0.3312429378531074,5.384615384615384e-7,13000000
Consumers,0.3312429378531074,5.714285714285714e-7,14000000
Consumers,0.3312429378531074,6.666666666666667e-7,15000000
Consumers,0.3312429378531074,6.875e-7,16000000
Consumers,0.3312429378531074,6.470588235294117e-7,17000000
Consumers,0.3312429378531074,7.222222222222222e-7,18000000
Consumers,0.3312429378531074,6.842105263157895e-7,19000000
Consumers,0.3312429378531074,7.0e-7,20000000
Consumers,0.3312429378531074,6.666666666666667e-7,21000000
Consumers,0.3312429378531074,6.818181818181818e-7,22000000
Consumers,0.3312429378531074,6.521739130434783e-7,23000000
Consumers,0.3312429378531074,6.25e-7,24000000
Consumers,0.3312429378531074,6.0e-7,25000000
Consumers,0.3312429378531074,6.153846153846154e-7,26000000
Consumers,0.3312429378531074,6.666666666666667e-7,27000000
Consumers,0.3312429378531074,7.142857142857143e-7,28000000
Consumers,0.3312429378531074,7.586206896551724e-7,29000000
Consumers,0.3312429378531074,7.666666666666667e-7,30000000
Consumers,0.3312429378531074,7.419354838709678e-7,31000000
Consumers,0.3312429378531074,7.1875e-7,32000000
Consumers,0.3312429378531074,7.575757575757576e-7,33000000
Consumers,0.3312429378531074,7.352941176470589e-7,34000000
Consumers,0.3312429378531074,7.142857142857143e-7,35000000
Consumers,0.3312429378531074,7.222222222222222e-7,36000000
Consumers,0.3312429378531074,7.027027027027027e-7,37000000
Consumers,0.3312429378531074,6.842105263157895e-7,38000000
Consumers,0.3312429378531074,6.666666666666667e-7,39000000
Consumers,0.3312429378531074,6.75e-7,40000000
Consumers,0.3312429378531074,6.829268292682927e-7,41000000
Consumers,0.3312429378531074,6.666666666666667e-7,42000000
Consumers,0.3312429378531074,6.744186046511628e-7,43000000
Consumers,0.3312429378531074,6.590909090909091e-7,44000000
Consumers,0.3312429378531074,6.444444444444444e-7,45000000
Consumers,0.3312429378531074,6.304347826086957e-7,46000000
Consumers,0.3312429378531074,6.170212765957447e-7,47000000
Consumers,0.3312429378531074,6.25e-7,48000000
Consumers,0.3312429378531074,6.122448979591837e-7,49000000
Consumers,0.3312429378531074,6.0e-7,50000000
Consumers,0.3312429378531074,6.07843137254902e-7,51000000
Consumers,0.3312429378531074,5.961538461538461e-7,52000000
Consumers,0.3312429378531074,6.037735849056604e-7,53000000
Consumers,0.3312429378531074,6.111111111111111e-7,54000000
Consumers,0.3312429378531074,6.0e-7,55000000
Consumers,0.3312429378531074,5.892857142857142e-7,56000000
Consumers,0.3312429378531074,5.789473684210526e-7,57000000
Consumers,0.3312429378531074,5.689655172413793e-7,58000000
Consumers,0.3312429378531074,5.593220338983051e-7,59000000
Consumers,0.3312429378531074,5.666666666666667e-7,60000000
Consumers,0.3312429378531074,5.573770491803278e-7,61000000
Consumers,0.3312429378531074,5.483870967741935e-7,62000000
Consumers,0.3312429378531074,5.396825396825396e-7,63000000
Consumers,0.3312429378531074,5.625e-7,64000000
Consumers,0.3312429378531074,5.692307692307693e-7,65000000
Consumers,0.3312429378531074,5.606060606060606e-7,66000000
Consumers,0.3312429378531074,5.522388059701492e-7,67000000
Consumers,0.3312429378531074,5.441176470588235e-7,68000000
Consumers,0.3312429378531074,5.36231884057971e-7,69000000
Consumers,0.3312429378531074,5.285714285714286e-7,70000000
Consumers,0.3312429378531074,5.211267605633803e-7,71000000
Consumers,0.3312429378531074,5.138888888888889e-7,72000000
Consumers,0.3312429378531074,5.068493150684931e-7,73000000
Consumers,0.3312429378531074,5.0e-7,74000000
Consumers,0.3312429378531074,5.066666666666667e-7,75000000
Consumers,0.3312429378531074,5.0e-7,76000000
Consumers,0.3312429378531074,4.935064935064935e-7,77000000
Consumers,0.3312429378531074,5.128205128205128e-7,78000000
Consumers,0.3312429378531074,5.063291139240507e-7,79000000
Consumers,0.3312429378531074,5.0e-7,80000000
Consumers,0.3312429378531074,4.938271604938272e-7,81000000
Consumers,0.3312429378531074,5.121951219512195e-7,82000000
Consumers,0.3312429378531074,5.060240963855421e-7,83000000
Consumers,0.3312429378531074,5.0e-7,84000000
Consumers,0.3312429378531074,4.941176470588235e-7,85000000
Consumers,0.3312429378531074,4.883720930232559e-7,86000000
Consumers,0.3312429378531074,4.827586206896552e-7,87000000
Consumers,0.3312429378531074,4.886363636363636e-7,88000000
Consumers,0.3312429378531074,4.831460674157303e-7,89000000
Consumers,0.3312429378531074,4.888888888888889e-7,90000000
Consumers,0.3312429378531074,4.835164835164835e-7,91000000
Consumers,0.3312429378531074,4.891304347826087e-7,92000000
Consumers,0.3312429378531074,4.838709677419355e-7,93000000
Consumers,0.3312429378531074,4.893617021276595e-7,94000000
Consumers,0.3312429378531074,4.842105263157895e-7,95000000
Consumers,0.3312429378531074,4.791666666666667e-7,96000000
Consumers,0.3312429378531074,4.7422680412371136e-7,97000000
Consumers,0.3312429378531074,4.795918367346939e-7,98000000
Consumers,0.3312429378531074,4.7474747474747474e-7,99000000
Consumers,0.3312429378531074,4.7e-7,100000000
