all,0.24561403508771928,0.000326,1000000
all,0.24561403508771928,0.000315,2000000
all,0.24561403508771928,0.000311,3000000
all,0.24561403508771928,0.00030475,4000000
all,0.24561403508771928,0.0003042,5000000
all,0.24561403508771928,0.0003045,6000000
all,0.24561403508771928,0.0003042857142857143,7000000
all,0.24561403508771928,0.000307,8000000
all,0.24561403508771928,0.00030333333333333335,9000000
all,0.24561403508771928,0.0003034,10000000
all,0.24561403508771928,0.0003009090909090909,11000000
all,0.24561403508771928,0.0002989166666666667,12000000
all,0.24561403508771928,0.0002996153846153846,13000000
all,0.24561403508771928,0.000301,14000000
all,0.24561403508771928,0.0003006666666666667,15000000
all,0.24561403508771928,0.0003013125,16000000
all,0.24561403508771928,0.00030011764705882354,17000000
all,0.24561403508771928,0.0003005,18000000
all,0.24561403508771928,0.0002988421052631579,19000000
all,0.24561403508771928,0.0002996,20000000
all,0.24561403508771928,0.00030080952380952383,21000000
all,0.24561403508771928,0.0003020454545454545,22000000
all,0.24561403508771928,0.0003041304347826087,23000000
all,0.24561403508771928,0.00030483333333333333,24000000
all,0.24561403508771928,0.00030408,25000000
all,0.24561403508771928,0.0003043076923076923,26000000
all,0.24561403508771928,0.00030522222222222224,27000000
all,0.24561403508771928,0.00030664285714285716,28000000
all,0.24561403508771928,0.000306,29000000
all,0.24561403508771928,0.0003060333333333333,30000000
all,0.24561403508771928,0.0003067741935483871,31000000
all,0.24561403508771928,0.00030646875,32000000
all,0.24561403508771928,0.00030593939393939394,33000000
all,0.24561403508771928,0.0003047941176470588,34000000
all,0.24561403508771928,0.00030508571428571426,35000000
all,0.24561403508771928,0.0003041388888888889,36000000
all,0.24561403508771928,0.00030372972972972975,37000000
all,0.24561403508771928,0.0003035,38000000
all,0.24561403508771928,0.00030284615384615387,39000000
all,0.24561403508771928,0.000301825,40000000
all,0.24561403508771928,0.0003013658536585366,41000000
all,0.24561403508771928,0.00030126190476190476,42000000
all,0.24561403508771928,0.00030113953488372094,43000000
all,0.24561403508771928,0.0003010681818181818,44000000
all,0.24561403508771928,0.00030137777777777775,45000000
all,0.24561403508771928,0.00030152173913043477,46000000
all,0.24561403508771928,0.00030108510638297874,47000000
all,0.24561403508771928,0.0003010625,48000000
all,0.24561403508771928,0.00030122448979591834,49000000
all,0.24561403508771928,0.00030146,50000000
all,0.24561403508771928,0.00030117647058823527,51000000
all,0.24561403508771928,0.00030165384615384613,52000000
all,0.24561403508771928,0.00030173584905660375,53000000
all,0.24561403508771928,0.00030133333333333336,54000000
all,0.24561403508771928,0.0003015818181818182,55000000
all,0.24561403508771928,0.00030139285714285717,56000000
all,0.24561403508771928,0.0003015614035087719,57000000
all,0.24561403508771928,0.0003014655172413793,58000000
all,0.24561403508771928,0.00030135593220338984,59000000
all,0.24561403508771928,0.00030123333333333336,60000000
all,0.24561403508771928,0.0003012950819672131,61000000
all,0.24561403508771928,0.0003018548387096774,62000000
all,0.24561403508771928,0.0003018571428571429,63000000
all,0.24561403508771928,0.000301578125,64000000
all,0.24561403508771928,0.00030106153846153847,65000000
all,0.24561403508771928,0.00030124242424242424,66000000
all,0.24561403508771928,0.0003013134328358209,67000000
all,0.24561403508771928,0.00030136764705882354,68000000
all,0.24561403508771928,0.00030142028985507245,69000000
all,0.24561403508771928,0.0003016285714285714,70000000
all,0.24561403508771928,0.00030159154929577464,71000000
all,0.24561403508771928,0.00030131944444444444,72000000
all,0.24561403508771928,0.0003016712328767123,73000000
all,0.24561403508771928,0.00030194594594594595,74000000
all,0.24561403508771928,0.00030185333333333336,75000000
all,0.24561403508771928,0.00030188157894736844,76000000
all,0.24561403508771928,0.00030224675324675327,77000000
all,0.24561403508771928,0.0003024230769230769,78000000
all,0.24561403508771928,0.00030224050632911395,79000000
all,0.24561403508771928,0.00030225,80000000
all,0.24561403508771928,0.0003021975308641975,81000000
all,0.24561403508771928,0.0003022439024390244,82000000
all,0.24561403508771928,0.0003020481927710843,83000000
all,0.24561403508771928,0.0003020952380952381,84000000
all,0.24561403508771928,0.0003024470588235294,85000000
all,0.24561403508771928,0.0003022093023255814,86000000
all,0.24561403508771928,0.00030226436781609193,87000000
all,0.24561403508771928,0.0003024659090909091,88000000
all,0.24561403508771928,0.00030247191011235956,89000000
all,0.24561403508771928,0.00030243333333333333,90000000
all,0.24561403508771928,0.0003027252747252747,91000000
all,0.24561403508771928,0.0003026413043478261,92000000
all,0.24561403508771928,0.0003027311827956989,93000000
all,0.24561403508771928,0.00030296808510638296,94000000
all,0.24561403508771928,0.00030266315789473683,95000000
all,0.24561403508771928,0.0003024895833333333,96000000
all,0.24561403508771928,0.0003026185567010309,97000000
all,0.24561403508771928,0.0003026530612244898,98000000
all,0.24561403508771928,0.0003028888888888889,99000000
all,0.24561403508771928,0.00030291,100000000
