Primary_Producers,0.8263333333333334,0.007747,1000000
Primary_Producers,0.8263333333333334,0.007762,2000000
Primary_Producers,0.8263333333333334,0.007754666666666667,3000000
Primary_Producers,0.8263333333333334,0.00773375,4000000
Primary_Producers,0.8263333333333334,0.0076908,5000000
Primary_Producers,0.8263333333333334,0.0077,6000000
Primary_Producers,0.8263333333333334,0.007694285714285714,7000000
Primary_Producers,0.8263333333333334,0.007686375,8000000
Primary_Producers,0.8263333333333334,0.007697111111111111,9000000
Primary_Producers,0.8263333333333334,0.0076909,10000000
Primary_Producers,0.8263333333333334,0.007693545454545455,11000000
Primary_Producers,0.8263333333333334,0.007687416666666667,12000000
Primary_Producers,0.8263333333333334,0.007696538461538461,13000000
Primary_Producers,0.8263333333333334,0.0076873571428571425,14000000
Primary_Producers,0.8263333333333334,0.0076878,15000000
Primary_Producers,0.8263333333333334,0.0076889375,16000000
Primary_Producers,0.8263333333333334,0.007680294117647059,17000000
Primary_Producers,0.8263333333333334,0.007685611111111111,18000000
Primary_Producers,0.8263333333333334,0.00768221052631579,19000000
Primary_Producers,0.8263333333333334,0.0076807,20000000
Primary_Producers,0.8263333333333334,0.007679380952380952,21000000
Primary_Producers,0.8263333333333334,0.007684954545454545,22000000
Primary_Producers,0.8263333333333334,0.007682478260869565,23000000
Primary_Producers,0.8263333333333334,0.007680541666666666,24000000
Primary_Producers,0.8263333333333334,0.00768432,25000000
Primary_Producers,0.8263333333333334,0.007684769230769231,26000000
Primary_Producers,0.8263333333333334,0.007687111111111111,27000000
Primary_Producers,0.8263333333333334,0.007687642857142857,28000000
Primary_Producers,0.8263333333333334,0.007686413793103448,29000000
Primary_Producers,0.8263333333333334,0.0076861333333333335,30000000
Primary_Producers,0.8263333333333334,0.007687516129032258,31000000
Primary_Producers,0.8263333333333334,0.007690625,32000000
Primary_Producers,0.8263333333333334,0.007689,33000000
Primary_Producers,0.8263333333333334,0.007687470588235294,34000000
Primary_Producers,0.8263333333333334,0.0076861428571428575,35000000
Primary_Producers,0.8263333333333334,0.007682,36000000
Primary_Producers,0.8263333333333334,0.00768827027027027,37000000
Primary_Producers,0.8263333333333334,0.007688157894736842,38000000
Primary_Producers,0.8263333333333334,0.0076848717948717945,39000000
Primary_Producers,0.8263333333333334,0.007685725,40000000
Primary_Producers,0.8263333333333334,0.007685414634146341,41000000
Primary_Producers,0.8263333333333334,0.007683523809523809,42000000
Primary_Producers,0.8263333333333334,0.0076836744186046515,43000000
Primary_Producers,0.8263333333333334,0.007684272727272727,44000000
Primary_Producers,0.8263333333333334,0.007683822222222222,45000000
Primary_Producers,0.8263333333333334,0.007682152173913043,46000000
Primary_Producers,0.8263333333333334,0.007679574468085106,47000000
Primary_Producers,0.8263333333333334,0.007678145833333334,48000000
Primary_Producers,0.8263333333333334,0.0076746122448979595,49000000
Primary_Producers,0.8263333333333334,0.00767542,50000000
Primary_Producers,0.8263333333333334,0.007672843137254902,51000000
Primary_Producers,0.8263333333333334,0.007674192307692308,52000000
Primary_Producers,0.8263333333333334,0.007673056603773585,53000000
Primary_Producers,0.8263333333333334,0.007674185185185185,54000000
Primary_Producers,0.8263333333333334,0.007673218181818182,55000000
Primary_Producers,0.8263333333333334,0.007672125,56000000
Primary_Producers,0.8263333333333334,0.007671157894736842,57000000
Primary_Producers,0.8263333333333334,0.00767101724137931,58000000
Primary_Producers,0.8263333333333334,0.0076709830508474575,59000000
Primary_Producers,0.8263333333333334,0.007670116666666667,60000000
Primary_Producers,0.8263333333333334,0.00766827868852459,61000000
Primary_Producers,0.8263333333333334,0.007669725806451613,62000000
Primary_Producers,0.8263333333333334,0.007668587301587301,63000000
Primary_Producers,0.8263333333333334,0.007669828125,64000000
Primary_Producers,0.8263333333333334,0.0076706,65000000
Primary_Producers,0.8263333333333334,0.007670848484848485,66000000
Primary_Producers,0.8263333333333334,0.007669582089552239,67000000
Primary_Producers,0.8263333333333334,0.0076698529411764705,68000000
Primary_Producers,0.8263333333333334,0.007671072463768116,69000000
Primary_Producers,0.8263333333333334,0.007672328571428571,70000000
Primary_Producers,0.8263333333333334,0.007672788732394366,71000000
Primary_Producers,0.8263333333333334,0.007672111111111111,72000000
Primary_Producers,0.8263333333333334,0.007671068493150685,73000000
Primary_Producers,0.8263333333333334,0.007670932432432433,74000000
Primary_Producers,0.8263333333333334,0.007670586666666666,75000000
Primary_Producers,0.8263333333333334,0.007670434210526315,76000000
Primary_Producers,0.8263333333333334,0.007670051948051948,77000000
Primary_Producers,0.8263333333333334,0.007669371794871795,78000000
Primary_Producers,0.8263333333333334,0.007666544303797468,79000000
Primary_Producers,0.8263333333333334,0.00766685,80000000
Primary_Producers,0.8263333333333334,0.007668012345679012,81000000
Primary_Producers,0.8263333333333334,0.007668,82000000
Primary_Producers,0.8263333333333334,0.007667807228915663,83000000
Primary_Producers,0.8263333333333334,0.0076688214285714285,84000000
Primary_Producers,0.8263333333333334,0.007671094117647059,85000000
Primary_Producers,0.8263333333333334,0.007671139534883721,86000000
Primary_Producers,0.8263333333333334,0.007669459770114942,87000000
Primary_Producers,0.8263333333333334,0.007670386363636364,88000000
Primary_Producers,0.8263333333333334,0.00766938202247191,89000000
Primary_Producers,0.8263333333333334,0.007670011111111111,90000000
Primary_Producers,0.8263333333333334,0.007669054945054945,91000000
Primary_Producers,0.8263333333333334,0.007668097826086956,92000000
Primary_Producers,0.8263333333333334,0.007668612903225807,93000000
Primary_Producers,0.8263333333333334,0.007667957446808511,94000000
Primary_Producers,0.8263333333333334,0.007668863157894737,95000000
Primary_Producers,0.8263333333333334,0.00766896875,96000000
Primary_Producers,0.8263333333333334,0.0076685051546391755,97000000
Primary_Producers,0.8263333333333334,0.007667918367346939,98000000
Primary_Producers,0.8263333333333334,0.007667848484848485,99000000
Primary_Producers,0.8263333333333334,0.00766783,100000000
