Herbivores,0.3499469777306468,0.999931,1000000
Herbivores,0.3499469777306468,0.999933,2000000
Herbivores,0.3499469777306468,0.9999343333333334,3000000
Herbivores,0.3499469777306468,0.99993175,4000000
Herbivores,0.3499469777306468,0.99993,5000000
Herbivores,0.3499469777306468,0.9999308333333333,6000000
Herbivores,0.3499469777306468,0.9999305714285714,7000000
Herbivores,0.3499469777306468,0.99993225,8000000
Herbivores,0.3499469777306468,0.9999285555555556,9000000
Herbivores,0.3499469777306468,0.9999291,10000000
Herbivores,0.3499469777306468,0.9999284545454545,11000000
Herbivores,0.3499469777306468,0.99992825,12000000
Herbivores,0.3499469777306468,0.999929,13000000
Herbivores,0.3499469777306468,0.9999278571428571,14000000
Herbivores,0.3499469777306468,0.9999283333333333,15000000
Herbivores,0.3499469777306468,0.99992875,16000000
Herbivores,0.3499469777306468,0.9999288235294118,17000000
Herbivores,0.3499469777306468,0.9999284444444444,18000000
Herbivores,0.3499469777306468,0.9999283684210526,19000000
Herbivores,0.3499469777306468,0.99992905,20000000
Herbivores,0.3499469777306468,0.9999289523809524,21000000
Herbivores,0.3499469777306468,0.9999285,22000000
Herbivores,0.3499469777306468,0.9999281739130434,23000000
Herbivores,0.3499469777306468,0.9999287916666667,24000000
Herbivores,0.3499469777306468,0.99992848,25000000
Herbivores,0.3499469777306468,0.9999281923076923,26000000
Herbivores,0.3499469777306468,0.999928037037037,27000000
Herbivores,0.3499469777306468,0.9999275,28000000
Herbivores,0.3499469777306468,0.9999274827586206,29000000
Herbivores,0.3499469777306468,0.9999273,30000000
Herbivores,0.3499469777306468,0.999926935483871,31000000
Herbivores,0.3499469777306468,0.99992703125,32000000
Herbivores,0.3499469777306468,0.9999271212121212,33000000
Herbivores,0.3499469777306468,0.9999270294117647,34000000
Herbivores,0.3499469777306468,0.9999273714285715,35000000
Herbivores,0.3499469777306468,0.9999273333333333,36000000
Herbivores,0.3499469777306468,0.9999278378378378,37000000
Herbivores,0.3499469777306468,0.9999272631578947,38000000
Herbivores,0.3499469777306468,0.9999276666666667,39000000
Herbivores,0.3499469777306468,0.9999276,40000000
Herbivores,0.3499469777306468,0.9999273170731707,41000000
Herbivores,0.3499469777306468,0.999927380952381,42000000
Herbivores,0.3499469777306468,0.9999277674418605,43000000
Herbivores,0.3499469777306468,0.9999280681818182,44000000
Herbivores,0.3499469777306468,0.9999279777777778,45000000
Herbivores,0.3499469777306468,0.9999280652173913,46000000
Herbivores,0.3499469777306468,0.9999278510638298,47000000
Herbivores,0.3499469777306468,0.9999278958333333,48000000
Herbivores,0.3499469777306468,0.9999278163265306,49000000
Herbivores,0.3499469777306468,0.99992796,50000000
Herbivores,0.3499469777306468,0.9999281960784314,51000000
Herbivores,0.3499469777306468,0.9999279807692307,52000000
Herbivores,0.3499469777306468,0.9999278301886793,53000000
Herbivores,0.3499469777306468,0.9999276296296297,54000000
Herbivores,0.3499469777306468,0.9999275636363636,55000000
Herbivores,0.3499469777306468,0.9999277321428571,56000000
Herbivores,0.3499469777306468,0.9999275964912281,57000000
Herbivores,0.3499469777306468,0.9999275862068966,58000000
Herbivores,0.3499469777306468,0.9999273050847458,59000000
Herbivores,0.3499469777306468,0.9999272833333334,60000000
Herbivores,0.3499469777306468,0.9999274426229509,61000000
Herbivores,0.3499469777306468,0.9999274516129032,62000000
Herbivores,0.3499469777306468,0.9999275555555556,63000000
Herbivores,0.3499469777306468,0.999927609375,64000000
Herbivores,0.3499469777306468,0.9999276461538461,65000000
Herbivores,0.3499469777306468,0.9999275,66000000
Herbivores,0.3499469777306468,0.9999275373134329,67000000
Herbivores,0.3499469777306468,0.9999274117647059,68000000
Herbivores,0.3499469777306468,0.9999274782608696,69000000
Herbivores,0.3499469777306468,0.9999276,70000000
Herbivores,0.3499469777306468,0.9999275915492958,71000000
Herbivores,0.3499469777306468,0.9999275972222222,72000000
Herbivores,0.3499469777306468,0.999927698630137,73000000
Herbivores,0.3499469777306468,0.999927581081081,74000000
Herbivores,0.3499469777306468,0.99992768,75000000
Herbivores,0.3499469777306468,0.9999276052631579,76000000
Herbivores,0.3499469777306468,0.9999276623376624,77000000
Herbivores,0.3499469777306468,0.9999274615384616,78000000
Herbivores,0.3499469777306468,0.9999273164556962,79000000
Herbivores,0.3499469777306468,0.9999273375,80000000
Herbivores,0.3499469777306468,0.9999272469135803,81000000
Herbivores,0.3499469777306468,0.9999271463414634,82000000
Herbivores,0.3499469777306468,0.999927156626506,83000000
Herbivores,0.3499469777306468,0.9999271785714285,84000000
Herbivores,0.3499469777306468,0.9999272823529411,85000000
Herbivores,0.3499469777306468,0.9999273372093024,86000000
Herbivores,0.3499469777306468,0.9999272413793103,87000000
Herbivores,0.3499469777306468,0.999927215909091,88000000
Herbivores,0.3499469777306468,0.9999271235955056,89000000
Herbivores,0.3499469777306468,0.9999271777777777,90000000
Herbivores,0.3499469777306468,0.9999271978021979,91000000
Herbivores,0.3499469777306468,0.9999272717391304,92000000
Herbivores,0.3499469777306468,0.9999273870967742,93000000
Herbivores,0.3499469777306468,0.9999272978723405,94000000
Herbivores,0.3499469777306468,0.9999274,95000000
Herbivores,0.3499469777306468,0.9999274791666667,96000000
Herbivores,0.3499469777306468,0.9999274536082474,97000000
Herbivores,0.3499469777306468,0.9999274489795918,98000000
Herbivores,0.3499469777306468,0.9999274848484848,99000000
Herbivores,0.3499469777306468,0.99992741,100000000
