Herbivores,0.1454741379310345,0.894227,1000000
Herbivores,0.1454741379310345,0.89414,2000000
Herbivores,0.1454741379310345,0.8942333333333333,3000000
Herbivores,0.1454741379310345,0.894277,4000000
Herbivores,0.1454741379310345,0.8942154,5000000
Herbivores,0.1454741379310345,0.894285,6000000
Herbivores,0.1454741379310345,0.8942461428571429,7000000
Herbivores,0.1454741379310345,0.894200375,8000000
Herbivores,0.1454741379310345,0.8942181111111112,9000000
Herbivores,0.1454741379310345,0.894159,10000000
Herbivores,0.1454741379310345,0.8941649090909091,11000000
Herbivores,0.1454741379310345,0.8941824166666666,12000000
Herbivores,0.1454741379310345,0.8941736153846154,13000000
Herbivores,0.1454741379310345,0.8942122857142857,14000000
Herbivores,0.1454741379310345,0.8942106666666667,15000000
Herbivores,0.1454741379310345,0.8942279375,16000000
Herbivores,0.1454741379310345,0.894223294117647,17000000
Herbivores,0.1454741379310345,0.8942028888888889,18000000
Herbivores,0.1454741379310345,0.8942012631578947,19000000
Herbivores,0.1454741379310345,0.8942048,20000000
Herbivores,0.1454741379310345,0.8941990952380953,21000000
Herbivores,0.1454741379310345,0.8942112727272727,22000000
Herbivores,0.1454741379310345,0.8942133913043478,23000000
Herbivores,0.1454741379310345,0.894225875,24000000
Herbivores,0.1454741379310345,0.89423084,25000000
Herbivores,0.1454741379310345,0.8942328461538461,26000000
Herbivores,0.1454741379310345,0.894234962962963,27000000
Herbivores,0.1454741379310345,0.89423575,28000000
Herbivores,0.1454741379310345,0.8942380689655173,29000000
Herbivores,0.1454741379310345,0.8942366,30000000
Herbivores,0.1454741379310345,0.8942319354838709,31000000
Herbivores,0.1454741379310345,0.89423340625,32000000
Herbivores,0.1454741379310345,0.8942303333333333,33000000
Herbivores,0.1454741379310345,0.8942239705882353,34000000
Herbivores,0.1454741379310345,0.8942296857142857,35000000
Herbivores,0.1454741379310345,0.8942214166666667,36000000
Herbivores,0.1454741379310345,0.8942305675675676,37000000
Herbivores,0.1454741379310345,0.8942256315789474,38000000
Herbivores,0.1454741379310345,0.8942347948717949,39000000
Herbivores,0.1454741379310345,0.894229625,40000000
Herbivores,0.1454741379310345,0.8942280243902438,41000000
Herbivores,0.1454741379310345,0.894224880952381,42000000
Herbivores,0.1454741379310345,0.8942320465116279,43000000
Herbivores,0.1454741379310345,0.8942374090909091,44000000
Herbivores,0.1454741379310345,0.8942516222222222,45000000
Herbivores,0.1454741379310345,0.8942558913043478,46000000
Herbivores,0.1454741379310345,0.8942683404255319,47000000
Herbivores,0.1454741379310345,0.8942578333333333,48000000
Herbivores,0.1454741379310345,0.8942689387755102,49000000
Herbivores,0.1454741379310345,0.89425424,50000000
Herbivores,0.1454741379310345,0.8942513725490197,51000000
Herbivores,0.1454741379310345,0.8942515384615385,52000000
Herbivores,0.1454741379310345,0.8942558113207547,53000000
Herbivores,0.1454741379310345,0.8942515,54000000
Herbivores,0.1454741379310345,0.8942500363636363,55000000
Herbivores,0.1454741379310345,0.8942590892857143,56000000
Herbivores,0.1454741379310345,0.8942465614035088,57000000
Herbivores,0.1454741379310345,0.8942425689655172,58000000
Herbivores,0.1454741379310345,0.8942366949152543,59000000
Herbivores,0.1454741379310345,0.8942416166666667,60000000
Herbivores,0.1454741379310345,0.8942450163934427,61000000
Herbivores,0.1454741379310345,0.8942515483870968,62000000
Herbivores,0.1454741379310345,0.8942517619047619,63000000
Herbivores,0.1454741379310345,0.8942513125,64000000
Herbivores,0.1454741379310345,0.8942487846153846,65000000
Herbivores,0.1454741379310345,0.8942504545454546,66000000
Herbivores,0.1454741379310345,0.8942458805970149,67000000
Herbivores,0.1454741379310345,0.8942493676470589,68000000
Herbivores,0.1454741379310345,0.8942468695652174,69000000
Herbivores,0.1454741379310345,0.8942458857142858,70000000
Herbivores,0.1454741379310345,0.894243690140845,71000000
Herbivores,0.1454741379310345,0.8942530416666666,72000000
Herbivores,0.1454741379310345,0.8942535616438356,73000000
Herbivores,0.1454741379310345,0.8942501756756757,74000000
Herbivores,0.1454741379310345,0.89425232,75000000
Herbivores,0.1454741379310345,0.8942543289473684,76000000
Herbivores,0.1454741379310345,0.8942480519480519,77000000
Herbivores,0.1454741379310345,0.8942469230769231,78000000
Herbivores,0.1454741379310345,0.8942477088607594,79000000
Herbivores,0.1454741379310345,0.8942425125,80000000
Herbivores,0.1454741379310345,0.8942374938271604,81000000
Herbivores,0.1454741379310345,0.8942395731707317,82000000
Herbivores,0.1454741379310345,0.8942364096385542,83000000
Herbivores,0.1454741379310345,0.8942404761904762,84000000
Herbivores,0.1454741379310345,0.8942376117647058,85000000
Herbivores,0.1454741379310345,0.8942359651162791,86000000
Herbivores,0.1454741379310345,0.894235,87000000
Herbivores,0.1454741379310345,0.8942350340909091,88000000
Herbivores,0.1454741379310345,0.8942301460674157,89000000
Herbivores,0.1454741379310345,0.8942256666666667,90000000
Herbivores,0.1454741379310345,0.8942274285714286,91000000
Herbivores,0.1454741379310345,0.8942320326086957,92000000
Herbivores,0.1454741379310345,0.8942381720430107,93000000
Herbivores,0.1454741379310345,0.8942377978723405,94000000
Herbivores,0.1454741379310345,0.8942384947368421,95000000
Herbivores,0.1454741379310345,0.8942359791666666,96000000
Herbivores,0.1454741379310345,0.8942351649484536,97000000
Herbivores,0.1454741379310345,0.8942434489795918,98000000
Herbivores,0.1454741379310345,0.8942440202020202,99000000
Herbivores,0.1454741379310345,0.8942438,100000000
