Herbivores,0.28410822169687416,5.0e-6,1000000
Herbivores,0.28410822169687416,3.0e-6,2000000
Herbivores,0.28410822169687416,3.6666666666666666e-6,3000000
Herbivores,0.28410822169687416,3.25e-6,4000000
Herbivores,0.28410822169687416,2.8e-6,5000000
Herbivores,0.28410822169687416,2.333333333333333e-6,6000000
Herbivores,0.28410822169687416,2.0e-6,7000000
Herbivores,0.28410822169687416,1.875e-6,8000000
Herbivores,0.28410822169687416,1.7777777777777777e-6,9000000
Herbivores,0.28410822169687416,1.9e-6,10000000
Herbivores,0.28410822169687416,1.7272727272727273e-6,11000000
Herbivores,0.28410822169687416,1.75e-6,12000000
Herbivores,0.28410822169687416,1.8461538461538462e-6,13000000
Herbivores,0.28410822169687416,1.857142857142857e-6,14000000
Herbivores,0.28410822169687416,2.0e-6,15000000
Herbivores,0.28410822169687416,1.9375e-6,16000000
Herbivores,0.28410822169687416,1.8823529411764707e-6,17000000
Herbivores,0.28410822169687416,1.7777777777777777e-6,18000000
Herbivores,0.28410822169687416,1.6842105263157895e-6,19000000
Herbivores,0.28410822169687416,1.75e-6,20000000
Herbivores,0.28410822169687416,1.7619047619047619e-6,21000000
Herbivores,0.28410822169687416,1.818181818181818e-6,22000000
Herbivores,0.28410822169687416,1.8260869565217391e-6,23000000
Herbivores,0.28410822169687416,1.7916666666666667e-6,24000000
Herbivores,0.28410822169687416,1.8e-6,25000000
Herbivores,0.28410822169687416,1.7692307692307693e-6,26000000
Herbivores,0.28410822169687416,1.7037037037037036e-6,27000000
Herbivores,0.28410822169687416,1.75e-6,28000000
Herbivores,0.28410822169687416,1.689655172413793e-6,29000000
Herbivores,0.28410822169687416,1.6666666666666667e-6,30000000
Herbivores,0.28410822169687416,1.6451612903225806e-6,31000000
Herbivores,0.28410822169687416,1.59375e-6,32000000
Herbivores,0.28410822169687416,1.606060606060606e-6,33000000
Herbivores,0.28410822169687416,1.588235294117647e-6,34000000
Herbivores,0.28410822169687416,1.5714285714285714e-6,35000000
Herbivores,0.28410822169687416,1.5555555555555556e-6,36000000
Herbivores,0.28410822169687416,1.5135135135135135e-6,37000000
Herbivores,0.28410822169687416,1.5263157894736842e-6,38000000
Herbivores,0.28410822169687416,1.487179487179487e-6,39000000
Herbivores,0.28410822169687416,1.475e-6,40000000
Herbivores,0.28410822169687416,1.4634146341463414e-6,41000000
Herbivores,0.28410822169687416,1.5238095238095238e-6,42000000
Herbivores,0.28410822169687416,1.5116279069767443e-6,43000000
Herbivores,0.28410822169687416,1.4772727272727273e-6,44000000
Herbivores,0.28410822169687416,1.4666666666666667e-6,45000000
Herbivores,0.28410822169687416,1.4565217391304347e-6,46000000
Herbivores,0.28410822169687416,1.4468085106382978e-6,47000000
Herbivores,0.28410822169687416,1.4166666666666667e-6,48000000
Herbivores,0.28410822169687416,1.4081632653061225e-6,49000000
Herbivores,0.28410822169687416,1.38e-6,50000000
Herbivores,0.28410822169687416,1.392156862745098e-6,51000000
Herbivores,0.28410822169687416,1.3653846153846153e-6,52000000
Herbivores,0.28410822169687416,1.339622641509434e-6,53000000
Herbivores,0.28410822169687416,1.3518518518518518e-6,54000000
Herbivores,0.28410822169687416,1.3636363636363636e-6,55000000
Herbivores,0.28410822169687416,1.3392857142857143e-6,56000000
Herbivores,0.28410822169687416,1.3157894736842106e-6,57000000
Herbivores,0.28410822169687416,1.293103448275862e-6,58000000
Herbivores,0.28410822169687416,1.2711864406779662e-6,59000000
Herbivores,0.28410822169687416,1.25e-6,60000000
Herbivores,0.28410822169687416,1.2622950819672132e-6,61000000
Herbivores,0.28410822169687416,1.2580645161290322e-6,62000000
Herbivores,0.28410822169687416,1.253968253968254e-6,63000000
Herbivores,0.28410822169687416,1.234375e-6,64000000
Herbivores,0.28410822169687416,1.246153846153846e-6,65000000
Herbivores,0.28410822169687416,1.2575757575757576e-6,66000000
Herbivores,0.28410822169687416,1.2388059701492537e-6,67000000
Herbivores,0.28410822169687416,1.2352941176470588e-6,68000000
Herbivores,0.28410822169687416,1.2463768115942028e-6,69000000
Herbivores,0.28410822169687416,1.2428571428571429e-6,70000000
Herbivores,0.28410822169687416,1.2253521126760563e-6,71000000
Herbivores,0.28410822169687416,1.2083333333333333e-6,72000000
Herbivores,0.28410822169687416,1.1917808219178082e-6,73000000
Herbivores,0.28410822169687416,1.189189189189189e-6,74000000
Herbivores,0.28410822169687416,1.1866666666666666e-6,75000000
Herbivores,0.28410822169687416,1.1973684210526315e-6,76000000
Herbivores,0.28410822169687416,1.1948051948051948e-6,77000000
Herbivores,0.28410822169687416,1.1794871794871795e-6,78000000
Herbivores,0.28410822169687416,1.1645569620253165e-6,79000000
Herbivores,0.28410822169687416,1.1875e-6,80000000
Herbivores,0.28410822169687416,1.1851851851851852e-6,81000000
Herbivores,0.28410822169687416,1.1829268292682928e-6,82000000
Herbivores,0.28410822169687416,1.2048192771084338e-6,83000000
Herbivores,0.28410822169687416,1.1904761904761904e-6,84000000
Herbivores,0.28410822169687416,1.188235294117647e-6,85000000
Herbivores,0.28410822169687416,1.1976744186046512e-6,86000000
Herbivores,0.28410822169687416,1.1954022988505747e-6,87000000
Herbivores,0.28410822169687416,1.1818181818181818e-6,88000000
Herbivores,0.28410822169687416,1.1685393258426967e-6,89000000
Herbivores,0.28410822169687416,1.1666666666666666e-6,90000000
Herbivores,0.28410822169687416,1.1648351648351649e-6,91000000
Herbivores,0.28410822169687416,1.1521739130434783e-6,92000000
Herbivores,0.28410822169687416,1.150537634408602e-6,93000000
Herbivores,0.28410822169687416,1.1914893617021276e-6,94000000
Herbivores,0.28410822169687416,1.1894736842105263e-6,95000000
Herbivores,0.28410822169687416,1.1979166666666667e-6,96000000
Herbivores,0.28410822169687416,1.1855670103092783e-6,97000000
Herbivores,0.28410822169687416,1.173469387755102e-6,98000000
Herbivores,0.28410822169687416,1.1616161616161617e-6,99000000
Herbivores,0.28410822169687416,1.15e-6,100000000
