Primary_Producers,0.8390804597701149,0.002609,1000000
Primary_Producers,0.8390804597701149,0.002596,2000000
Primary_Producers,0.8390804597701149,0.0025906666666666665,3000000
Primary_Producers,0.8390804597701149,0.00258075,4000000
Primary_Producers,0.8390804597701149,0.0025808,5000000
Primary_Producers,0.8390804597701149,0.002583666666666667,6000000
Primary_Producers,0.8390804597701149,0.002585714285714286,7000000
Primary_Producers,0.8390804597701149,0.002573625,8000000
Primary_Producers,0.8390804597701149,0.0025683333333333335,9000000
Primary_Producers,0.8390804597701149,0.0025733,10000000
Primary_Producers,0.8390804597701149,0.002569181818181818,11000000
Primary_Producers,0.8390804597701149,0.00257025,12000000
Primary_Producers,0.8390804597701149,0.0025695384615384616,13000000
Primary_Producers,0.8390804597701149,0.0025715714285714287,14000000
Primary_Producers,0.8390804597701149,0.0025684666666666665,15000000
Primary_Producers,0.8390804597701149,0.002565125,16000000
Primary_Producers,0.8390804597701149,0.0025624117647058825,17000000
Primary_Producers,0.8390804597701149,0.0025618888888888887,18000000
Primary_Producers,0.8390804597701149,0.0025614736842105262,19000000
Primary_Producers,0.8390804597701149,0.0025635,20000000
Primary_Producers,0.8390804597701149,0.002564857142857143,21000000
Primary_Producers,0.8390804597701149,0.0025670454545454547,22000000
Primary_Producers,0.8390804597701149,0.002565434782608696,23000000
Primary_Producers,0.8390804597701149,0.0025634583333333334,24000000
Primary_Producers,0.8390804597701149,0.00256356,25000000
Primary_Producers,0.8390804597701149,0.002564615384615385,26000000
Primary_Producers,0.8390804597701149,0.0025645185185185185,27000000
Primary_Producers,0.8390804597701149,0.002562142857142857,28000000
Primary_Producers,0.8390804597701149,0.002562793103448276,29000000
Primary_Producers,0.8390804597701149,0.0025649,30000000
Primary_Producers,0.8390804597701149,0.002563774193548387,31000000
Primary_Producers,0.8390804597701149,0.00256690625,32000000
Primary_Producers,0.8390804597701149,0.002568090909090909,33000000
Primary_Producers,0.8390804597701149,0.0025683823529411764,34000000
Primary_Producers,0.8390804597701149,0.0025695428571428573,35000000
Primary_Producers,0.8390804597701149,0.0025690833333333334,36000000
Primary_Producers,0.8390804597701149,0.0025695675675675676,37000000
Primary_Producers,0.8390804597701149,0.0025705526315789474,38000000
Primary_Producers,0.8390804597701149,0.002572153846153846,39000000
Primary_Producers,0.8390804597701149,0.0025726,40000000
Primary_Producers,0.8390804597701149,0.002573439024390244,41000000
Primary_Producers,0.8390804597701149,0.0025734285714285716,42000000
Primary_Producers,0.8390804597701149,0.0025739767441860465,43000000
Primary_Producers,0.8390804597701149,0.0025745454545454544,44000000
Primary_Producers,0.8390804597701149,0.002572888888888889,45000000
Primary_Producers,0.8390804597701149,0.0025712173913043476,46000000
Primary_Producers,0.8390804597701149,0.0025704468085106383,47000000
Primary_Producers,0.8390804597701149,0.0025708333333333334,48000000
Primary_Producers,0.8390804597701149,0.0025710816326530612,49000000
Primary_Producers,0.8390804597701149,0.00257308,50000000
Primary_Producers,0.8390804597701149,0.002572921568627451,51000000
Primary_Producers,0.8390804597701149,0.002572923076923077,52000000
Primary_Producers,0.8390804597701149,0.002572547169811321,53000000
Primary_Producers,0.8390804597701149,0.002573074074074074,54000000
Primary_Producers,0.8390804597701149,0.0025726363636363637,55000000
Primary_Producers,0.8390804597701149,0.0025716607142857143,56000000
Primary_Producers,0.8390804597701149,0.0025713859649122805,57000000
Primary_Producers,0.8390804597701149,0.002572155172413793,58000000
Primary_Producers,0.8390804597701149,0.0025728135593220338,59000000
Primary_Producers,0.8390804597701149,0.0025725333333333333,60000000
Primary_Producers,0.8390804597701149,0.0025725901639344264,61000000
Primary_Producers,0.8390804597701149,0.002573322580645161,62000000
Primary_Producers,0.8390804597701149,0.002572142857142857,63000000
Primary_Producers,0.8390804597701149,0.00257178125,64000000
Primary_Producers,0.8390804597701149,0.002571169230769231,65000000
Primary_Producers,0.8390804597701149,0.0025712121212121213,66000000
Primary_Producers,0.8390804597701149,0.0025702537313432835,67000000
Primary_Producers,0.8390804597701149,0.0025698823529411766,68000000
Primary_Producers,0.8390804597701149,0.0025701594202898552,69000000
Primary_Producers,0.8390804597701149,0.0025703142857142858,70000000
Primary_Producers,0.8390804597701149,0.002571267605633803,71000000
Primary_Producers,0.8390804597701149,0.0025707777777777777,72000000
Primary_Producers,0.8390804597701149,0.002571123287671233,73000000
Primary_Producers,0.8390804597701149,0.0025713108108108107,74000000
Primary_Producers,0.8390804597701149,0.0025707733333333333,75000000
Primary_Producers,0.8390804597701149,0.0025712631578947366,76000000
Primary_Producers,0.8390804597701149,0.002571233766233766,77000000
Primary_Producers,0.8390804597701149,0.0025713333333333335,78000000
Primary_Producers,0.8390804597701149,0.002570746835443038,79000000
Primary_Producers,0.8390804597701149,0.002570325,80000000
Primary_Producers,0.8390804597701149,0.0025701358024691357,81000000
Primary_Producers,0.8390804597701149,0.0025710121951219513,82000000
Primary_Producers,0.8390804597701149,0.002571385542168675,83000000
Primary_Producers,0.8390804597701149,0.002571083333333333,84000000
Primary_Producers,0.8390804597701149,0.002570764705882353,85000000
Primary_Producers,0.8390804597701149,0.002569732558139535,86000000
Primary_Producers,0.8390804597701149,0.0025691264367816093,87000000
Primary_Producers,0.8390804597701149,0.002568909090909091,88000000
Primary_Producers,0.8390804597701149,0.002569640449438202,89000000
Primary_Producers,0.8390804597701149,0.0025694888888888887,90000000
Primary_Producers,0.8390804597701149,0.0025696373626373625,91000000
Primary_Producers,0.8390804597701149,0.0025698478260869563,92000000
Primary_Producers,0.8390804597701149,0.002570215053763441,93000000
Primary_Producers,0.8390804597701149,0.002569436170212766,94000000
Primary_Producers,0.8390804597701149,0.002570063157894737,95000000
Primary_Producers,0.8390804597701149,0.0025696666666666667,96000000
Primary_Producers,0.8390804597701149,0.0025700103092783505,97000000
Primary_Producers,0.8390804597701149,0.002569265306122449,98000000
Primary_Producers,0.8390804597701149,0.002570080808080808,99000000
Primary_Producers,0.8390804597701149,0.00256993,100000000
