Herbivores,0.6923076923076923,0.997347,1000000
Herbivores,0.6923076923076923,0.997379,2000000
Herbivores,0.6923076923076923,0.9973916666666667,3000000
Herbivores,0.6923076923076923,0.99737475,4000000
Herbivores,0.6923076923076923,0.9973796,5000000
Herbivores,0.6923076923076923,0.9973738333333333,6000000
Herbivores,0.6923076923076923,0.9973901428571429,7000000
Herbivores,0.6923076923076923,0.99739425,8000000
Herbivores,0.6923076923076923,0.9974033333333333,9000000
Herbivores,0.6923076923076923,0.9974124,10000000
Herbivores,0.6923076923076923,0.9974051818181818,11000000
Herbivores,0.6923076923076923,0.99739675,12000000
Herbivores,0.6923076923076923,0.9973924615384615,13000000
Herbivores,0.6923076923076923,0.9973923571428571,14000000
Herbivores,0.6923076923076923,0.997393,15000000
Herbivores,0.6923076923076923,0.9973968125,16000000
Herbivores,0.6923076923076923,0.9973975882352941,17000000
Herbivores,0.6923076923076923,0.9973964444444444,18000000
Herbivores,0.6923076923076923,0.9973946842105263,19000000
Herbivores,0.6923076923076923,0.99739625,20000000
Herbivores,0.6923076923076923,0.997394761904762,21000000
Herbivores,0.6923076923076923,0.9973903181818182,22000000
Herbivores,0.6923076923076923,0.9973918260869565,23000000
Herbivores,0.6923076923076923,0.9973910416666667,24000000
Herbivores,0.6923076923076923,0.99739172,25000000
Herbivores,0.6923076923076923,0.9973929615384616,26000000
Herbivores,0.6923076923076923,0.997391962962963,27000000
Herbivores,0.6923076923076923,0.9973955,28000000
Herbivores,0.6923076923076923,0.9973941379310345,29000000
Herbivores,0.6923076923076923,0.9973911333333333,30000000
Herbivores,0.6923076923076923,0.9973924193548387,31000000
Herbivores,0.6923076923076923,0.99739459375,32000000
Herbivores,0.6923076923076923,0.9973978787878788,33000000
Herbivores,0.6923076923076923,0.9973979705882353,34000000
Herbivores,0.6923076923076923,0.9973980857142857,35000000
Herbivores,0.6923076923076923,0.9973997777777778,36000000
Herbivores,0.6923076923076923,0.9973975405405405,37000000
Herbivores,0.6923076923076923,0.9973978947368421,38000000
Herbivores,0.6923076923076923,0.9973989230769231,39000000
Herbivores,0.6923076923076923,0.997396575,40000000
Herbivores,0.6923076923076923,0.997396243902439,41000000
Herbivores,0.6923076923076923,0.9973944523809524,42000000
Herbivores,0.6923076923076923,0.9973953255813953,43000000
Herbivores,0.6923076923076923,0.9973953181818181,44000000
Herbivores,0.6923076923076923,0.9973955333333333,45000000
Herbivores,0.6923076923076923,0.9973945217391305,46000000
Herbivores,0.6923076923076923,0.9973946170212766,47000000
Herbivores,0.6923076923076923,0.997394625,48000000
Herbivores,0.6923076923076923,0.9973968163265307,49000000
Herbivores,0.6923076923076923,0.99739668,50000000
Herbivores,0.6923076923076923,0.9973956274509804,51000000
Herbivores,0.6923076923076923,0.9973965192307692,52000000
Herbivores,0.6923076923076923,0.997397641509434,53000000
Herbivores,0.6923076923076923,0.9973963333333333,54000000
Herbivores,0.6923076923076923,0.997396709090909,55000000
Herbivores,0.6923076923076923,0.9973967678571428,56000000
Herbivores,0.6923076923076923,0.997396701754386,57000000
Herbivores,0.6923076923076923,0.997397948275862,58000000
Herbivores,0.6923076923076923,0.9973992881355932,59000000
Herbivores,0.6923076923076923,0.9973985,60000000
Herbivores,0.6923076923076923,0.997398524590164,61000000
Herbivores,0.6923076923076923,0.9973975322580645,62000000
Herbivores,0.6923076923076923,0.997398,63000000
Herbivores,0.6923076923076923,0.99739809375,64000000
Herbivores,0.6923076923076923,0.9973973538461538,65000000
Herbivores,0.6923076923076923,0.9973973333333334,66000000
Herbivores,0.6923076923076923,0.9973974179104478,67000000
Herbivores,0.6923076923076923,0.9973968088235294,68000000
Herbivores,0.6923076923076923,0.9973972173913044,69000000
Herbivores,0.6923076923076923,0.9973980142857143,70000000
Herbivores,0.6923076923076923,0.9973987746478873,71000000
Herbivores,0.6923076923076923,0.9973993333333333,72000000
Herbivores,0.6923076923076923,0.9973989315068493,73000000
Herbivores,0.6923076923076923,0.9973988243243244,74000000
Herbivores,0.6923076923076923,0.99739812,75000000
Herbivores,0.6923076923076923,0.9973983421052631,76000000
Herbivores,0.6923076923076923,0.9973994415584415,77000000
Herbivores,0.6923076923076923,0.9974003846153846,78000000
Herbivores,0.6923076923076923,0.9974003164556962,79000000
Herbivores,0.6923076923076923,0.9974,80000000
Herbivores,0.6923076923076923,0.9973995308641975,81000000
Herbivores,0.6923076923076923,0.9973984024390244,82000000
Herbivores,0.6923076923076923,0.9973990120481928,83000000
Herbivores,0.6923076923076923,0.997399369047619,84000000
Herbivores,0.6923076923076923,0.997398694117647,85000000
Herbivores,0.6923076923076923,0.9973984302325581,86000000
Herbivores,0.6923076923076923,0.9973996781609196,87000000
Herbivores,0.6923076923076923,0.9973993522727272,88000000
Herbivores,0.6923076923076923,0.9974000898876404,89000000
Herbivores,0.6923076923076923,0.9974005111111112,90000000
Herbivores,0.6923076923076923,0.997400032967033,91000000
Herbivores,0.6923076923076923,0.9973996304347826,92000000
Herbivores,0.6923076923076923,0.9973998064516129,93000000
Herbivores,0.6923076923076923,0.9974002978723404,94000000
Herbivores,0.6923076923076923,0.9974005578947368,95000000
Herbivores,0.6923076923076923,0.997400875,96000000
Herbivores,0.6923076923076923,0.9974015257731959,97000000
Herbivores,0.6923076923076923,0.9974010918367346,98000000
Herbivores,0.6923076923076923,0.9974007171717172,99000000
Herbivores,0.6923076923076923,0.99740043,100000000
