Herbivores,0.19781698564593303,4.8e-5,1000000
Herbivores,0.19781698564593303,3.55e-5,2000000
Herbivores,0.19781698564593303,3.266666666666666e-5,3000000
Herbivores,0.19781698564593303,3.5e-5,4000000
Herbivores,0.19781698564593303,3.38e-5,5000000
Herbivores,0.19781698564593303,3.4166666666666666e-5,6000000
Herbivores,0.19781698564593303,3.528571428571429e-5,7000000
Herbivores,0.19781698564593303,3.5625e-5,8000000
Herbivores,0.19781698564593303,3.522222222222222e-5,9000000
Herbivores,0.19781698564593303,3.41e-5,10000000
Herbivores,0.19781698564593303,3.3636363636363636e-5,11000000
Herbivores,0.19781698564593303,3.391666666666667e-5,12000000
Herbivores,0.19781698564593303,3.338461538461539e-5,13000000
Herbivores,0.19781698564593303,3.35e-5,14000000
Herbivores,0.19781698564593303,3.3333333333333335e-5,15000000
Herbivores,0.19781698564593303,3.33125e-5,16000000
Herbivores,0.19781698564593303,3.3470588235294116e-5,17000000
Herbivores,0.19781698564593303,3.316666666666667e-5,18000000
Herbivores,0.19781698564593303,3.336842105263158e-5,19000000
Herbivores,0.19781698564593303,3.315e-5,20000000
Herbivores,0.19781698564593303,3.3476190476190474e-5,21000000
Herbivores,0.19781698564593303,3.3318181818181816e-5,22000000
Herbivores,0.19781698564593303,3.356521739130435e-5,23000000
Herbivores,0.19781698564593303,3.3583333333333334e-5,24000000
Herbivores,0.19781698564593303,3.384e-5,25000000
Herbivores,0.19781698564593303,3.3923076923076924e-5,26000000
Herbivores,0.19781698564593303,3.3814814814814814e-5,27000000
Herbivores,0.19781698564593303,3.3857142857142854e-5,28000000
Herbivores,0.19781698564593303,3.3793103448275865e-5,29000000
Herbivores,0.19781698564593303,3.373333333333333e-5,30000000
Herbivores,0.19781698564593303,3.387096774193548e-5,31000000
Herbivores,0.19781698564593303,3.415625e-5,32000000
Herbivores,0.19781698564593303,3.427272727272727e-5,33000000
Herbivores,0.19781698564593303,3.4205882352941175e-5,34000000
Herbivores,0.19781698564593303,3.4085714285714286e-5,35000000
Herbivores,0.19781698564593303,3.419444444444444e-5,36000000
Herbivores,0.19781698564593303,3.4297297297297295e-5,37000000
Herbivores,0.19781698564593303,3.421052631578947e-5,38000000
Herbivores,0.19781698564593303,3.4230769230769234e-5,39000000
Herbivores,0.19781698564593303,3.425e-5,40000000
Herbivores,0.19781698564593303,3.397560975609756e-5,41000000
Herbivores,0.19781698564593303,3.407142857142857e-5,42000000
Herbivores,0.19781698564593303,3.416279069767442e-5,43000000
Herbivores,0.19781698564593303,3.4159090909090907e-5,44000000
Herbivores,0.19781698564593303,3.431111111111111e-5,45000000
Herbivores,0.19781698564593303,3.441304347826087e-5,46000000
Herbivores,0.19781698564593303,3.4595744680851065e-5,47000000
Herbivores,0.19781698564593303,3.433333333333333e-5,48000000
Herbivores,0.19781698564593303,3.438775510204082e-5,49000000
Herbivores,0.19781698564593303,3.418e-5,50000000
Herbivores,0.19781698564593303,3.4254901960784314e-5,51000000
Herbivores,0.19781698564593303,3.4192307692307696e-5,52000000
Herbivores,0.19781698564593303,3.430188679245283e-5,53000000
Herbivores,0.19781698564593303,3.4092592592592596e-5,54000000
Herbivores,0.19781698564593303,3.398181818181818e-5,55000000
Herbivores,0.19781698564593303,3.4e-5,56000000
Herbivores,0.19781698564593303,3.4e-5,57000000
Herbivores,0.19781698564593303,3.4327586206896554e-5,58000000
Herbivores,0.19781698564593303,3.432203389830508e-5,59000000
Herbivores,0.19781698564593303,3.428333333333333e-5,60000000
Herbivores,0.19781698564593303,3.424590163934426e-5,61000000
Herbivores,0.19781698564593303,3.408064516129032e-5,62000000
Herbivores,0.19781698564593303,3.403174603174603e-5,63000000
Herbivores,0.19781698564593303,3.4e-5,64000000
Herbivores,0.19781698564593303,3.3938461538461535e-5,65000000
Herbivores,0.19781698564593303,3.3924242424242426e-5,66000000
Herbivores,0.19781698564593303,3.3970149253731344e-5,67000000
Herbivores,0.19781698564593303,3.4044117647058824e-5,68000000
Herbivores,0.19781698564593303,3.405797101449275e-5,69000000
Herbivores,0.19781698564593303,3.42e-5,70000000
Herbivores,0.19781698564593303,3.411267605633803e-5,71000000
Herbivores,0.19781698564593303,3.415277777777778e-5,72000000
Herbivores,0.19781698564593303,3.4095890410958905e-5,73000000
Herbivores,0.19781698564593303,3.404054054054054e-5,74000000
Herbivores,0.19781698564593303,3.404e-5,75000000
Herbivores,0.19781698564593303,3.394736842105263e-5,76000000
Herbivores,0.19781698564593303,3.388311688311688e-5,77000000
Herbivores,0.19781698564593303,3.3858974358974356e-5,78000000
Herbivores,0.19781698564593303,3.3936708860759494e-5,79000000
Herbivores,0.19781698564593303,3.4025e-5,80000000
Herbivores,0.19781698564593303,3.4061728395061726e-5,81000000
Herbivores,0.19781698564593303,3.403658536585366e-5,82000000
Herbivores,0.19781698564593303,3.401204819277108e-5,83000000
Herbivores,0.19781698564593303,3.395238095238095e-5,84000000
Herbivores,0.19781698564593303,3.3941176470588236e-5,85000000
Herbivores,0.19781698564593303,3.38953488372093e-5,86000000
Herbivores,0.19781698564593303,3.38735632183908e-5,87000000
Herbivores,0.19781698564593303,3.3829545454545454e-5,88000000
Herbivores,0.19781698564593303,3.3831460674157304e-5,89000000
Herbivores,0.19781698564593303,3.382222222222222e-5,90000000
Herbivores,0.19781698564593303,3.382417582417582e-5,91000000
Herbivores,0.19781698564593303,3.379347826086957e-5,92000000
Herbivores,0.19781698564593303,3.381720430107527e-5,93000000
Herbivores,0.19781698564593303,3.377659574468085e-5,94000000
Herbivores,0.19781698564593303,3.377894736842105e-5,95000000
Herbivores,0.19781698564593303,3.377083333333333e-5,96000000
Herbivores,0.19781698564593303,3.390721649484536e-5,97000000
Herbivores,0.19781698564593303,3.391836734693877e-5,98000000
Herbivores,0.19781698564593303,3.388888888888889e-5,99000000
Herbivores,0.19781698564593303,3.396e-5,100000000
