Herbivores,0.5645933014354066,0.999564,1000000
Herbivores,0.5645933014354066,0.9995525,2000000
Herbivores,0.5645933014354066,0.99954,3000000
Herbivores,0.5645933014354066,0.99954175,4000000
Herbivores,0.5645933014354066,0.9995376,5000000
Herbivores,0.5645933014354066,0.9995323333333334,6000000
Herbivores,0.5645933014354066,0.9995342857142857,7000000
Herbivores,0.5645933014354066,0.999535125,8000000
Herbivores,0.5645933014354066,0.9995316666666667,9000000
Herbivores,0.5645933014354066,0.9995305,10000000
Herbivores,0.5645933014354066,0.9995327272727272,11000000
Herbivores,0.5645933014354066,0.9995313333333333,12000000
Herbivores,0.5645933014354066,0.9995326153846154,13000000
Herbivores,0.5645933014354066,0.9995337857142857,14000000
Herbivores,0.5645933014354066,0.9995298666666667,15000000
Herbivores,0.5645933014354066,0.999527875,16000000
Herbivores,0.5645933014354066,0.999525294117647,17000000
Herbivores,0.5645933014354066,0.9995262222222222,18000000
Herbivores,0.5645933014354066,0.9995255789473684,19000000
Herbivores,0.5645933014354066,0.99952545,20000000
Herbivores,0.5645933014354066,0.9995261904761905,21000000
Herbivores,0.5645933014354066,0.9995265909090909,22000000
Herbivores,0.5645933014354066,0.9995247391304348,23000000
Herbivores,0.5645933014354066,0.99952475,24000000
Herbivores,0.5645933014354066,0.99952352,25000000
Herbivores,0.5645933014354066,0.999523076923077,26000000
Herbivores,0.5645933014354066,0.9995231481481481,27000000
Herbivores,0.5645933014354066,0.9995237857142857,28000000
Herbivores,0.5645933014354066,0.9995236206896552,29000000
Herbivores,0.5645933014354066,0.9995213,30000000
Herbivores,0.5645933014354066,0.9995223548387097,31000000
Herbivores,0.5645933014354066,0.99952209375,32000000
Herbivores,0.5645933014354066,0.9995216363636363,33000000
Herbivores,0.5645933014354066,0.9995230882352941,34000000
Herbivores,0.5645933014354066,0.9995243714285714,35000000
Herbivores,0.5645933014354066,0.9995244722222222,36000000
Herbivores,0.5645933014354066,0.9995255135135135,37000000
Herbivores,0.5645933014354066,0.9995253947368421,38000000
Herbivores,0.5645933014354066,0.9995257179487179,39000000
Herbivores,0.5645933014354066,0.999526075,40000000
Herbivores,0.5645933014354066,0.9995260975609757,41000000
Herbivores,0.5645933014354066,0.9995260714285714,42000000
Herbivores,0.5645933014354066,0.9995267674418604,43000000
Herbivores,0.5645933014354066,0.9995261363636364,44000000
Herbivores,0.5645933014354066,0.9995256444444445,45000000
Herbivores,0.5645933014354066,0.999525847826087,46000000
Herbivores,0.5645933014354066,0.9995262978723404,47000000
Herbivores,0.5645933014354066,0.9995259375,48000000
Herbivores,0.5645933014354066,0.9995261428571428,49000000
Herbivores,0.5645933014354066,0.99952674,50000000
Herbivores,0.5645933014354066,0.9995264117647059,51000000
Herbivores,0.5645933014354066,0.999526173076923,52000000
Herbivores,0.5645933014354066,0.9995256603773585,53000000
Herbivores,0.5645933014354066,0.9995257222222222,54000000
Herbivores,0.5645933014354066,0.9995254181818182,55000000
Herbivores,0.5645933014354066,0.9995257678571429,56000000
Herbivores,0.5645933014354066,0.9995256491228071,57000000
Herbivores,0.5645933014354066,0.9995258620689655,58000000
Herbivores,0.5645933014354066,0.9995263559322034,59000000
Herbivores,0.5645933014354066,0.9995254333333333,60000000
Herbivores,0.5645933014354066,0.9995253278688525,61000000
Herbivores,0.5645933014354066,0.999525370967742,62000000
Herbivores,0.5645933014354066,0.9995255873015872,63000000
Herbivores,0.5645933014354066,0.99952603125,64000000
Herbivores,0.5645933014354066,0.9995267076923077,65000000
Herbivores,0.5645933014354066,0.999527,66000000
Herbivores,0.5645933014354066,0.9995263880597015,67000000
Herbivores,0.5645933014354066,0.9995259411764705,68000000
Herbivores,0.5645933014354066,0.9995256521739131,69000000
Herbivores,0.5645933014354066,0.9995256714285714,70000000
Herbivores,0.5645933014354066,0.9995256338028169,71000000
Herbivores,0.5645933014354066,0.9995255555555556,72000000
Herbivores,0.5645933014354066,0.9995253561643835,73000000
Herbivores,0.5645933014354066,0.9995252297297297,74000000
Herbivores,0.5645933014354066,0.9995255733333334,75000000
Herbivores,0.5645933014354066,0.9995250657894736,76000000
Herbivores,0.5645933014354066,0.9995248441558442,77000000
Herbivores,0.5645933014354066,0.9995245512820513,78000000
Herbivores,0.5645933014354066,0.9995243924050633,79000000
Herbivores,0.5645933014354066,0.99952425,80000000
Herbivores,0.5645933014354066,0.9995241728395061,81000000
Herbivores,0.5645933014354066,0.9995243170731707,82000000
Herbivores,0.5645933014354066,0.9995243373493976,83000000
Herbivores,0.5645933014354066,0.999524261904762,84000000
Herbivores,0.5645933014354066,0.999524305882353,85000000
Herbivores,0.5645933014354066,0.9995242790697675,86000000
Herbivores,0.5645933014354066,0.9995241724137931,87000000
Herbivores,0.5645933014354066,0.9995245340909091,88000000
Herbivores,0.5645933014354066,0.999524584269663,89000000
Herbivores,0.5645933014354066,0.9995244777777778,90000000
Herbivores,0.5645933014354066,0.9995247582417582,91000000
Herbivores,0.5645933014354066,0.9995249673913044,92000000
Herbivores,0.5645933014354066,0.9995247096774194,93000000
Herbivores,0.5645933014354066,0.9995244893617021,94000000
Herbivores,0.5645933014354066,0.9995245157894737,95000000
Herbivores,0.5645933014354066,0.9995245208333333,96000000
Herbivores,0.5645933014354066,0.9995243195876289,97000000
Herbivores,0.5645933014354066,0.999524306122449,98000000
Herbivores,0.5645933014354066,0.9995240202020202,99000000
Herbivores,0.5645933014354066,0.99952403,100000000
