Primary_Producers,0.8947368421052632,0.000962,1000000
Primary_Producers,0.8947368421052632,0.0009475,2000000
Primary_Producers,0.8947368421052632,0.000962,3000000
Primary_Producers,0.8947368421052632,0.00096725,4000000
Primary_Producers,0.8947368421052632,0.0009646,5000000
Primary_Producers,0.8947368421052632,0.0009703333333333334,6000000
Primary_Producers,0.8947368421052632,0.0009672857142857143,7000000
Primary_Producers,0.8947368421052632,0.000963625,8000000
Primary_Producers,0.8947368421052632,0.0009652222222222222,9000000
Primary_Producers,0.8947368421052632,0.0009679,10000000
Primary_Producers,0.8947368421052632,0.0009673636363636363,11000000
Primary_Producers,0.8947368421052632,0.00096275,12000000
Primary_Producers,0.8947368421052632,0.0009679230769230769,13000000
Primary_Producers,0.8947368421052632,0.0009672857142857143,14000000
Primary_Producers,0.8947368421052632,0.0009725333333333333,15000000
Primary_Producers,0.8947368421052632,0.00097475,16000000
Primary_Producers,0.8947368421052632,0.0009736470588235294,17000000
Primary_Producers,0.8947368421052632,0.0009735,18000000
Primary_Producers,0.8947368421052632,0.000973578947368421,19000000
Primary_Producers,0.8947368421052632,0.00097445,20000000
Primary_Producers,0.8947368421052632,0.0009739047619047619,21000000
Primary_Producers,0.8947368421052632,0.0009747272727272727,22000000
Primary_Producers,0.8947368421052632,0.0009754782608695652,23000000
Primary_Producers,0.8947368421052632,0.0009760416666666666,24000000
Primary_Producers,0.8947368421052632,0.00097576,25000000
Primary_Producers,0.8947368421052632,0.0009759615384615385,26000000
Primary_Producers,0.8947368421052632,0.0009751851851851852,27000000
Primary_Producers,0.8947368421052632,0.0009741071428571429,28000000
Primary_Producers,0.8947368421052632,0.0009738620689655173,29000000
Primary_Producers,0.8947368421052632,0.0009737333333333333,30000000
Primary_Producers,0.8947368421052632,0.0009751612903225806,31000000
Primary_Producers,0.8947368421052632,0.00097428125,32000000
Primary_Producers,0.8947368421052632,0.0009746666666666666,33000000
Primary_Producers,0.8947368421052632,0.0009741470588235295,34000000
Primary_Producers,0.8947368421052632,0.0009743142857142857,35000000
Primary_Producers,0.8947368421052632,0.0009745833333333334,36000000
Primary_Producers,0.8947368421052632,0.0009762702702702703,37000000
Primary_Producers,0.8947368421052632,0.0009766842105263158,38000000
Primary_Producers,0.8947368421052632,0.0009765128205128205,39000000
Primary_Producers,0.8947368421052632,0.000976875,40000000
Primary_Producers,0.8947368421052632,0.0009796341463414633,41000000
Primary_Producers,0.8947368421052632,0.000979547619047619,42000000
Primary_Producers,0.8947368421052632,0.000978279069767442,43000000
Primary_Producers,0.8947368421052632,0.00097775,44000000
Primary_Producers,0.8947368421052632,0.0009779333333333334,45000000
Primary_Producers,0.8947368421052632,0.000977217391304348,46000000
Primary_Producers,0.8947368421052632,0.0009758085106382979,47000000
Primary_Producers,0.8947368421052632,0.0009753125,48000000
Primary_Producers,0.8947368421052632,0.000975204081632653,49000000
Primary_Producers,0.8947368421052632,0.00097548,50000000
Primary_Producers,0.8947368421052632,0.0009746666666666666,51000000
Primary_Producers,0.8947368421052632,0.0009747884615384615,52000000
Primary_Producers,0.8947368421052632,0.000973622641509434,53000000
Primary_Producers,0.8947368421052632,0.0009742222222222222,54000000
Primary_Producers,0.8947368421052632,0.0009745090909090909,55000000
Primary_Producers,0.8947368421052632,0.0009734464285714286,56000000
Primary_Producers,0.8947368421052632,0.0009729649122807017,57000000
Primary_Producers,0.8947368421052632,0.0009727758620689655,58000000
Primary_Producers,0.8947368421052632,0.000973135593220339,59000000
Primary_Producers,0.8947368421052632,0.0009730833333333333,60000000
Primary_Producers,0.8947368421052632,0.0009720163934426229,61000000
Primary_Producers,0.8947368421052632,0.0009716451612903226,62000000
Primary_Producers,0.8947368421052632,0.0009710317460317461,63000000
Primary_Producers,0.8947368421052632,0.000970296875,64000000
Primary_Producers,0.8947368421052632,0.0009702307692307692,65000000
Primary_Producers,0.8947368421052632,0.000970060606060606,66000000
Primary_Producers,0.8947368421052632,0.000969223880597015,67000000
Primary_Producers,0.8947368421052632,0.0009690588235294117,68000000
Primary_Producers,0.8947368421052632,0.0009689420289855072,69000000
Primary_Producers,0.8947368421052632,0.0009696142857142857,70000000
Primary_Producers,0.8947368421052632,0.0009697464788732394,71000000
Primary_Producers,0.8947368421052632,0.0009696944444444445,72000000
Primary_Producers,0.8947368421052632,0.0009697123287671233,73000000
Primary_Producers,0.8947368421052632,0.0009696891891891892,74000000
Primary_Producers,0.8947368421052632,0.0009696133333333333,75000000
Primary_Producers,0.8947368421052632,0.0009695526315789474,76000000
Primary_Producers,0.8947368421052632,0.0009697792207792208,77000000
Primary_Producers,0.8947368421052632,0.0009699615384615385,78000000
Primary_Producers,0.8947368421052632,0.0009695569620253165,79000000
Primary_Producers,0.8947368421052632,0.000969575,80000000
Primary_Producers,0.8947368421052632,0.0009702962962962962,81000000
Primary_Producers,0.8947368421052632,0.0009700487804878049,82000000
Primary_Producers,0.8947368421052632,0.0009704096385542169,83000000
Primary_Producers,0.8947368421052632,0.0009701547619047619,84000000
Primary_Producers,0.8947368421052632,0.0009700705882352941,85000000
Primary_Producers,0.8947368421052632,0.0009695116279069768,86000000
Primary_Producers,0.8947368421052632,0.0009693333333333333,87000000
Primary_Producers,0.8947368421052632,0.0009688181818181818,88000000
Primary_Producers,0.8947368421052632,0.0009690561797752809,89000000
Primary_Producers,0.8947368421052632,0.0009687444444444445,90000000
Primary_Producers,0.8947368421052632,0.0009692417582417583,91000000
Primary_Producers,0.8947368421052632,0.0009686630434782608,92000000
Primary_Producers,0.8947368421052632,0.000968505376344086,93000000
Primary_Producers,0.8947368421052632,0.0009690425531914894,94000000
Primary_Producers,0.8947368421052632,0.0009692210526315789,95000000
Primary_Producers,0.8947368421052632,0.0009695416666666666,96000000
Primary_Producers,0.8947368421052632,0.0009693298969072165,97000000
Primary_Producers,0.8947368421052632,0.0009696020408163265,98000000
Primary_Producers,0.8947368421052632,0.00097,99000000
Primary_Producers,0.8947368421052632,0.00097,100000000
