Primary_Producers,0.688726732204993,0.965059,1000000
Primary_Producers,0.688726732204993,0.965121,2000000
Primary_Producers,0.688726732204993,0.9650726666666667,3000000
Primary_Producers,0.688726732204993,0.96507875,4000000
Primary_Producers,0.688726732204993,0.9650764,5000000
Primary_Producers,0.688726732204993,0.9650346666666667,6000000
Primary_Producers,0.688726732204993,0.9650451428571428,7000000
Primary_Producers,0.688726732204993,0.96509275,8000000
Primary_Producers,0.688726732204993,0.9651033333333333,9000000
Primary_Producers,0.688726732204993,0.9651043,10000000
Primary_Producers,0.688726732204993,0.9651378181818182,11000000
Primary_Producers,0.688726732204993,0.965173,12000000
Primary_Producers,0.688726732204993,0.9651580769230769,13000000
Primary_Producers,0.688726732204993,0.9651692142857143,14000000
Primary_Producers,0.688726732204993,0.9651618666666667,15000000
Primary_Producers,0.688726732204993,0.9651764375,16000000
Primary_Producers,0.688726732204993,0.965187294117647,17000000
Primary_Producers,0.688726732204993,0.9651916111111111,18000000
Primary_Producers,0.688726732204993,0.9651866842105263,19000000
Primary_Producers,0.688726732204993,0.9651795,20000000
Primary_Producers,0.688726732204993,0.9651818571428571,21000000
Primary_Producers,0.688726732204993,0.9651860454545454,22000000
Primary_Producers,0.688726732204993,0.9651939565217391,23000000
Primary_Producers,0.688726732204993,0.9651815416666667,24000000
Primary_Producers,0.688726732204993,0.9651866,25000000
Primary_Producers,0.688726732204993,0.9651683461538462,26000000
Primary_Producers,0.688726732204993,0.9651581111111112,27000000
Primary_Producers,0.688726732204993,0.9651561071428572,28000000
Primary_Producers,0.688726732204993,0.9651625862068965,29000000
Primary_Producers,0.688726732204993,0.9651668,30000000
Primary_Producers,0.688726732204993,0.9651648387096774,31000000
Primary_Producers,0.688726732204993,0.9651634375,32000000
Primary_Producers,0.688726732204993,0.9651599696969697,33000000
Primary_Producers,0.688726732204993,0.9651651764705882,34000000
Primary_Producers,0.688726732204993,0.9651624285714285,35000000
Primary_Producers,0.688726732204993,0.9651653333333333,36000000
Primary_Producers,0.688726732204993,0.9651635135135135,37000000
Primary_Producers,0.688726732204993,0.965163,38000000
Primary_Producers,0.688726732204993,0.9651586153846153,39000000
Primary_Producers,0.688726732204993,0.965160875,40000000
Primary_Producers,0.688726732204993,0.9651587804878049,41000000
Primary_Producers,0.688726732204993,0.9651597857142857,42000000
Primary_Producers,0.688726732204993,0.965156953488372,43000000
Primary_Producers,0.688726732204993,0.96516175,44000000
Primary_Producers,0.688726732204993,0.9651609111111111,45000000
Primary_Producers,0.688726732204993,0.9651541521739131,46000000
Primary_Producers,0.688726732204993,0.9651549574468085,47000000
Primary_Producers,0.688726732204993,0.9651595416666666,48000000
Primary_Producers,0.688726732204993,0.9651630204081633,49000000
Primary_Producers,0.688726732204993,0.96516966,50000000
Primary_Producers,0.688726732204993,0.9651643333333333,51000000
Primary_Producers,0.688726732204993,0.9651650192307692,52000000
Primary_Producers,0.688726732204993,0.9651611509433963,53000000
Primary_Producers,0.688726732204993,0.9651586481481481,54000000
Primary_Producers,0.688726732204993,0.9651584727272727,55000000
Primary_Producers,0.688726732204993,0.9651563392857143,56000000
Primary_Producers,0.688726732204993,0.9651512456140351,57000000
Primary_Producers,0.688726732204993,0.9651551034482758,58000000
Primary_Producers,0.688726732204993,0.9651587627118644,59000000
Primary_Producers,0.688726732204993,0.9651615666666666,60000000
Primary_Producers,0.688726732204993,0.9651594590163934,61000000
Primary_Producers,0.688726732204993,0.965160064516129,62000000
Primary_Producers,0.688726732204993,0.9651615555555556,63000000
Primary_Producers,0.688726732204993,0.96516615625,64000000
Primary_Producers,0.688726732204993,0.9651647692307692,65000000
Primary_Producers,0.688726732204993,0.9651626969696969,66000000
Primary_Producers,0.688726732204993,0.9651655970149253,67000000
Primary_Producers,0.688726732204993,0.9651707794117647,68000000
Primary_Producers,0.688726732204993,0.9651699855072464,69000000
Primary_Producers,0.688726732204993,0.9651678571428571,70000000
Primary_Producers,0.688726732204993,0.9651684929577464,71000000
Primary_Producers,0.688726732204993,0.9651669583333333,72000000
Primary_Producers,0.688726732204993,0.965167493150685,73000000
Primary_Producers,0.688726732204993,0.9651661891891892,74000000
Primary_Producers,0.688726732204993,0.9651607333333333,75000000
Primary_Producers,0.688726732204993,0.9651632763157895,76000000
Primary_Producers,0.688726732204993,0.965162077922078,77000000
Primary_Producers,0.688726732204993,0.9651602692307693,78000000
Primary_Producers,0.688726732204993,0.9651574810126582,79000000
Primary_Producers,0.688726732204993,0.965158775,80000000
Primary_Producers,0.688726732204993,0.9651594691358024,81000000
Primary_Producers,0.688726732204993,0.9651598780487805,82000000
Primary_Producers,0.688726732204993,0.9651590843373494,83000000
Primary_Producers,0.688726732204993,0.9651576190476191,84000000
Primary_Producers,0.688726732204993,0.9651564705882353,85000000
Primary_Producers,0.688726732204993,0.965158,86000000
Primary_Producers,0.688726732204993,0.9651589885057471,87000000
Primary_Producers,0.688726732204993,0.9651589090909091,88000000
Primary_Producers,0.688726732204993,0.9651588202247191,89000000
Primary_Producers,0.688726732204993,0.9651603111111111,90000000
Primary_Producers,0.688726732204993,0.9651603736263736,91000000
Primary_Producers,0.688726732204993,0.965160054347826,92000000
Primary_Producers,0.688726732204993,0.9651569892473119,93000000
Primary_Producers,0.688726732204993,0.9651562340425532,94000000
Primary_Producers,0.688726732204993,0.9651535263157894,95000000
Primary_Producers,0.688726732204993,0.96515290625,96000000
Primary_Producers,0.688726732204993,0.9651498350515464,97000000
Primary_Producers,0.688726732204993,0.9651538163265306,98000000
Primary_Producers,0.688726732204993,0.9651535151515152,99000000
Primary_Producers,0.688726732204993,0.96515495,100000000
