Primary_Producers,0.7307692307692307,0.130962,1000000
Primary_Producers,0.7307692307692307,0.1310675,2000000
Primary_Producers,0.7307692307692307,0.131117,3000000
Primary_Producers,0.7307692307692307,0.13117875,4000000
Primary_Producers,0.7307692307692307,0.1310994,5000000
Primary_Producers,0.7307692307692307,0.1311625,6000000
Primary_Producers,0.7307692307692307,0.13117185714285715,7000000
Primary_Producers,0.7307692307692307,0.1311105,8000000
Primary_Producers,0.7307692307692307,0.131109,9000000
Primary_Producers,0.7307692307692307,0.1312194,10000000
Primary_Producers,0.7307692307692307,0.13122290909090908,11000000
Primary_Producers,0.7307692307692307,0.13122508333333333,12000000
Primary_Producers,0.7307692307692307,0.13125523076923076,13000000
Primary_Producers,0.7307692307692307,0.13129057142857142,14000000
Primary_Producers,0.7307692307692307,0.1313038,15000000
Primary_Producers,0.7307692307692307,0.131291875,16000000
Primary_Producers,0.7307692307692307,0.13130417647058823,17000000
Primary_Producers,0.7307692307692307,0.1313231111111111,18000000
Primary_Producers,0.7307692307692307,0.13132494736842104,19000000
Primary_Producers,0.7307692307692307,0.131334,20000000
Primary_Producers,0.7307692307692307,0.13131461904761904,21000000
Primary_Producers,0.7307692307692307,0.13132577272727272,22000000
Primary_Producers,0.7307692307692307,0.1313206956521739,23000000
Primary_Producers,0.7307692307692307,0.13132170833333334,24000000
Primary_Producers,0.7307692307692307,0.1313328,25000000
Primary_Producers,0.7307692307692307,0.13131765384615385,26000000
Primary_Producers,0.7307692307692307,0.13133311111111112,27000000
Primary_Producers,0.7307692307692307,0.13133957142857142,28000000
Primary_Producers,0.7307692307692307,0.13133944827586208,29000000
Primary_Producers,0.7307692307692307,0.1313269,30000000
Primary_Producers,0.7307692307692307,0.1313368387096774,31000000
Primary_Producers,0.7307692307692307,0.13134625,32000000
Primary_Producers,0.7307692307692307,0.1313498787878788,33000000
Primary_Producers,0.7307692307692307,0.13134288235294117,34000000
Primary_Producers,0.7307692307692307,0.13132631428571429,35000000
Primary_Producers,0.7307692307692307,0.13130963888888889,36000000
Primary_Producers,0.7307692307692307,0.13131310810810812,37000000
Primary_Producers,0.7307692307692307,0.13131773684210526,38000000
Primary_Producers,0.7307692307692307,0.13131584615384614,39000000
Primary_Producers,0.7307692307692307,0.131314675,40000000
Primary_Producers,0.7307692307692307,0.1313232195121951,41000000
Primary_Producers,0.7307692307692307,0.13131728571428572,42000000
Primary_Producers,0.7307692307692307,0.1313198604651163,43000000
Primary_Producers,0.7307692307692307,0.13133095454545454,44000000
Primary_Producers,0.7307692307692307,0.13132246666666667,45000000
Primary_Producers,0.7307692307692307,0.13131984782608697,46000000
Primary_Producers,0.7307692307692307,0.13132074468085106,47000000
Primary_Producers,0.7307692307692307,0.13131264583333332,48000000
Primary_Producers,0.7307692307692307,0.13130746938775512,49000000
Primary_Producers,0.7307692307692307,0.1313009,50000000
Primary_Producers,0.7307692307692307,0.131302568627451,51000000
Primary_Producers,0.7307692307692307,0.13131196153846153,52000000
Primary_Producers,0.7307692307692307,0.13131269811320756,53000000
Primary_Producers,0.7307692307692307,0.13131555555555555,54000000
Primary_Producers,0.7307692307692307,0.1313216,55000000
Primary_Producers,0.7307692307692307,0.13131332142857144,56000000
Primary_Producers,0.7307692307692307,0.13131015789473685,57000000
Primary_Producers,0.7307692307692307,0.1313056551724138,58000000
Primary_Producers,0.7307692307692307,0.13130328813559322,59000000
Primary_Producers,0.7307692307692307,0.13130183333333334,60000000
Primary_Producers,0.7307692307692307,0.13130654098360656,61000000
Primary_Producers,0.7307692307692307,0.13130608064516128,62000000
Primary_Producers,0.7307692307692307,0.13130780952380952,63000000
Primary_Producers,0.7307692307692307,0.13130475,64000000
Primary_Producers,0.7307692307692307,0.13130603076923078,65000000
Primary_Producers,0.7307692307692307,0.13130083333333334,66000000
Primary_Producers,0.7307692307692307,0.1313052686567164,67000000
Primary_Producers,0.7307692307692307,0.13130645588235293,68000000
Primary_Producers,0.7307692307692307,0.1313112463768116,69000000
Primary_Producers,0.7307692307692307,0.13130907142857143,70000000
Primary_Producers,0.7307692307692307,0.13129984507042253,71000000
Primary_Producers,0.7307692307692307,0.13129788888888888,72000000
Primary_Producers,0.7307692307692307,0.13129886301369864,73000000
Primary_Producers,0.7307692307692307,0.13130551351351352,74000000
Primary_Producers,0.7307692307692307,0.13130730666666668,75000000
Primary_Producers,0.7307692307692307,0.1313051052631579,76000000
Primary_Producers,0.7307692307692307,0.13130822077922077,77000000
Primary_Producers,0.7307692307692307,0.13131108974358974,78000000
Primary_Producers,0.7307692307692307,0.1312979493670886,79000000
Primary_Producers,0.7307692307692307,0.13129815,80000000
Primary_Producers,0.7307692307692307,0.13129903703703705,81000000
Primary_Producers,0.7307692307692307,0.13130069512195122,82000000
Primary_Producers,0.7307692307692307,0.13130409638554216,83000000
Primary_Producers,0.7307692307692307,0.13131684523809523,84000000
Primary_Producers,0.7307692307692307,0.1313223294117647,85000000
Primary_Producers,0.7307692307692307,0.1313266511627907,86000000
Primary_Producers,0.7307692307692307,0.13132745977011495,87000000
Primary_Producers,0.7307692307692307,0.1313353068181818,88000000
Primary_Producers,0.7307692307692307,0.13133370786516854,89000000
Primary_Producers,0.7307692307692307,0.13133438888888888,90000000
Primary_Producers,0.7307692307692307,0.13133562637362636,91000000
Primary_Producers,0.7307692307692307,0.13133954347826088,92000000
Primary_Producers,0.7307692307692307,0.1313385698924731,93000000
Primary_Producers,0.7307692307692307,0.13133702127659574,94000000
Primary_Producers,0.7307692307692307,0.13133986315789473,95000000
Primary_Producers,0.7307692307692307,0.131342125,96000000
Primary_Producers,0.7307692307692307,0.13133986597938144,97000000
Primary_Producers,0.7307692307692307,0.13134504081632653,98000000
Primary_Producers,0.7307692307692307,0.13134343434343435,99000000
Primary_Producers,0.7307692307692307,0.13134045,100000000
