Primary_Producers,0.814792663476874,0.679903,1000000
Primary_Producers,0.814792663476874,0.6800575,2000000
Primary_Producers,0.814792663476874,0.6797503333333333,3000000
Primary_Producers,0.814792663476874,0.67977475,4000000
Primary_Producers,0.814792663476874,0.6797406,5000000
Primary_Producers,0.814792663476874,0.679793,6000000
Primary_Producers,0.814792663476874,0.6796992857142857,7000000
Primary_Producers,0.814792663476874,0.679740625,8000000
Primary_Producers,0.814792663476874,0.6797642222222222,9000000
Primary_Producers,0.814792663476874,0.679741,10000000
Primary_Producers,0.814792663476874,0.6797064545454545,11000000
Primary_Producers,0.814792663476874,0.6797040833333333,12000000
Primary_Producers,0.814792663476874,0.679649,13000000
Primary_Producers,0.814792663476874,0.6796502142857143,14000000
Primary_Producers,0.814792663476874,0.6796318,15000000
Primary_Producers,0.814792663476874,0.6796215625,16000000
Primary_Producers,0.814792663476874,0.6795875882352941,17000000
Primary_Producers,0.814792663476874,0.6795944444444444,18000000
Primary_Producers,0.814792663476874,0.6795681052631579,19000000
Primary_Producers,0.814792663476874,0.67957985,20000000
Primary_Producers,0.814792663476874,0.6796297619047619,21000000
Primary_Producers,0.814792663476874,0.6795939545454546,22000000
Primary_Producers,0.814792663476874,0.6796159130434782,23000000
Primary_Producers,0.814792663476874,0.6796014583333333,24000000
Primary_Producers,0.814792663476874,0.67960816,25000000
Primary_Producers,0.814792663476874,0.6795713076923077,26000000
Primary_Producers,0.814792663476874,0.6795924074074075,27000000
Primary_Producers,0.814792663476874,0.6795826785714286,28000000
Primary_Producers,0.814792663476874,0.6795779310344827,29000000
Primary_Producers,0.814792663476874,0.6795882666666667,30000000
Primary_Producers,0.814792663476874,0.6796179032258064,31000000
Primary_Producers,0.814792663476874,0.67962165625,32000000
Primary_Producers,0.814792663476874,0.6796129090909091,33000000
Primary_Producers,0.814792663476874,0.6795952647058824,34000000
Primary_Producers,0.814792663476874,0.6795894571428571,35000000
Primary_Producers,0.814792663476874,0.6795639444444445,36000000
Primary_Producers,0.814792663476874,0.679559054054054,37000000
Primary_Producers,0.814792663476874,0.6795707894736842,38000000
Primary_Producers,0.814792663476874,0.6795831794871795,39000000
Primary_Producers,0.814792663476874,0.679595275,40000000
Primary_Producers,0.814792663476874,0.6795711951219512,41000000
Primary_Producers,0.814792663476874,0.6795759285714286,42000000
Primary_Producers,0.814792663476874,0.6795793255813953,43000000
Primary_Producers,0.814792663476874,0.6795808181818181,44000000
Primary_Producers,0.814792663476874,0.6795776444444445,45000000
Primary_Producers,0.814792663476874,0.6795776739130435,46000000
Primary_Producers,0.814792663476874,0.6795807659574468,47000000
Primary_Producers,0.814792663476874,0.67956875,48000000
Primary_Producers,0.814792663476874,0.6795644081632654,49000000
Primary_Producers,0.814792663476874,0.67956286,50000000
Primary_Producers,0.814792663476874,0.6795551568627451,51000000
Primary_Producers,0.814792663476874,0.679545076923077,52000000
Primary_Producers,0.814792663476874,0.6795340188679245,53000000
Primary_Producers,0.814792663476874,0.6795410555555556,54000000
Primary_Producers,0.814792663476874,0.6795478545454545,55000000
Primary_Producers,0.814792663476874,0.6795494285714285,56000000
Primary_Producers,0.814792663476874,0.6795446140350877,57000000
Primary_Producers,0.814792663476874,0.679538,58000000
Primary_Producers,0.814792663476874,0.679542406779661,59000000
Primary_Producers,0.814792663476874,0.6795336166666667,60000000
Primary_Producers,0.814792663476874,0.6795294918032787,61000000
Primary_Producers,0.814792663476874,0.6795285322580645,62000000
Primary_Producers,0.814792663476874,0.679531126984127,63000000
Primary_Producers,0.814792663476874,0.679524546875,64000000
Primary_Producers,0.814792663476874,0.6795312,65000000
Primary_Producers,0.814792663476874,0.6795299545454545,66000000
Primary_Producers,0.814792663476874,0.6795180298507463,67000000
Primary_Producers,0.814792663476874,0.6795210735294117,68000000
Primary_Producers,0.814792663476874,0.679518,69000000
Primary_Producers,0.814792663476874,0.6795175142857143,70000000
Primary_Producers,0.814792663476874,0.6795112816901409,71000000
Primary_Producers,0.814792663476874,0.6795150416666667,72000000
Primary_Producers,0.814792663476874,0.6795125753424658,73000000
Primary_Producers,0.814792663476874,0.6795107432432432,74000000
Primary_Producers,0.814792663476874,0.6795107466666667,75000000
Primary_Producers,0.814792663476874,0.6795036315789473,76000000
Primary_Producers,0.814792663476874,0.6795107402597402,77000000
Primary_Producers,0.814792663476874,0.6795127692307692,78000000
Primary_Producers,0.814792663476874,0.679509329113924,79000000
Primary_Producers,0.814792663476874,0.679514575,80000000
Primary_Producers,0.814792663476874,0.679509,81000000
Primary_Producers,0.814792663476874,0.6795108170731707,82000000
Primary_Producers,0.814792663476874,0.679506313253012,83000000
Primary_Producers,0.814792663476874,0.6795016547619047,84000000
Primary_Producers,0.814792663476874,0.6794942705882353,85000000
Primary_Producers,0.814792663476874,0.6794954767441861,86000000
Primary_Producers,0.814792663476874,0.6794875172413793,87000000
Primary_Producers,0.814792663476874,0.6794730340909091,88000000
Primary_Producers,0.814792663476874,0.6794756966292135,89000000
Primary_Producers,0.814792663476874,0.6794724666666667,90000000
Primary_Producers,0.814792663476874,0.6794746703296703,91000000
Primary_Producers,0.814792663476874,0.6794773695652174,92000000
Primary_Producers,0.814792663476874,0.6794769892473118,93000000
Primary_Producers,0.814792663476874,0.6794710638297873,94000000
Primary_Producers,0.814792663476874,0.6794688315789473,95000000
Primary_Producers,0.814792663476874,0.6794711666666666,96000000
Primary_Producers,0.814792663476874,0.6794675567010309,97000000
Primary_Producers,0.814792663476874,0.6794661428571429,98000000
Primary_Producers,0.814792663476874,0.6794655252525252,99000000
Primary_Producers,0.814792663476874,0.67946693,100000000
