Herbivores,0.6093754527489469,4.7e-5,1000000
Herbivores,0.6093754527489469,5.0e-5,2000000
Herbivores,0.6093754527489469,5.2e-5,3000000
Herbivores,0.6093754527489469,5.15e-5,4000000
Herbivores,0.6093754527489469,5.18e-5,5000000
Herbivores,0.6093754527489469,5.2833333333333335e-5,6000000
Herbivores,0.6093754527489469,5.2428571428571426e-5,7000000
Herbivores,0.6093754527489469,5.2125e-5,8000000
Herbivores,0.6093754527489469,5.066666666666667e-5,9000000
Herbivores,0.6093754527489469,5.14e-5,10000000
Herbivores,0.6093754527489469,5.154545454545455e-5,11000000
Herbivores,0.6093754527489469,5.158333333333333e-5,12000000
Herbivores,0.6093754527489469,5.269230769230769e-5,13000000
Herbivores,0.6093754527489469,5.25e-5,14000000
Herbivores,0.6093754527489469,5.193333333333333e-5,15000000
Herbivores,0.6093754527489469,5.3e-5,16000000
Herbivores,0.6093754527489469,5.376470588235294e-5,17000000
Herbivores,0.6093754527489469,5.388888888888889e-5,18000000
Herbivores,0.6093754527489469,5.410526315789474e-5,19000000
Herbivores,0.6093754527489469,5.4e-5,20000000
Herbivores,0.6093754527489469,5.361904761904762e-5,21000000
Herbivores,0.6093754527489469,5.4e-5,22000000
Herbivores,0.6093754527489469,5.408695652173913e-5,23000000
Herbivores,0.6093754527489469,5.4e-5,24000000
Herbivores,0.6093754527489469,5.364e-5,25000000
Herbivores,0.6093754527489469,5.3692307692307695e-5,26000000
Herbivores,0.6093754527489469,5.351851851851852e-5,27000000
Herbivores,0.6093754527489469,5.3357142857142854e-5,28000000
Herbivores,0.6093754527489469,5.3344827586206897e-5,29000000
Herbivores,0.6093754527489469,5.316666666666667e-5,30000000
Herbivores,0.6093754527489469,5.312903225806452e-5,31000000
Herbivores,0.6093754527489469,5.29375e-5,32000000
Herbivores,0.6093754527489469,5.306060606060606e-5,33000000
Herbivores,0.6093754527489469,5.291176470588235e-5,34000000
Herbivores,0.6093754527489469,5.262857142857143e-5,35000000
Herbivores,0.6093754527489469,5.2694444444444444e-5,36000000
Herbivores,0.6093754527489469,5.2783783783783785e-5,37000000
Herbivores,0.6093754527489469,5.278947368421053e-5,38000000
Herbivores,0.6093754527489469,5.3076923076923076e-5,39000000
Herbivores,0.6093754527489469,5.2775e-5,40000000
Herbivores,0.6093754527489469,5.3048780487804876e-5,41000000
Herbivores,0.6093754527489469,5.3e-5,42000000
Herbivores,0.6093754527489469,5.288372093023256e-5,43000000
Herbivores,0.6093754527489469,5.2795454545454544e-5,44000000
Herbivores,0.6093754527489469,5.288888888888889e-5,45000000
Herbivores,0.6093754527489469,5.267391304347826e-5,46000000
Herbivores,0.6093754527489469,5.2382978723404256e-5,47000000
Herbivores,0.6093754527489469,5.2333333333333336e-5,48000000
Herbivores,0.6093754527489469,5.251020408163265e-5,49000000
Herbivores,0.6093754527489469,5.208e-5,50000000
Herbivores,0.6093754527489469,5.192156862745098e-5,51000000
Herbivores,0.6093754527489469,5.196153846153846e-5,52000000
Herbivores,0.6093754527489469,5.1981132075471696e-5,53000000
Herbivores,0.6093754527489469,5.187037037037037e-5,54000000
Herbivores,0.6093754527489469,5.189090909090909e-5,55000000
Herbivores,0.6093754527489469,5.1875e-5,56000000
Herbivores,0.6093754527489469,5.196491228070175e-5,57000000
Herbivores,0.6093754527489469,5.2120689655172416e-5,58000000
Herbivores,0.6093754527489469,5.2084745762711864e-5,59000000
Herbivores,0.6093754527489469,5.2016666666666666e-5,60000000
Herbivores,0.6093754527489469,5.181967213114754e-5,61000000
Herbivores,0.6093754527489469,5.2129032258064514e-5,62000000
Herbivores,0.6093754527489469,5.2126984126984124e-5,63000000
Herbivores,0.6093754527489469,5.190625e-5,64000000
Herbivores,0.6093754527489469,5.2e-5,65000000
Herbivores,0.6093754527489469,5.192424242424242e-5,66000000
Herbivores,0.6093754527489469,5.207462686567164e-5,67000000
Herbivores,0.6093754527489469,5.213235294117647e-5,68000000
Herbivores,0.6093754527489469,5.249275362318841e-5,69000000
Herbivores,0.6093754527489469,5.252857142857143e-5,70000000
Herbivores,0.6093754527489469,5.246478873239436e-5,71000000
Herbivores,0.6093754527489469,5.243055555555556e-5,72000000
Herbivores,0.6093754527489469,5.256164383561644e-5,73000000
Herbivores,0.6093754527489469,5.254054054054054e-5,74000000
Herbivores,0.6093754527489469,5.254666666666667e-5,75000000
Herbivores,0.6093754527489469,5.25e-5,76000000
Herbivores,0.6093754527489469,5.2623376623376624e-5,77000000
Herbivores,0.6093754527489469,5.262820512820513e-5,78000000
Herbivores,0.6093754527489469,5.262025316455696e-5,79000000
Herbivores,0.6093754527489469,5.265e-5,80000000
Herbivores,0.6093754527489469,5.2728395061728395e-5,81000000
Herbivores,0.6093754527489469,5.2804878048780485e-5,82000000
Herbivores,0.6093754527489469,5.283132530120482e-5,83000000
Herbivores,0.6093754527489469,5.2785714285714286e-5,84000000
Herbivores,0.6093754527489469,5.270588235294118e-5,85000000
Herbivores,0.6093754527489469,5.282558139534884e-5,86000000
Herbivores,0.6093754527489469,5.283908045977011e-5,87000000
Herbivores,0.6093754527489469,5.275e-5,88000000
Herbivores,0.6093754527489469,5.271910112359551e-5,89000000
Herbivores,0.6093754527489469,5.281111111111111e-5,90000000
Herbivores,0.6093754527489469,5.279120879120879e-5,91000000
Herbivores,0.6093754527489469,5.279347826086957e-5,92000000
Herbivores,0.6093754527489469,5.291397849462366e-5,93000000
Herbivores,0.6093754527489469,5.285106382978723e-5,94000000
Herbivores,0.6093754527489469,5.288421052631579e-5,95000000
Herbivores,0.6093754527489469,5.2947916666666665e-5,96000000
Herbivores,0.6093754527489469,5.295876288659794e-5,97000000
Herbivores,0.6093754527489469,5.290816326530612e-5,98000000
Herbivores,0.6093754527489469,5.287878787878788e-5,99000000
Herbivores,0.6093754527489469,5.289e-5,100000000
