Primary_Producers,0.4512820512820513,0.987626,1000000
Primary_Producers,0.4512820512820513,0.9875515,2000000
Primary_Producers,0.4512820512820513,0.987578,3000000
Primary_Producers,0.4512820512820513,0.987571,4000000
Primary_Producers,0.4512820512820513,0.9876162,5000000
Primary_Producers,0.4512820512820513,0.9876288333333333,6000000
Primary_Producers,0.4512820512820513,0.9876245714285714,7000000
Primary_Producers,0.4512820512820513,0.98764975,8000000
Primary_Producers,0.4512820512820513,0.9876374444444445,9000000
Primary_Producers,0.4512820512820513,0.9876316,10000000
Primary_Producers,0.4512820512820513,0.987631,11000000
Primary_Producers,0.4512820512820513,0.9876235,12000000
Primary_Producers,0.4512820512820513,0.9876212307692308,13000000
Primary_Producers,0.4512820512820513,0.9876199285714286,14000000
Primary_Producers,0.4512820512820513,0.9876241333333333,15000000
Primary_Producers,0.4512820512820513,0.9876209375,16000000
Primary_Producers,0.4512820512820513,0.9876211176470588,17000000
Primary_Producers,0.4512820512820513,0.9876166666666667,18000000
Primary_Producers,0.4512820512820513,0.9876205789473684,19000000
Primary_Producers,0.4512820512820513,0.9876239,20000000
Primary_Producers,0.4512820512820513,0.9876268571428571,21000000
Primary_Producers,0.4512820512820513,0.9876283181818182,22000000
Primary_Producers,0.4512820512820513,0.987626,23000000
Primary_Producers,0.4512820512820513,0.9876302916666667,24000000
Primary_Producers,0.4512820512820513,0.98763152,25000000
Primary_Producers,0.4512820512820513,0.9876303846153847,26000000
Primary_Producers,0.4512820512820513,0.9876345925925926,27000000
Primary_Producers,0.4512820512820513,0.9876386428571429,28000000
Primary_Producers,0.4512820512820513,0.9876378620689655,29000000
Primary_Producers,0.4512820512820513,0.9876458333333333,30000000
Primary_Producers,0.4512820512820513,0.9876409032258064,31000000
Primary_Producers,0.4512820512820513,0.98764290625,32000000
Primary_Producers,0.4512820512820513,0.9876450606060606,33000000
Primary_Producers,0.4512820512820513,0.9876456176470588,34000000
Primary_Producers,0.4512820512820513,0.9876481428571429,35000000
Primary_Producers,0.4512820512820513,0.9876473888888889,36000000
Primary_Producers,0.4512820512820513,0.9876408648648649,37000000
Primary_Producers,0.4512820512820513,0.9876381315789474,38000000
Primary_Producers,0.4512820512820513,0.9876402564102564,39000000
Primary_Producers,0.4512820512820513,0.9876488,40000000
Primary_Producers,0.4512820512820513,0.9876485365853659,41000000
Primary_Producers,0.4512820512820513,0.9876489523809524,42000000
Primary_Producers,0.4512820512820513,0.987649488372093,43000000
Primary_Producers,0.4512820512820513,0.9876499545454546,44000000
Primary_Producers,0.4512820512820513,0.9876535111111111,45000000
Primary_Producers,0.4512820512820513,0.9876515869565218,46000000
Primary_Producers,0.4512820512820513,0.9876550425531915,47000000
Primary_Producers,0.4512820512820513,0.987653875,48000000
Primary_Producers,0.4512820512820513,0.9876527551020409,49000000
Primary_Producers,0.4512820512820513,0.98765434,50000000
Primary_Producers,0.4512820512820513,0.9876550588235294,51000000
Primary_Producers,0.4512820512820513,0.9876525961538462,52000000
Primary_Producers,0.4512820512820513,0.9876531698113208,53000000
Primary_Producers,0.4512820512820513,0.9876523888888888,54000000
Primary_Producers,0.4512820512820513,0.9876540727272727,55000000
Primary_Producers,0.4512820512820513,0.9876523035714285,56000000
Primary_Producers,0.4512820512820513,0.987650754385965,57000000
Primary_Producers,0.4512820512820513,0.9876516896551724,58000000
Primary_Producers,0.4512820512820513,0.987652966101695,59000000
Primary_Producers,0.4512820512820513,0.98765315,60000000
Primary_Producers,0.4512820512820513,0.9876545409836066,61000000
Primary_Producers,0.4512820512820513,0.9876558225806452,62000000
Primary_Producers,0.4512820512820513,0.9876564444444444,63000000
Primary_Producers,0.4512820512820513,0.98765915625,64000000
Primary_Producers,0.4512820512820513,0.9876573076923076,65000000
Primary_Producers,0.4512820512820513,0.9876575606060606,66000000
Primary_Producers,0.4512820512820513,0.9876588955223881,67000000
Primary_Producers,0.4512820512820513,0.9876596029411765,68000000
Primary_Producers,0.4512820512820513,0.9876600144927536,69000000
Primary_Producers,0.4512820512820513,0.9876593,70000000
Primary_Producers,0.4512820512820513,0.9876607464788733,71000000
Primary_Producers,0.4512820512820513,0.987659625,72000000
Primary_Producers,0.4512820512820513,0.9876579863013699,73000000
Primary_Producers,0.4512820512820513,0.9876587027027027,74000000
Primary_Producers,0.4512820512820513,0.9876575333333333,75000000
Primary_Producers,0.4512820512820513,0.9876558815789473,76000000
Primary_Producers,0.4512820512820513,0.9876557662337663,77000000
Primary_Producers,0.4512820512820513,0.9876552051282051,78000000
Primary_Producers,0.4512820512820513,0.9876544430379747,79000000
Primary_Producers,0.4512820512820513,0.9876545875,80000000
Primary_Producers,0.4512820512820513,0.9876541728395062,81000000
Primary_Producers,0.4512820512820513,0.9876530609756098,82000000
Primary_Producers,0.4512820512820513,0.9876552168674699,83000000
Primary_Producers,0.4512820512820513,0.9876534166666666,84000000
Primary_Producers,0.4512820512820513,0.9876509411764706,85000000
Primary_Producers,0.4512820512820513,0.987650476744186,86000000
Primary_Producers,0.4512820512820513,0.9876509770114943,87000000
Primary_Producers,0.4512820512820513,0.9876496022727272,88000000
Primary_Producers,0.4512820512820513,0.987651595505618,89000000
Primary_Producers,0.4512820512820513,0.9876506222222222,90000000
Primary_Producers,0.4512820512820513,0.9876504615384616,91000000
Primary_Producers,0.4512820512820513,0.9876483695652174,92000000
Primary_Producers,0.4512820512820513,0.9876489784946236,93000000
Primary_Producers,0.4512820512820513,0.9876484574468085,94000000
Primary_Producers,0.4512820512820513,0.9876505473684211,95000000
Primary_Producers,0.4512820512820513,0.987650625,96000000
Primary_Producers,0.4512820512820513,0.9876512577319587,97000000
Primary_Producers,0.4512820512820513,0.9876513979591837,98000000
Primary_Producers,0.4512820512820513,0.9876493333333334,99000000
Primary_Producers,0.4512820512820513,0.98764897,100000000
