Herbivores,0.5977011494252874,0.127079,1000000
Herbivores,0.5977011494252874,0.1267755,2000000
Herbivores,0.5977011494252874,0.12690966666666667,3000000
Herbivores,0.5977011494252874,0.126952,4000000
Herbivores,0.5977011494252874,0.1269114,5000000
Herbivores,0.5977011494252874,0.1268895,6000000
Herbivores,0.5977011494252874,0.12694914285714284,7000000
Herbivores,0.5977011494252874,0.1269465,8000000
Herbivores,0.5977011494252874,0.12696422222222223,9000000
Herbivores,0.5977011494252874,0.1269603,10000000
Herbivores,0.5977011494252874,0.12696645454545455,11000000
Herbivores,0.5977011494252874,0.12696866666666667,12000000
Herbivores,0.5977011494252874,0.12701784615384615,13000000
Herbivores,0.5977011494252874,0.12706107142857143,14000000
Herbivores,0.5977011494252874,0.12706526666666668,15000000
Herbivores,0.5977011494252874,0.127078375,16000000
Herbivores,0.5977011494252874,0.12708535294117648,17000000
Herbivores,0.5977011494252874,0.12706083333333335,18000000
Herbivores,0.5977011494252874,0.1270711052631579,19000000
Herbivores,0.5977011494252874,0.1270681,20000000
Herbivores,0.5977011494252874,0.1270705238095238,21000000
Herbivores,0.5977011494252874,0.1270794090909091,22000000
Herbivores,0.5977011494252874,0.12705613043478262,23000000
Herbivores,0.5977011494252874,0.127064375,24000000
Herbivores,0.5977011494252874,0.12705936,25000000
Herbivores,0.5977011494252874,0.12705884615384616,26000000
Herbivores,0.5977011494252874,0.12703259259259259,27000000
Herbivores,0.5977011494252874,0.1270497857142857,28000000
Herbivores,0.5977011494252874,0.12704510344827585,29000000
Herbivores,0.5977011494252874,0.12702766666666668,30000000
Herbivores,0.5977011494252874,0.127038,31000000
Herbivores,0.5977011494252874,0.127053625,32000000
Herbivores,0.5977011494252874,0.12704951515151516,33000000
Herbivores,0.5977011494252874,0.1270455294117647,34000000
Herbivores,0.5977011494252874,0.12704714285714286,35000000
Herbivores,0.5977011494252874,0.12703930555555557,36000000
Herbivores,0.5977011494252874,0.12704454054054054,37000000
Herbivores,0.5977011494252874,0.12705010526315788,38000000
Herbivores,0.5977011494252874,0.1270478717948718,39000000
Herbivores,0.5977011494252874,0.127050825,40000000
Herbivores,0.5977011494252874,0.1270399268292683,41000000
Herbivores,0.5977011494252874,0.12704585714285715,42000000
Herbivores,0.5977011494252874,0.12705165116279069,43000000
Herbivores,0.5977011494252874,0.12703693181818182,44000000
Herbivores,0.5977011494252874,0.12704415555555557,45000000
Herbivores,0.5977011494252874,0.12705165217391304,46000000
Herbivores,0.5977011494252874,0.12703778723404255,47000000
Herbivores,0.5977011494252874,0.12703391666666666,48000000
Herbivores,0.5977011494252874,0.1270320612244898,49000000
Herbivores,0.5977011494252874,0.12704182,50000000
Herbivores,0.5977011494252874,0.12703427450980392,51000000
Herbivores,0.5977011494252874,0.12703807692307692,52000000
Herbivores,0.5977011494252874,0.12702705660377359,53000000
Herbivores,0.5977011494252874,0.1270214259259259,54000000
Herbivores,0.5977011494252874,0.1270179090909091,55000000
Herbivores,0.5977011494252874,0.12701917857142858,56000000
Herbivores,0.5977011494252874,0.12701777192982455,57000000
Herbivores,0.5977011494252874,0.1270175,58000000
Herbivores,0.5977011494252874,0.12701420338983052,59000000
Herbivores,0.5977011494252874,0.1270169,60000000
Herbivores,0.5977011494252874,0.12703380327868852,61000000
Herbivores,0.5977011494252874,0.12704279032258065,62000000
Herbivores,0.5977011494252874,0.12703609523809523,63000000
Herbivores,0.5977011494252874,0.127040578125,64000000
Herbivores,0.5977011494252874,0.12704646153846152,65000000
Herbivores,0.5977011494252874,0.1270435909090909,66000000
Herbivores,0.5977011494252874,0.1270398656716418,67000000
Herbivores,0.5977011494252874,0.12703160294117646,68000000
Herbivores,0.5977011494252874,0.12702708695652173,69000000
Herbivores,0.5977011494252874,0.12702121428571428,70000000
Herbivores,0.5977011494252874,0.12702495774647887,71000000
Herbivores,0.5977011494252874,0.12702830555555555,72000000
Herbivores,0.5977011494252874,0.12702491780821917,73000000
Herbivores,0.5977011494252874,0.12702674324324326,74000000
Herbivores,0.5977011494252874,0.12702481333333332,75000000
Herbivores,0.5977011494252874,0.12701163157894738,76000000
Herbivores,0.5977011494252874,0.12700724675324676,77000000
Herbivores,0.5977011494252874,0.12700779487179487,78000000
Herbivores,0.5977011494252874,0.12701632911392405,79000000
Herbivores,0.5977011494252874,0.1270081125,80000000
Herbivores,0.5977011494252874,0.1270104074074074,81000000
Herbivores,0.5977011494252874,0.1270049512195122,82000000
Herbivores,0.5977011494252874,0.12700927710843374,83000000
Herbivores,0.5977011494252874,0.12701082142857142,84000000
Herbivores,0.5977011494252874,0.12701562352941176,85000000
Herbivores,0.5977011494252874,0.12701637209302324,86000000
Herbivores,0.5977011494252874,0.12702685057471264,87000000
Herbivores,0.5977011494252874,0.12703022727272728,88000000
Herbivores,0.5977011494252874,0.12703170786516854,89000000
Herbivores,0.5977011494252874,0.127033,90000000
Herbivores,0.5977011494252874,0.12703067032967033,91000000
Herbivores,0.5977011494252874,0.1270298695652174,92000000
Herbivores,0.5977011494252874,0.12703540860215054,93000000
Herbivores,0.5977011494252874,0.12703598936170213,94000000
Herbivores,0.5977011494252874,0.12703521052631578,95000000
Herbivores,0.5977011494252874,0.1270368125,96000000
Herbivores,0.5977011494252874,0.12703329896907217,97000000
Herbivores,0.5977011494252874,0.1270387448979592,98000000
Herbivores,0.5977011494252874,0.1270342424242424,99000000
Herbivores,0.5977011494252874,0.12703574,100000000
