Primary_Producers,0.8740384615384615,0.22952,1000000
Primary_Producers,0.8740384615384615,0.229394,2000000
Primary_Producers,0.8740384615384615,0.22937566666666667,3000000
Primary_Producers,0.8740384615384615,0.229448,4000000
Primary_Producers,0.8740384615384615,0.229403,5000000
Primary_Producers,0.8740384615384615,0.22950783333333333,6000000
Primary_Producers,0.8740384615384615,0.22950257142857142,7000000
Primary_Producers,0.8740384615384615,0.2294635,8000000
Primary_Producers,0.8740384615384615,0.22949677777777777,9000000
Primary_Producers,0.8740384615384615,0.2295226,10000000
Primary_Producers,0.8740384615384615,0.2295659090909091,11000000
Primary_Producers,0.8740384615384615,0.22959825,12000000
Primary_Producers,0.8740384615384615,0.22956015384615386,13000000
Primary_Producers,0.8740384615384615,0.22955057142857144,14000000
Primary_Producers,0.8740384615384615,0.22954246666666667,15000000
Primary_Producers,0.8740384615384615,0.2294748125,16000000
Primary_Producers,0.8740384615384615,0.2294265294117647,17000000
Primary_Producers,0.8740384615384615,0.22942216666666668,18000000
Primary_Producers,0.8740384615384615,0.22939831578947367,19000000
Primary_Producers,0.8740384615384615,0.22941045,20000000
Primary_Producers,0.8740384615384615,0.2294037142857143,21000000
Primary_Producers,0.8740384615384615,0.22942140909090908,22000000
Primary_Producers,0.8740384615384615,0.22942934782608695,23000000
Primary_Producers,0.8740384615384615,0.22942354166666667,24000000
Primary_Producers,0.8740384615384615,0.22939616,25000000
Primary_Producers,0.8740384615384615,0.2293963846153846,26000000
Primary_Producers,0.8740384615384615,0.22941733333333333,27000000
Primary_Producers,0.8740384615384615,0.22939185714285715,28000000
Primary_Producers,0.8740384615384615,0.22939558620689654,29000000
Primary_Producers,0.8740384615384615,0.22940516666666666,30000000
Primary_Producers,0.8740384615384615,0.2293935806451613,31000000
Primary_Producers,0.8740384615384615,0.22939034375,32000000
Primary_Producers,0.8740384615384615,0.22939645454545454,33000000
Primary_Producers,0.8740384615384615,0.22940120588235294,34000000
Primary_Producers,0.8740384615384615,0.2294016,35000000
Primary_Producers,0.8740384615384615,0.2294152777777778,36000000
Primary_Producers,0.8740384615384615,0.22942010810810812,37000000
Primary_Producers,0.8740384615384615,0.22941144736842106,38000000
Primary_Producers,0.8740384615384615,0.22941225641025642,39000000
Primary_Producers,0.8740384615384615,0.2294056,40000000
Primary_Producers,0.8740384615384615,0.2294111707317073,41000000
Primary_Producers,0.8740384615384615,0.22942166666666666,42000000
Primary_Producers,0.8740384615384615,0.22942146511627906,43000000
Primary_Producers,0.8740384615384615,0.22942770454545455,44000000
Primary_Producers,0.8740384615384615,0.2294120888888889,45000000
Primary_Producers,0.8740384615384615,0.22941265217391305,46000000
Primary_Producers,0.8740384615384615,0.22943374468085106,47000000
Primary_Producers,0.8740384615384615,0.22942645833333333,48000000
Primary_Producers,0.8740384615384615,0.22940557142857143,49000000
Primary_Producers,0.8740384615384615,0.22941884,50000000
Primary_Producers,0.8740384615384615,0.22942917647058825,51000000
Primary_Producers,0.8740384615384615,0.2294251346153846,52000000
Primary_Producers,0.8740384615384615,0.22942452830188678,53000000
Primary_Producers,0.8740384615384615,0.22942657407407407,54000000
Primary_Producers,0.8740384615384615,0.2294203090909091,55000000
Primary_Producers,0.8740384615384615,0.2294345,56000000
Primary_Producers,0.8740384615384615,0.22943798245614036,57000000
Primary_Producers,0.8740384615384615,0.22943643103448275,58000000
Primary_Producers,0.8740384615384615,0.22943683050847458,59000000
Primary_Producers,0.8740384615384615,0.22943948333333333,60000000
Primary_Producers,0.8740384615384615,0.2294424918032787,61000000
Primary_Producers,0.8740384615384615,0.22944217741935483,62000000
Primary_Producers,0.8740384615384615,0.2294461746031746,63000000
Primary_Producers,0.8740384615384615,0.229443484375,64000000
Primary_Producers,0.8740384615384615,0.22944649230769232,65000000
Primary_Producers,0.8740384615384615,0.22945433333333334,66000000
Primary_Producers,0.8740384615384615,0.22945022388059702,67000000
Primary_Producers,0.8740384615384615,0.22944591176470588,68000000
Primary_Producers,0.8740384615384615,0.2294423768115942,69000000
Primary_Producers,0.8740384615384615,0.22944638571428572,70000000
Primary_Producers,0.8740384615384615,0.22944925352112677,71000000
Primary_Producers,0.8740384615384615,0.22944693055555557,72000000
Primary_Producers,0.8740384615384615,0.22945017808219179,73000000
Primary_Producers,0.8740384615384615,0.22945894594594596,74000000
Primary_Producers,0.8740384615384615,0.22946521333333333,75000000
Primary_Producers,0.8740384615384615,0.22946117105263159,76000000
Primary_Producers,0.8740384615384615,0.22945674025974025,77000000
Primary_Producers,0.8740384615384615,0.22945339743589743,78000000
Primary_Producers,0.8740384615384615,0.22943853164556963,79000000
Primary_Producers,0.8740384615384615,0.229440225,80000000
Primary_Producers,0.8740384615384615,0.22944179012345678,81000000
Primary_Producers,0.8740384615384615,0.2294484268292683,82000000
Primary_Producers,0.8740384615384615,0.22944742168674698,83000000
Primary_Producers,0.8740384615384615,0.22945428571428572,84000000
Primary_Producers,0.8740384615384615,0.22944805882352942,85000000
Primary_Producers,0.8740384615384615,0.22945612790697675,86000000
Primary_Producers,0.8740384615384615,0.229455091954023,87000000
Primary_Producers,0.8740384615384615,0.2294649659090909,88000000
Primary_Producers,0.8740384615384615,0.22946708988764045,89000000
Primary_Producers,0.8740384615384615,0.2294625888888889,90000000
Primary_Producers,0.8740384615384615,0.22945684615384615,91000000
Primary_Producers,0.8740384615384615,0.22946035869565218,92000000
Primary_Producers,0.8740384615384615,0.2294613870967742,93000000
Primary_Producers,0.8740384615384615,0.22945324468085107,94000000
Primary_Producers,0.8740384615384615,0.22945531578947367,95000000
Primary_Producers,0.8740384615384615,0.2294608125,96000000
Primary_Producers,0.8740384615384615,0.22946665979381442,97000000
Primary_Producers,0.8740384615384615,0.22947231632653062,98000000
Primary_Producers,0.8740384615384615,0.2294809797979798,99000000
Primary_Producers,0.8740384615384615,0.22948338,100000000
