Primary_Producers,0.8978102189781022,0.001518,1000000
Primary_Producers,0.8978102189781022,0.0014705,2000000
Primary_Producers,0.8978102189781022,0.001473,3000000
Primary_Producers,0.8978102189781022,0.001498,4000000
Primary_Producers,0.8978102189781022,0.0015068,5000000
Primary_Producers,0.8978102189781022,0.0015013333333333333,6000000
Primary_Producers,0.8978102189781022,0.001505,7000000
Primary_Producers,0.8978102189781022,0.001504375,8000000
Primary_Producers,0.8978102189781022,0.0015094444444444445,9000000
Primary_Producers,0.8978102189781022,0.0015061,10000000
Primary_Producers,0.8978102189781022,0.0015081818181818182,11000000
Primary_Producers,0.8978102189781022,0.0015045833333333333,12000000
Primary_Producers,0.8978102189781022,0.0015047692307692307,13000000
Primary_Producers,0.8978102189781022,0.001503,14000000
Primary_Producers,0.8978102189781022,0.001501,15000000
Primary_Producers,0.8978102189781022,0.0015004375,16000000
Primary_Producers,0.8978102189781022,0.0015020588235294117,17000000
Primary_Producers,0.8978102189781022,0.0015003333333333333,18000000
Primary_Producers,0.8978102189781022,0.001504578947368421,19000000
Primary_Producers,0.8978102189781022,0.00150575,20000000
Primary_Producers,0.8978102189781022,0.001502904761904762,21000000
Primary_Producers,0.8978102189781022,0.001503909090909091,22000000
Primary_Producers,0.8978102189781022,0.0015066521739130435,23000000
Primary_Producers,0.8978102189781022,0.0015051666666666666,24000000
Primary_Producers,0.8978102189781022,0.00150276,25000000
Primary_Producers,0.8978102189781022,0.0015032692307692308,26000000
Primary_Producers,0.8978102189781022,0.001503962962962963,27000000
Primary_Producers,0.8978102189781022,0.0015050357142857142,28000000
Primary_Producers,0.8978102189781022,0.0015040689655172414,29000000
Primary_Producers,0.8978102189781022,0.0015052,30000000
Primary_Producers,0.8978102189781022,0.0015041612903225806,31000000
Primary_Producers,0.8978102189781022,0.00150359375,32000000
Primary_Producers,0.8978102189781022,0.0015037272727272727,33000000
Primary_Producers,0.8978102189781022,0.0015043529411764706,34000000
Primary_Producers,0.8978102189781022,0.001502257142857143,35000000
Primary_Producers,0.8978102189781022,0.0015017777777777779,36000000
Primary_Producers,0.8978102189781022,0.0015008648648648648,37000000
Primary_Producers,0.8978102189781022,0.0015019736842105263,38000000
Primary_Producers,0.8978102189781022,0.0015023589743589744,39000000
Primary_Producers,0.8978102189781022,0.001500875,40000000
Primary_Producers,0.8978102189781022,0.0015021463414634146,41000000
Primary_Producers,0.8978102189781022,0.0015012142857142856,42000000
Primary_Producers,0.8978102189781022,0.001500906976744186,43000000
Primary_Producers,0.8978102189781022,0.001500909090909091,44000000
Primary_Producers,0.8978102189781022,0.0015003777777777777,45000000
Primary_Producers,0.8978102189781022,0.0014993478260869565,46000000
Primary_Producers,0.8978102189781022,0.0014999574468085107,47000000
Primary_Producers,0.8978102189781022,0.0014992083333333333,48000000
Primary_Producers,0.8978102189781022,0.0014981020408163265,49000000
Primary_Producers,0.8978102189781022,0.00149992,50000000
Primary_Producers,0.8978102189781022,0.0015000980392156863,51000000
Primary_Producers,0.8978102189781022,0.001498576923076923,52000000
Primary_Producers,0.8978102189781022,0.0014980188679245283,53000000
Primary_Producers,0.8978102189781022,0.001498185185185185,54000000
Primary_Producers,0.8978102189781022,0.001497181818181818,55000000
Primary_Producers,0.8978102189781022,0.0014969821428571428,56000000
Primary_Producers,0.8978102189781022,0.0014966666666666668,57000000
Primary_Producers,0.8978102189781022,0.0014967241379310345,58000000
Primary_Producers,0.8978102189781022,0.00149564406779661,59000000
Primary_Producers,0.8978102189781022,0.0014961,60000000
Primary_Producers,0.8978102189781022,0.0014964426229508196,61000000
Primary_Producers,0.8978102189781022,0.0014970483870967743,62000000
Primary_Producers,0.8978102189781022,0.0014967301587301587,63000000
Primary_Producers,0.8978102189781022,0.001496390625,64000000
Primary_Producers,0.8978102189781022,0.0014958923076923078,65000000
Primary_Producers,0.8978102189781022,0.0014950757575757576,66000000
Primary_Producers,0.8978102189781022,0.0014957462686567165,67000000
Primary_Producers,0.8978102189781022,0.0014966470588235294,68000000
Primary_Producers,0.8978102189781022,0.0014964057971014492,69000000
Primary_Producers,0.8978102189781022,0.0014959285714285714,70000000
Primary_Producers,0.8978102189781022,0.0014961267605633803,71000000
Primary_Producers,0.8978102189781022,0.00149625,72000000
Primary_Producers,0.8978102189781022,0.001496972602739726,73000000
Primary_Producers,0.8978102189781022,0.0014966351351351351,74000000
Primary_Producers,0.8978102189781022,0.0014963733333333334,75000000
Primary_Producers,0.8978102189781022,0.001496921052631579,76000000
Primary_Producers,0.8978102189781022,0.0014965454545454546,77000000
Primary_Producers,0.8978102189781022,0.0014962692307692307,78000000
Primary_Producers,0.8978102189781022,0.0014962151898734177,79000000
Primary_Producers,0.8978102189781022,0.001496275,80000000
Primary_Producers,0.8978102189781022,0.0014954814814814815,81000000
Primary_Producers,0.8978102189781022,0.0014950243902439025,82000000
Primary_Producers,0.8978102189781022,0.0014948072289156626,83000000
Primary_Producers,0.8978102189781022,0.0014947738095238096,84000000
Primary_Producers,0.8978102189781022,0.0014947176470588236,85000000
Primary_Producers,0.8978102189781022,0.0014948720930232557,86000000
Primary_Producers,0.8978102189781022,0.001495022988505747,87000000
Primary_Producers,0.8978102189781022,0.0014951818181818182,88000000
Primary_Producers,0.8978102189781022,0.0014950898876404494,89000000
Primary_Producers,0.8978102189781022,0.001495,90000000
Primary_Producers,0.8978102189781022,0.0014948021978021977,91000000
Primary_Producers,0.8978102189781022,0.0014957282608695653,92000000
Primary_Producers,0.8978102189781022,0.001496462365591398,93000000
Primary_Producers,0.8978102189781022,0.001496904255319149,94000000
Primary_Producers,0.8978102189781022,0.001496978947368421,95000000
Primary_Producers,0.8978102189781022,0.0014971875,96000000
Primary_Producers,0.8978102189781022,0.0014966494845360826,97000000
Primary_Producers,0.8978102189781022,0.001496795918367347,98000000
Primary_Producers,0.8978102189781022,0.0014964646464646464,99000000
Primary_Producers,0.8978102189781022,0.00149692,100000000
