Parasites,0.42105263157894735,0.356118,1000000
Parasites,0.42105263157894735,0.3559545,2000000
Parasites,0.42105263157894735,0.35583,3000000
Parasites,0.42105263157894735,0.3558565,4000000
Parasites,0.42105263157894735,0.3560162,5000000
Parasites,0.42105263157894735,0.3558536666666667,6000000
Parasites,0.42105263157894735,0.355958,7000000
Parasites,0.42105263157894735,0.355854875,8000000
Parasites,0.42105263157894735,0.3558406666666667,9000000
Parasites,0.42105263157894735,0.355787,10000000
Parasites,0.42105263157894735,0.3558339090909091,11000000
Parasites,0.42105263157894735,0.35590483333333334,12000000
Parasites,0.42105263157894735,0.35583230769230767,13000000
Parasites,0.42105263157894735,0.3557679285714286,14000000
Parasites,0.42105263157894735,0.3557611333333333,15000000
Parasites,0.42105263157894735,0.355742875,16000000
Parasites,0.42105263157894735,0.3557119411764706,17000000
Parasites,0.42105263157894735,0.355718,18000000
Parasites,0.42105263157894735,0.35573615789473684,19000000
Parasites,0.42105263157894735,0.3557422,20000000
Parasites,0.42105263157894735,0.3557631904761905,21000000
Parasites,0.42105263157894735,0.3557629090909091,22000000
Parasites,0.42105263157894735,0.355782347826087,23000000
Parasites,0.42105263157894735,0.35577991666666664,24000000
Parasites,0.42105263157894735,0.35577224,25000000
Parasites,0.42105263157894735,0.3557606153846154,26000000
Parasites,0.42105263157894735,0.35574840740740743,27000000
Parasites,0.42105263157894735,0.3557500357142857,28000000
Parasites,0.42105263157894735,0.355731724137931,29000000
Parasites,0.42105263157894735,0.3557166333333333,30000000
Parasites,0.42105263157894735,0.355700935483871,31000000
Parasites,0.42105263157894735,0.35571246875,32000000
Parasites,0.42105263157894735,0.3557203636363636,33000000
Parasites,0.42105263157894735,0.3557044705882353,34000000
Parasites,0.42105263157894735,0.35572297142857146,35000000
Parasites,0.42105263157894735,0.3557430555555556,36000000
Parasites,0.42105263157894735,0.35573808108108107,37000000
Parasites,0.42105263157894735,0.35575136842105265,38000000
Parasites,0.42105263157894735,0.3557460512820513,39000000
Parasites,0.42105263157894735,0.3557747,40000000
Parasites,0.42105263157894735,0.35576980487804877,41000000
Parasites,0.42105263157894735,0.3557954761904762,42000000
Parasites,0.42105263157894735,0.3557802325581395,43000000
Parasites,0.42105263157894735,0.3557805,44000000
Parasites,0.42105263157894735,0.35575633333333334,45000000
Parasites,0.42105263157894735,0.3557695434782609,46000000
Parasites,0.42105263157894735,0.35576580851063827,47000000
Parasites,0.42105263157894735,0.35575233333333334,48000000
Parasites,0.42105263157894735,0.35576967346938776,49000000
Parasites,0.42105263157894735,0.35578224,50000000
Parasites,0.42105263157894735,0.3557858431372549,51000000
Parasites,0.42105263157894735,0.3557733076923077,52000000
Parasites,0.42105263157894735,0.35578309433962263,53000000
Parasites,0.42105263157894735,0.3557706851851852,54000000
Parasites,0.42105263157894735,0.3557669636363636,55000000
Parasites,0.42105263157894735,0.3557713392857143,56000000
Parasites,0.42105263157894735,0.35576284210526316,57000000
Parasites,0.42105263157894735,0.35575941379310344,58000000
Parasites,0.42105263157894735,0.35577442372881357,59000000
Parasites,0.42105263157894735,0.35576825,60000000
Parasites,0.42105263157894735,0.35575516393442624,61000000
Parasites,0.42105263157894735,0.3557381451612903,62000000
Parasites,0.42105263157894735,0.3557302698412698,63000000
Parasites,0.42105263157894735,0.35573040625,64000000
Parasites,0.42105263157894735,0.35573147692307694,65000000
Parasites,0.42105263157894735,0.3557451212121212,66000000
Parasites,0.42105263157894735,0.35574841791044776,67000000
Parasites,0.42105263157894735,0.35574907352941176,68000000
Parasites,0.42105263157894735,0.35575550724637683,69000000
Parasites,0.42105263157894735,0.35575285714285715,70000000
Parasites,0.42105263157894735,0.35574801408450707,71000000
Parasites,0.42105263157894735,0.35574941666666665,72000000
Parasites,0.42105263157894735,0.35575434246575344,73000000
Parasites,0.42105263157894735,0.3557537027027027,74000000
Parasites,0.42105263157894735,0.35575690666666665,75000000
Parasites,0.42105263157894735,0.3557563947368421,76000000
Parasites,0.42105263157894735,0.3557538571428571,77000000
Parasites,0.42105263157894735,0.35576221794871793,78000000
Parasites,0.42105263157894735,0.35577593670886076,79000000
Parasites,0.42105263157894735,0.355783375,80000000
Parasites,0.42105263157894735,0.3557796296296296,81000000
Parasites,0.42105263157894735,0.3557845731707317,82000000
Parasites,0.42105263157894735,0.35577589156626505,83000000
Parasites,0.42105263157894735,0.3557674880952381,84000000
Parasites,0.42105263157894735,0.35576841176470586,85000000
Parasites,0.42105263157894735,0.3557727325581395,86000000
Parasites,0.42105263157894735,0.35577872413793105,87000000
Parasites,0.42105263157894735,0.3557651931818182,88000000
Parasites,0.42105263157894735,0.3557675617977528,89000000
Parasites,0.42105263157894735,0.3557639,90000000
Parasites,0.42105263157894735,0.35576097802197804,91000000
Parasites,0.42105263157894735,0.3557599891304348,92000000
Parasites,0.42105263157894735,0.3557490752688172,93000000
Parasites,0.42105263157894735,0.35575762765957447,94000000
Parasites,0.42105263157894735,0.3557633157894737,95000000
Parasites,0.42105263157894735,0.35576984375,96000000
Parasites,0.42105263157894735,0.35576796907216496,97000000
Parasites,0.42105263157894735,0.35576695918367346,98000000
Parasites,0.42105263157894735,0.35576229292929296,99000000
Parasites,0.42105263157894735,0.35577565,100000000
