Herbivores,0.3600478468899522,0.999084,1000000
Herbivores,0.3600478468899522,0.99909,2000000
Herbivores,0.3600478468899522,0.9990866666666667,3000000
Herbivores,0.3600478468899522,0.99909375,4000000
Herbivores,0.3600478468899522,0.9990912,5000000
Herbivores,0.3600478468899522,0.9990833333333333,6000000
Herbivores,0.3600478468899522,0.999082,7000000
Herbivores,0.3600478468899522,0.999080875,8000000
Herbivores,0.3600478468899522,0.9990771111111111,9000000
Herbivores,0.3600478468899522,0.9990789,10000000
Herbivores,0.3600478468899522,0.9990754545454545,11000000
Herbivores,0.3600478468899522,0.9990808333333333,12000000
Herbivores,0.3600478468899522,0.9990768461538462,13000000
Herbivores,0.3600478468899522,0.9990735,14000000
Herbivores,0.3600478468899522,0.999076,15000000
Herbivores,0.3600478468899522,0.9990731875,16000000
Herbivores,0.3600478468899522,0.9990731176470589,17000000
Herbivores,0.3600478468899522,0.9990703888888889,18000000
Herbivores,0.3600478468899522,0.9990694736842105,19000000
Herbivores,0.3600478468899522,0.9990693,20000000
Herbivores,0.3600478468899522,0.9990687142857143,21000000
Herbivores,0.3600478468899522,0.9990683181818182,22000000
Herbivores,0.3600478468899522,0.9990679130434783,23000000
Herbivores,0.3600478468899522,0.9990669583333334,24000000
Herbivores,0.3600478468899522,0.99906716,25000000
Herbivores,0.3600478468899522,0.999065423076923,26000000
Herbivores,0.3600478468899522,0.9990644444444444,27000000
Herbivores,0.3600478468899522,0.9990643214285714,28000000
Herbivores,0.3600478468899522,0.9990655172413793,29000000
Herbivores,0.3600478468899522,0.9990661,30000000
Herbivores,0.3600478468899522,0.9990669032258065,31000000
Herbivores,0.3600478468899522,0.99906734375,32000000
Herbivores,0.3600478468899522,0.9990669393939394,33000000
Herbivores,0.3600478468899522,0.9990670588235294,34000000
Herbivores,0.3600478468899522,0.999066,35000000
Herbivores,0.3600478468899522,0.9990651666666667,36000000
Herbivores,0.3600478468899522,0.9990653783783784,37000000
Herbivores,0.3600478468899522,0.9990654473684211,38000000
Herbivores,0.3600478468899522,0.999066,39000000
Herbivores,0.3600478468899522,0.999064875,40000000
Herbivores,0.3600478468899522,0.999066268292683,41000000
Herbivores,0.3600478468899522,0.9990660714285714,42000000
Herbivores,0.3600478468899522,0.9990654418604651,43000000
Herbivores,0.3600478468899522,0.9990655909090909,44000000
Herbivores,0.3600478468899522,0.9990660888888889,45000000
Herbivores,0.3600478468899522,0.9990662391304348,46000000
Herbivores,0.3600478468899522,0.9990659787234043,47000000
Herbivores,0.3600478468899522,0.9990659166666667,48000000
Herbivores,0.3600478468899522,0.9990665918367347,49000000
Herbivores,0.3600478468899522,0.99906636,50000000
Herbivores,0.3600478468899522,0.999066,51000000
Herbivores,0.3600478468899522,0.9990665961538462,52000000
Herbivores,0.3600478468899522,0.9990677358490566,53000000
Herbivores,0.3600478468899522,0.9990669259259259,54000000
Herbivores,0.3600478468899522,0.9990670545454545,55000000
Herbivores,0.3600478468899522,0.9990671428571428,56000000
Herbivores,0.3600478468899522,0.9990660877192983,57000000
Herbivores,0.3600478468899522,0.9990671551724138,58000000
Herbivores,0.3600478468899522,0.9990663220338983,59000000
Herbivores,0.3600478468899522,0.9990662833333334,60000000
Herbivores,0.3600478468899522,0.9990665573770492,61000000
Herbivores,0.3600478468899522,0.9990666612903226,62000000
Herbivores,0.3600478468899522,0.9990668095238096,63000000
Herbivores,0.3600478468899522,0.999067375,64000000
Herbivores,0.3600478468899522,0.9990671538461539,65000000
Herbivores,0.3600478468899522,0.9990669545454546,66000000
Herbivores,0.3600478468899522,0.9990671641791045,67000000
Herbivores,0.3600478468899522,0.9990671029411765,68000000
Herbivores,0.3600478468899522,0.9990667826086956,69000000
Herbivores,0.3600478468899522,0.9990674428571429,70000000
Herbivores,0.3600478468899522,0.9990676478873239,71000000
Herbivores,0.3600478468899522,0.9990670972222222,72000000
Herbivores,0.3600478468899522,0.9990678493150685,73000000
Herbivores,0.3600478468899522,0.9990682027027027,74000000
Herbivores,0.3600478468899522,0.9990679466666667,75000000
Herbivores,0.3600478468899522,0.9990679342105263,76000000
Herbivores,0.3600478468899522,0.9990681038961039,77000000
Herbivores,0.3600478468899522,0.9990683461538461,78000000
Herbivores,0.3600478468899522,0.9990679873417722,79000000
Herbivores,0.3600478468899522,0.99906835,80000000
Herbivores,0.3600478468899522,0.9990687283950618,81000000
Herbivores,0.3600478468899522,0.9990696341463414,82000000
Herbivores,0.3600478468899522,0.9990689759036144,83000000
Herbivores,0.3600478468899522,0.9990694642857143,84000000
Herbivores,0.3600478468899522,0.9990692470588235,85000000
Herbivores,0.3600478468899522,0.9990692790697674,86000000
Herbivores,0.3600478468899522,0.999068908045977,87000000
Herbivores,0.3600478468899522,0.9990686704545455,88000000
Herbivores,0.3600478468899522,0.9990682584269663,89000000
Herbivores,0.3600478468899522,0.9990678,90000000
Herbivores,0.3600478468899522,0.999067945054945,91000000
Herbivores,0.3600478468899522,0.9990676739130435,92000000
Herbivores,0.3600478468899522,0.999067064516129,93000000
Herbivores,0.3600478468899522,0.9990674255319149,94000000
Herbivores,0.3600478468899522,0.9990671578947369,95000000
Herbivores,0.3600478468899522,0.9990668854166667,96000000
Herbivores,0.3600478468899522,0.9990670824742268,97000000
Herbivores,0.3600478468899522,0.9990671326530612,98000000
Herbivores,0.3600478468899522,0.9990672424242424,99000000
Herbivores,0.3600478468899522,0.99906667,100000000
