Herbivores,0.5893333333333334,0.236591,1000000
Herbivores,0.5893333333333334,0.236654,2000000
Herbivores,0.5893333333333334,0.23678533333333332,3000000
Herbivores,0.5893333333333334,0.2367755,4000000
Herbivores,0.5893333333333334,0.2369134,5000000
Herbivores,0.5893333333333334,0.236798,6000000
Herbivores,0.5893333333333334,0.23683585714285715,7000000
Herbivores,0.5893333333333334,0.23696,8000000
Herbivores,0.5893333333333334,0.2370621111111111,9000000
Herbivores,0.5893333333333334,0.2370748,10000000
Herbivores,0.5893333333333334,0.2370269090909091,11000000
Herbivores,0.5893333333333334,0.237038,12000000
Herbivores,0.5893333333333334,0.2370233846153846,13000000
Herbivores,0.5893333333333334,0.23703821428571428,14000000
Herbivores,0.5893333333333334,0.2370352,15000000
Herbivores,0.5893333333333334,0.237091375,16000000
Herbivores,0.5893333333333334,0.237127,17000000
Herbivores,0.5893333333333334,0.23709572222222222,18000000
Herbivores,0.5893333333333334,0.23710163157894737,19000000
Herbivores,0.5893333333333334,0.2371088,20000000
Herbivores,0.5893333333333334,0.23711757142857143,21000000
Herbivores,0.5893333333333334,0.2370879090909091,22000000
Herbivores,0.5893333333333334,0.23708091304347825,23000000
Herbivores,0.5893333333333334,0.23709783333333334,24000000
Herbivores,0.5893333333333334,0.23714152,25000000
Herbivores,0.5893333333333334,0.2371461923076923,26000000
Herbivores,0.5893333333333334,0.23715366666666668,27000000
Herbivores,0.5893333333333334,0.23715021428571428,28000000
Herbivores,0.5893333333333334,0.23714575862068965,29000000
Herbivores,0.5893333333333334,0.23715186666666666,30000000
Herbivores,0.5893333333333334,0.2371580322580645,31000000
Herbivores,0.5893333333333334,0.2371745625,32000000
Herbivores,0.5893333333333334,0.23715348484848484,33000000
Herbivores,0.5893333333333334,0.23716470588235294,34000000
Herbivores,0.5893333333333334,0.2371702,35000000
Herbivores,0.5893333333333334,0.23717088888888888,36000000
Herbivores,0.5893333333333334,0.23718497297297297,37000000
Herbivores,0.5893333333333334,0.23717973684210528,38000000
Herbivores,0.5893333333333334,0.23719176923076923,39000000
Herbivores,0.5893333333333334,0.237203325,40000000
Herbivores,0.5893333333333334,0.23720753658536586,41000000
Herbivores,0.5893333333333334,0.2372120238095238,42000000
Herbivores,0.5893333333333334,0.23720981395348836,43000000
Herbivores,0.5893333333333334,0.23720609090909092,44000000
Herbivores,0.5893333333333334,0.2372122,45000000
Herbivores,0.5893333333333334,0.23720928260869564,46000000
Herbivores,0.5893333333333334,0.23721087234042554,47000000
Herbivores,0.5893333333333334,0.2372060625,48000000
Herbivores,0.5893333333333334,0.2372068775510204,49000000
Herbivores,0.5893333333333334,0.23721642,50000000
Herbivores,0.5893333333333334,0.2372337843137255,51000000
Herbivores,0.5893333333333334,0.2372285,52000000
Herbivores,0.5893333333333334,0.23724394339622643,53000000
Herbivores,0.5893333333333334,0.23724205555555555,54000000
Herbivores,0.5893333333333334,0.2372539090909091,55000000
Herbivores,0.5893333333333334,0.23724832142857144,56000000
Herbivores,0.5893333333333334,0.23725035087719298,57000000
Herbivores,0.5893333333333334,0.23724744827586206,58000000
Herbivores,0.5893333333333334,0.2372323220338983,59000000
Herbivores,0.5893333333333334,0.23723533333333333,60000000
Herbivores,0.5893333333333334,0.23723659016393442,61000000
Herbivores,0.5893333333333334,0.23723662903225806,62000000
Herbivores,0.5893333333333334,0.23722773015873017,63000000
Herbivores,0.5893333333333334,0.237227640625,64000000
Herbivores,0.5893333333333334,0.2372249846153846,65000000
Herbivores,0.5893333333333334,0.23723436363636363,66000000
Herbivores,0.5893333333333334,0.23723598507462687,67000000
Herbivores,0.5893333333333334,0.23723938235294117,68000000
Herbivores,0.5893333333333334,0.23723295652173912,69000000
Herbivores,0.5893333333333334,0.23722714285714286,70000000
Herbivores,0.5893333333333334,0.23723270422535211,71000000
Herbivores,0.5893333333333334,0.23723040277777777,72000000
Herbivores,0.5893333333333334,0.23723724657534245,73000000
Herbivores,0.5893333333333334,0.23723874324324323,74000000
Herbivores,0.5893333333333334,0.23724002666666666,75000000
Herbivores,0.5893333333333334,0.23724298684210526,76000000
Herbivores,0.5893333333333334,0.2372405844155844,77000000
Herbivores,0.5893333333333334,0.23724048717948718,78000000
Herbivores,0.5893333333333334,0.23723659493670887,79000000
Herbivores,0.5893333333333334,0.2372319625,80000000
Herbivores,0.5893333333333334,0.23723925925925926,81000000
Herbivores,0.5893333333333334,0.23724486585365853,82000000
Herbivores,0.5893333333333334,0.23724314457831325,83000000
Herbivores,0.5893333333333334,0.23724419047619047,84000000
Herbivores,0.5893333333333334,0.23724974117647057,85000000
Herbivores,0.5893333333333334,0.2372481627906977,86000000
Herbivores,0.5893333333333334,0.23725416091954024,87000000
Herbivores,0.5893333333333334,0.23725119318181817,88000000
Herbivores,0.5893333333333334,0.23725369662921347,89000000
Herbivores,0.5893333333333334,0.2372484111111111,90000000
Herbivores,0.5893333333333334,0.23724435164835164,91000000
Herbivores,0.5893333333333334,0.23723740217391304,92000000
Herbivores,0.5893333333333334,0.2372383010752688,93000000
Herbivores,0.5893333333333334,0.2372381170212766,94000000
Herbivores,0.5893333333333334,0.2372306,95000000
Herbivores,0.5893333333333334,0.23722817708333332,96000000
Herbivores,0.5893333333333334,0.23723048453608248,97000000
Herbivores,0.5893333333333334,0.23723571428571427,98000000
Herbivores,0.5893333333333334,0.23723734343434344,99000000
Herbivores,0.5893333333333334,0.23724153,100000000
