Primary_Producers,0.48695652173913034,0.745799,1000000
Primary_Producers,0.48695652173913034,0.745434,2000000
Primary_Producers,0.48695652173913034,0.7452926666666667,3000000
Primary_Producers,0.48695652173913034,0.7451075,4000000
Primary_Producers,0.48695652173913034,0.7451384,5000000
Primary_Producers,0.48695652173913034,0.7450425,6000000
Primary_Producers,0.48695652173913034,0.744973,7000000
Primary_Producers,0.48695652173913034,0.7450945,8000000
Primary_Producers,0.48695652173913034,0.7450182222222222,9000000
Primary_Producers,0.48695652173913034,0.7450617,10000000
Primary_Producers,0.48695652173913034,0.7449726363636363,11000000
Primary_Producers,0.48695652173913034,0.7449298333333333,12000000
Primary_Producers,0.48695652173913034,0.7448571538461538,13000000
Primary_Producers,0.48695652173913034,0.7448327857142857,14000000
Primary_Producers,0.48695652173913034,0.7448760666666666,15000000
Primary_Producers,0.48695652173913034,0.7448728125,16000000
Primary_Producers,0.48695652173913034,0.7448807647058824,17000000
Primary_Producers,0.48695652173913034,0.7449266111111111,18000000
Primary_Producers,0.48695652173913034,0.7449308421052632,19000000
Primary_Producers,0.48695652173913034,0.7448937,20000000
Primary_Producers,0.48695652173913034,0.7448745238095238,21000000
Primary_Producers,0.48695652173913034,0.7448393181818181,22000000
Primary_Producers,0.48695652173913034,0.7448488260869566,23000000
Primary_Producers,0.48695652173913034,0.7448486666666667,24000000
Primary_Producers,0.48695652173913034,0.74483644,25000000
Primary_Producers,0.48695652173913034,0.7448544615384616,26000000
Primary_Producers,0.48695652173913034,0.744868962962963,27000000
Primary_Producers,0.48695652173913034,0.7448458214285715,28000000
Primary_Producers,0.48695652173913034,0.744847724137931,29000000
Primary_Producers,0.48695652173913034,0.7448486333333333,30000000
Primary_Producers,0.48695652173913034,0.7448456129032258,31000000
Primary_Producers,0.48695652173913034,0.7448606875,32000000
Primary_Producers,0.48695652173913034,0.7448670606060606,33000000
Primary_Producers,0.48695652173913034,0.744879,34000000
Primary_Producers,0.48695652173913034,0.744889,35000000
Primary_Producers,0.48695652173913034,0.7448953055555556,36000000
Primary_Producers,0.48695652173913034,0.7448895675675675,37000000
Primary_Producers,0.48695652173913034,0.7448837894736842,38000000
Primary_Producers,0.48695652173913034,0.7448894615384616,39000000
Primary_Producers,0.48695652173913034,0.744885425,40000000
Primary_Producers,0.48695652173913034,0.744890756097561,41000000
Primary_Producers,0.48695652173913034,0.7448988095238095,42000000
Primary_Producers,0.48695652173913034,0.7448947906976744,43000000
Primary_Producers,0.48695652173913034,0.7448789772727272,44000000
Primary_Producers,0.48695652173913034,0.7448780888888888,45000000
Primary_Producers,0.48695652173913034,0.7448791956521739,46000000
Primary_Producers,0.48695652173913034,0.744879,47000000
Primary_Producers,0.48695652173913034,0.7448770833333334,48000000
Primary_Producers,0.48695652173913034,0.7448745306122448,49000000
Primary_Producers,0.48695652173913034,0.74487506,50000000
Primary_Producers,0.48695652173913034,0.7448719411764706,51000000
Primary_Producers,0.48695652173913034,0.7448867115384615,52000000
Primary_Producers,0.48695652173913034,0.7448786792452831,53000000
Primary_Producers,0.48695652173913034,0.7448762037037037,54000000
Primary_Producers,0.48695652173913034,0.7448703272727273,55000000
Primary_Producers,0.48695652173913034,0.7448754107142858,56000000
Primary_Producers,0.48695652173913034,0.7448637894736843,57000000
Primary_Producers,0.48695652173913034,0.7448763275862069,58000000
Primary_Producers,0.48695652173913034,0.7448741186440678,59000000
Primary_Producers,0.48695652173913034,0.7448695333333333,60000000
Primary_Producers,0.48695652173913034,0.7448797213114754,61000000
Primary_Producers,0.48695652173913034,0.7448804838709677,62000000
Primary_Producers,0.48695652173913034,0.7448753968253968,63000000
Primary_Producers,0.48695652173913034,0.744871546875,64000000
Primary_Producers,0.48695652173913034,0.7448787692307692,65000000
Primary_Producers,0.48695652173913034,0.7448802727272728,66000000
Primary_Producers,0.48695652173913034,0.744870776119403,67000000
Primary_Producers,0.48695652173913034,0.7448738235294118,68000000
Primary_Producers,0.48695652173913034,0.7448725507246376,69000000
Primary_Producers,0.48695652173913034,0.7448699571428572,70000000
Primary_Producers,0.48695652173913034,0.7448630140845071,71000000
Primary_Producers,0.48695652173913034,0.7448565972222222,72000000
Primary_Producers,0.48695652173913034,0.7448505753424658,73000000
Primary_Producers,0.48695652173913034,0.7448556621621621,74000000
Primary_Producers,0.48695652173913034,0.7448562266666666,75000000
Primary_Producers,0.48695652173913034,0.7448506842105264,76000000
Primary_Producers,0.48695652173913034,0.7448514675324676,77000000
Primary_Producers,0.48695652173913034,0.7448424871794872,78000000
Primary_Producers,0.48695652173913034,0.7448354810126582,79000000
Primary_Producers,0.48695652173913034,0.7448344625,80000000
Primary_Producers,0.48695652173913034,0.7448337283950617,81000000
Primary_Producers,0.48695652173913034,0.7448387195121952,82000000
Primary_Producers,0.48695652173913034,0.7448407951807229,83000000
Primary_Producers,0.48695652173913034,0.7448502619047619,84000000
Primary_Producers,0.48695652173913034,0.7448566235294117,85000000
Primary_Producers,0.48695652173913034,0.7448585348837209,86000000
Primary_Producers,0.48695652173913034,0.7448494137931034,87000000
Primary_Producers,0.48695652173913034,0.7448555681818182,88000000
Primary_Producers,0.48695652173913034,0.7448560898876404,89000000
Primary_Producers,0.48695652173913034,0.7448519777777778,90000000
Primary_Producers,0.48695652173913034,0.7448548021978022,91000000
Primary_Producers,0.48695652173913034,0.7448577391304347,92000000
Primary_Producers,0.48695652173913034,0.7448651182795699,93000000
Primary_Producers,0.48695652173913034,0.7448665106382979,94000000
Primary_Producers,0.48695652173913034,0.7448647157894737,95000000
Primary_Producers,0.48695652173913034,0.74487253125,96000000
Primary_Producers,0.48695652173913034,0.7448803402061855,97000000
Primary_Producers,0.48695652173913034,0.7448871224489796,98000000
Primary_Producers,0.48695652173913034,0.7448861919191919,99000000
Primary_Producers,0.48695652173913034,0.74488855,100000000
