Primary_Producers,0.7573770491803279,0.000915,1000000
Primary_Producers,0.7573770491803279,0.0008895,2000000
Primary_Producers,0.7573770491803279,0.0009293333333333333,3000000
Primary_Producers,0.7573770491803279,0.0009295,4000000
Primary_Producers,0.7573770491803279,0.000911,5000000
Primary_Producers,0.7573770491803279,0.00091,6000000
Primary_Producers,0.7573770491803279,0.000904,7000000
Primary_Producers,0.7573770491803279,0.00090175,8000000
Primary_Producers,0.7573770491803279,0.000905,9000000
Primary_Producers,0.7573770491803279,0.0009076,10000000
Primary_Producers,0.7573770491803279,0.0009073636363636364,11000000
Primary_Producers,0.7573770491803279,0.0009094166666666667,12000000
Primary_Producers,0.7573770491803279,0.0009092307692307693,13000000
Primary_Producers,0.7573770491803279,0.0009102142857142857,14000000
Primary_Producers,0.7573770491803279,0.0009102666666666667,15000000
Primary_Producers,0.7573770491803279,0.0009105625,16000000
Primary_Producers,0.7573770491803279,0.0009093529411764706,17000000
Primary_Producers,0.7573770491803279,0.000908,18000000
Primary_Producers,0.7573770491803279,0.000909421052631579,19000000
Primary_Producers,0.7573770491803279,0.00091025,20000000
Primary_Producers,0.7573770491803279,0.0009122857142857143,21000000
Primary_Producers,0.7573770491803279,0.0009131818181818182,22000000
Primary_Producers,0.7573770491803279,0.0009128695652173913,23000000
Primary_Producers,0.7573770491803279,0.0009130416666666667,24000000
Primary_Producers,0.7573770491803279,0.00091076,25000000
Primary_Producers,0.7573770491803279,0.0009101923076923077,26000000
Primary_Producers,0.7573770491803279,0.0009093703703703704,27000000
Primary_Producers,0.7573770491803279,0.0009084642857142857,28000000
Primary_Producers,0.7573770491803279,0.000908551724137931,29000000
Primary_Producers,0.7573770491803279,0.0009108333333333334,30000000
Primary_Producers,0.7573770491803279,0.0009107096774193549,31000000
Primary_Producers,0.7573770491803279,0.0009085625,32000000
Primary_Producers,0.7573770491803279,0.000909,33000000
Primary_Producers,0.7573770491803279,0.0009099117647058824,34000000
Primary_Producers,0.7573770491803279,0.0009094571428571429,35000000
Primary_Producers,0.7573770491803279,0.0009081388888888889,36000000
Primary_Producers,0.7573770491803279,0.0009081081081081081,37000000
Primary_Producers,0.7573770491803279,0.0009081578947368421,38000000
Primary_Producers,0.7573770491803279,0.0009081025641025641,39000000
Primary_Producers,0.7573770491803279,0.000908925,40000000
Primary_Producers,0.7573770491803279,0.0009090975609756098,41000000
Primary_Producers,0.7573770491803279,0.0009088095238095238,42000000
Primary_Producers,0.7573770491803279,0.0009079302325581396,43000000
Primary_Producers,0.7573770491803279,0.0009068863636363636,44000000
Primary_Producers,0.7573770491803279,0.0009059111111111111,45000000
Primary_Producers,0.7573770491803279,0.0009060869565217392,46000000
Primary_Producers,0.7573770491803279,0.000906936170212766,47000000
Primary_Producers,0.7573770491803279,0.0009065208333333333,48000000
Primary_Producers,0.7573770491803279,0.000906469387755102,49000000
Primary_Producers,0.7573770491803279,0.00090626,50000000
Primary_Producers,0.7573770491803279,0.0009058235294117647,51000000
Primary_Producers,0.7573770491803279,0.000905076923076923,52000000
Primary_Producers,0.7573770491803279,0.0009049622641509433,53000000
Primary_Producers,0.7573770491803279,0.0009041111111111111,54000000
Primary_Producers,0.7573770491803279,0.0009044545454545454,55000000
Primary_Producers,0.7573770491803279,0.0009037142857142857,56000000
Primary_Producers,0.7573770491803279,0.0009038771929824562,57000000
Primary_Producers,0.7573770491803279,0.0009035689655172413,58000000
Primary_Producers,0.7573770491803279,0.000903593220338983,59000000
Primary_Producers,0.7573770491803279,0.00090215,60000000
Primary_Producers,0.7573770491803279,0.0009015573770491803,61000000
Primary_Producers,0.7573770491803279,0.0009015,62000000
Primary_Producers,0.7573770491803279,0.0009017936507936508,63000000
Primary_Producers,0.7573770491803279,0.00090125,64000000
Primary_Producers,0.7573770491803279,0.0009015538461538461,65000000
Primary_Producers,0.7573770491803279,0.0009015454545454546,66000000
Primary_Producers,0.7573770491803279,0.000901820895522388,67000000
Primary_Producers,0.7573770491803279,0.0009017794117647059,68000000
Primary_Producers,0.7573770491803279,0.0009016666666666667,69000000
Primary_Producers,0.7573770491803279,0.0009020857142857143,70000000
Primary_Producers,0.7573770491803279,0.0009019014084507042,71000000
Primary_Producers,0.7573770491803279,0.0009022638888888889,72000000
Primary_Producers,0.7573770491803279,0.0009023835616438356,73000000
Primary_Producers,0.7573770491803279,0.000901945945945946,74000000
Primary_Producers,0.7573770491803279,0.0009024,75000000
Primary_Producers,0.7573770491803279,0.0009025394736842105,76000000
Primary_Producers,0.7573770491803279,0.0009023376623376624,77000000
Primary_Producers,0.7573770491803279,0.0009031538461538462,78000000
Primary_Producers,0.7573770491803279,0.0009025316455696203,79000000
Primary_Producers,0.7573770491803279,0.000903275,80000000
Primary_Producers,0.7573770491803279,0.000903395061728395,81000000
Primary_Producers,0.7573770491803279,0.000903219512195122,82000000
Primary_Producers,0.7573770491803279,0.0009029156626506024,83000000
Primary_Producers,0.7573770491803279,0.0009032857142857143,84000000
Primary_Producers,0.7573770491803279,0.0009034588235294118,85000000
Primary_Producers,0.7573770491803279,0.000902906976744186,86000000
Primary_Producers,0.7573770491803279,0.0009031264367816092,87000000
Primary_Producers,0.7573770491803279,0.0009032159090909091,88000000
Primary_Producers,0.7573770491803279,0.0009032247191011236,89000000
Primary_Producers,0.7573770491803279,0.0009028888888888888,90000000
Primary_Producers,0.7573770491803279,0.000903054945054945,91000000
Primary_Producers,0.7573770491803279,0.0009031630434782608,92000000
Primary_Producers,0.7573770491803279,0.0009035698924731183,93000000
Primary_Producers,0.7573770491803279,0.0009039468085106383,94000000
Primary_Producers,0.7573770491803279,0.0009042315789473684,95000000
Primary_Producers,0.7573770491803279,0.0009043125,96000000
Primary_Producers,0.7573770491803279,0.000904298969072165,97000000
Primary_Producers,0.7573770491803279,0.0009043163265306123,98000000
Primary_Producers,0.7573770491803279,0.0009044040404040404,99000000
Primary_Producers,0.7573770491803279,0.00090425,100000000
