Primary_Producers,0.8738611233967272,0.566593,1000000
Primary_Producers,0.8738611233967272,0.566267,2000000
Primary_Producers,0.8738611233967272,0.5662643333333334,3000000
Primary_Producers,0.8738611233967272,0.56610475,4000000
Primary_Producers,0.8738611233967272,0.5660522,5000000
Primary_Producers,0.8738611233967272,0.566135,6000000
Primary_Producers,0.8738611233967272,0.5660844285714286,7000000
Primary_Producers,0.8738611233967272,0.566017125,8000000
Primary_Producers,0.8738611233967272,0.5660642222222222,9000000
Primary_Producers,0.8738611233967272,0.5661672,10000000
Primary_Producers,0.8738611233967272,0.5661771818181818,11000000
Primary_Producers,0.8738611233967272,0.5662065833333333,12000000
Primary_Producers,0.8738611233967272,0.566161923076923,13000000
Primary_Producers,0.8738611233967272,0.5661830714285714,14000000
Primary_Producers,0.8738611233967272,0.5661856666666667,15000000
Primary_Producers,0.8738611233967272,0.5661089375,16000000
Primary_Producers,0.8738611233967272,0.5660579411764706,17000000
Primary_Producers,0.8738611233967272,0.5660922222222222,18000000
Primary_Producers,0.8738611233967272,0.5661505789473684,19000000
Primary_Producers,0.8738611233967272,0.5661562,20000000
Primary_Producers,0.8738611233967272,0.566158619047619,21000000
Primary_Producers,0.8738611233967272,0.5661615454545454,22000000
Primary_Producers,0.8738611233967272,0.5661567826086956,23000000
Primary_Producers,0.8738611233967272,0.5661495,24000000
Primary_Producers,0.8738611233967272,0.56613664,25000000
Primary_Producers,0.8738611233967272,0.5661848461538461,26000000
Primary_Producers,0.8738611233967272,0.5662022962962963,27000000
Primary_Producers,0.8738611233967272,0.56619425,28000000
Primary_Producers,0.8738611233967272,0.566227551724138,29000000
Primary_Producers,0.8738611233967272,0.5662115333333333,30000000
Primary_Producers,0.8738611233967272,0.566221935483871,31000000
Primary_Producers,0.8738611233967272,0.56623340625,32000000
Primary_Producers,0.8738611233967272,0.5662432121212121,33000000
Primary_Producers,0.8738611233967272,0.566250294117647,34000000
Primary_Producers,0.8738611233967272,0.5662492571428571,35000000
Primary_Producers,0.8738611233967272,0.5662728055555556,36000000
Primary_Producers,0.8738611233967272,0.5662714594594594,37000000
Primary_Producers,0.8738611233967272,0.5662653157894737,38000000
Primary_Producers,0.8738611233967272,0.5662498974358975,39000000
Primary_Producers,0.8738611233967272,0.566235625,40000000
Primary_Producers,0.8738611233967272,0.5662455853658537,41000000
Primary_Producers,0.8738611233967272,0.5662279285714286,42000000
Primary_Producers,0.8738611233967272,0.5662435348837209,43000000
Primary_Producers,0.8738611233967272,0.5662303636363636,44000000
Primary_Producers,0.8738611233967272,0.5662187111111111,45000000
Primary_Producers,0.8738611233967272,0.5662272173913043,46000000
Primary_Producers,0.8738611233967272,0.5662510212765958,47000000
Primary_Producers,0.8738611233967272,0.566251125,48000000
Primary_Producers,0.8738611233967272,0.5662420612244898,49000000
Primary_Producers,0.8738611233967272,0.56623766,50000000
Primary_Producers,0.8738611233967272,0.5662358235294118,51000000
Primary_Producers,0.8738611233967272,0.5662321153846154,52000000
Primary_Producers,0.8738611233967272,0.5662441698113208,53000000
Primary_Producers,0.8738611233967272,0.5662408703703704,54000000
Primary_Producers,0.8738611233967272,0.5662320181818182,55000000
Primary_Producers,0.8738611233967272,0.5662395535714285,56000000
Primary_Producers,0.8738611233967272,0.5662344561403508,57000000
Primary_Producers,0.8738611233967272,0.5662284137931034,58000000
Primary_Producers,0.8738611233967272,0.5662247796610169,59000000
Primary_Producers,0.8738611233967272,0.5662290166666667,60000000
Primary_Producers,0.8738611233967272,0.5662332295081968,61000000
Primary_Producers,0.8738611233967272,0.5662261935483871,62000000
Primary_Producers,0.8738611233967272,0.5662302380952381,63000000
Primary_Producers,0.8738611233967272,0.5662330625,64000000
Primary_Producers,0.8738611233967272,0.5662356923076923,65000000
Primary_Producers,0.8738611233967272,0.5662379545454546,66000000
Primary_Producers,0.8738611233967272,0.5662488208955224,67000000
Primary_Producers,0.8738611233967272,0.5662409411764706,68000000
Primary_Producers,0.8738611233967272,0.5662355942028986,69000000
Primary_Producers,0.8738611233967272,0.5662382,70000000
Primary_Producers,0.8738611233967272,0.5662441971830986,71000000
Primary_Producers,0.8738611233967272,0.5662370555555556,72000000
Primary_Producers,0.8738611233967272,0.5662377671232877,73000000
Primary_Producers,0.8738611233967272,0.5662391351351351,74000000
Primary_Producers,0.8738611233967272,0.5662393466666666,75000000
Primary_Producers,0.8738611233967272,0.5662404736842105,76000000
Primary_Producers,0.8738611233967272,0.5662358051948052,77000000
Primary_Producers,0.8738611233967272,0.5662229871794872,78000000
Primary_Producers,0.8738611233967272,0.5662071139240507,79000000
Primary_Producers,0.8738611233967272,0.5662053875,80000000
Primary_Producers,0.8738611233967272,0.5662071234567901,81000000
Primary_Producers,0.8738611233967272,0.566211231707317,82000000
Primary_Producers,0.8738611233967272,0.5662152289156627,83000000
Primary_Producers,0.8738611233967272,0.5662245952380952,84000000
Primary_Producers,0.8738611233967272,0.5662358352941177,85000000
Primary_Producers,0.8738611233967272,0.5662463255813953,86000000
Primary_Producers,0.8738611233967272,0.566255091954023,87000000
Primary_Producers,0.8738611233967272,0.5662615227272727,88000000
Primary_Producers,0.8738611233967272,0.5662617415730337,89000000
Primary_Producers,0.8738611233967272,0.5662513888888889,90000000
Primary_Producers,0.8738611233967272,0.5662532527472528,91000000
Primary_Producers,0.8738611233967272,0.5662477826086957,92000000
Primary_Producers,0.8738611233967272,0.566246129032258,93000000
Primary_Producers,0.8738611233967272,0.5662434787234043,94000000
Primary_Producers,0.8738611233967272,0.5662475368421053,95000000
Primary_Producers,0.8738611233967272,0.5662493541666667,96000000
Primary_Producers,0.8738611233967272,0.5662559072164949,97000000
Primary_Producers,0.8738611233967272,0.566256581632653,98000000
Primary_Producers,0.8738611233967272,0.5662455353535354,99000000
Primary_Producers,0.8738611233967272,0.56624628,100000000
