Herbivores,0.4402834008097166,0.012532,1000000
Herbivores,0.4402834008097166,0.012541,2000000
Herbivores,0.4402834008097166,0.012529333333333333,3000000
Herbivores,0.4402834008097166,0.01245725,4000000
Herbivores,0.4402834008097166,0.0124836,5000000
Herbivores,0.4402834008097166,0.012482833333333334,6000000
Herbivores,0.4402834008097166,0.012501142857142857,7000000
Herbivores,0.4402834008097166,0.01248525,8000000
Herbivores,0.4402834008097166,0.012464777777777778,9000000
Herbivores,0.4402834008097166,0.0124645,10000000
Herbivores,0.4402834008097166,0.012465090909090908,11000000
Herbivores,0.4402834008097166,0.012479666666666667,12000000
Herbivores,0.4402834008097166,0.012469230769230769,13000000
Herbivores,0.4402834008097166,0.012472785714285714,14000000
Herbivores,0.4402834008097166,0.012458333333333333,15000000
Herbivores,0.4402834008097166,0.0124645,16000000
Herbivores,0.4402834008097166,0.012465235294117647,17000000
Herbivores,0.4402834008097166,0.012467277777777779,18000000
Herbivores,0.4402834008097166,0.012469368421052632,19000000
Herbivores,0.4402834008097166,0.0124639,20000000
Herbivores,0.4402834008097166,0.012457285714285714,21000000
Herbivores,0.4402834008097166,0.012462136363636364,22000000
Herbivores,0.4402834008097166,0.012458956521739131,23000000
Herbivores,0.4402834008097166,0.012463208333333333,24000000
Herbivores,0.4402834008097166,0.01246744,25000000
Herbivores,0.4402834008097166,0.012469384615384615,26000000
Herbivores,0.4402834008097166,0.01246574074074074,27000000
Herbivores,0.4402834008097166,0.012468535714285715,28000000
Herbivores,0.4402834008097166,0.012461137931034483,29000000
Herbivores,0.4402834008097166,0.012454133333333334,30000000
Herbivores,0.4402834008097166,0.012459677419354838,31000000
Herbivores,0.4402834008097166,0.01246028125,32000000
Herbivores,0.4402834008097166,0.01245530303030303,33000000
Herbivores,0.4402834008097166,0.012455352941176471,34000000
Herbivores,0.4402834008097166,0.012452771428571428,35000000
Herbivores,0.4402834008097166,0.012461166666666667,36000000
Herbivores,0.4402834008097166,0.012458,37000000
Herbivores,0.4402834008097166,0.012452078947368422,38000000
Herbivores,0.4402834008097166,0.012454589743589744,39000000
Herbivores,0.4402834008097166,0.0124587,40000000
Herbivores,0.4402834008097166,0.01245929268292683,41000000
Herbivores,0.4402834008097166,0.012459357142857144,42000000
Herbivores,0.4402834008097166,0.012460255813953488,43000000
Herbivores,0.4402834008097166,0.012456568181818181,44000000
Herbivores,0.4402834008097166,0.012461533333333333,45000000
Herbivores,0.4402834008097166,0.01246186956521739,46000000
Herbivores,0.4402834008097166,0.012462382978723404,47000000
Herbivores,0.4402834008097166,0.012463208333333333,48000000
Herbivores,0.4402834008097166,0.012463020408163265,49000000
Herbivores,0.4402834008097166,0.01246444,50000000
Herbivores,0.4402834008097166,0.012461960784313726,51000000
Herbivores,0.4402834008097166,0.012460692307692308,52000000
Herbivores,0.4402834008097166,0.012458490566037737,53000000
Herbivores,0.4402834008097166,0.012456166666666667,54000000
Herbivores,0.4402834008097166,0.012456945454545454,55000000
Herbivores,0.4402834008097166,0.012457178571428572,56000000
Herbivores,0.4402834008097166,0.012454298245614035,57000000
Herbivores,0.4402834008097166,0.012456224137931035,58000000
Herbivores,0.4402834008097166,0.01245828813559322,59000000
Herbivores,0.4402834008097166,0.012459333333333333,60000000
Herbivores,0.4402834008097166,0.012462754098360656,61000000
Herbivores,0.4402834008097166,0.012461112903225807,62000000
Herbivores,0.4402834008097166,0.01246152380952381,63000000
Herbivores,0.4402834008097166,0.012463453125,64000000
Herbivores,0.4402834008097166,0.012465307692307692,65000000
Herbivores,0.4402834008097166,0.012463242424242424,66000000
Herbivores,0.4402834008097166,0.012462701492537313,67000000
Herbivores,0.4402834008097166,0.012463044117647058,68000000
Herbivores,0.4402834008097166,0.012460565217391304,69000000
Herbivores,0.4402834008097166,0.012458771428571429,70000000
Herbivores,0.4402834008097166,0.012457521126760563,71000000
Herbivores,0.4402834008097166,0.012457277777777777,72000000
Herbivores,0.4402834008097166,0.012456123287671234,73000000
Herbivores,0.4402834008097166,0.012458432432432432,74000000
Herbivores,0.4402834008097166,0.01245756,75000000
Herbivores,0.4402834008097166,0.012456157894736843,76000000
Herbivores,0.4402834008097166,0.012456935064935065,77000000
Herbivores,0.4402834008097166,0.012457307692307693,78000000
Herbivores,0.4402834008097166,0.012455354430379748,79000000
Herbivores,0.4402834008097166,0.0124569375,80000000
Herbivores,0.4402834008097166,0.012457530864197531,81000000
Herbivores,0.4402834008097166,0.012457036585365854,82000000
Herbivores,0.4402834008097166,0.012456783132530121,83000000
Herbivores,0.4402834008097166,0.01245904761904762,84000000
Herbivores,0.4402834008097166,0.012457858823529412,85000000
Herbivores,0.4402834008097166,0.012457697674418605,86000000
Herbivores,0.4402834008097166,0.012460068965517242,87000000
Herbivores,0.4402834008097166,0.012459875,88000000
Herbivores,0.4402834008097166,0.012460887640449439,89000000
Herbivores,0.4402834008097166,0.012459811111111111,90000000
Herbivores,0.4402834008097166,0.012460021978021978,91000000
Herbivores,0.4402834008097166,0.01245929347826087,92000000
Herbivores,0.4402834008097166,0.012459279569892474,93000000
Herbivores,0.4402834008097166,0.012459712765957446,94000000
Herbivores,0.4402834008097166,0.01246078947368421,95000000
Herbivores,0.4402834008097166,0.012460802083333333,96000000
Herbivores,0.4402834008097166,0.012461443298969073,97000000
Herbivores,0.4402834008097166,0.012459275510204081,98000000
Herbivores,0.4402834008097166,0.012457686868686868,99000000
Herbivores,0.4402834008097166,0.0124582,100000000
