Herbivores,0.7085360459973463,0.00024,1000000
Herbivores,0.7085360459973463,0.00025,2000000
Herbivores,0.7085360459973463,0.0002486666666666667,3000000
Herbivores,0.7085360459973463,0.000241,4000000
Herbivores,0.7085360459973463,0.0002426,5000000
Herbivores,0.7085360459973463,0.00024133333333333334,6000000
Herbivores,0.7085360459973463,0.0002397142857142857,7000000
Herbivores,0.7085360459973463,0.00024075,8000000
Herbivores,0.7085360459973463,0.0002392222222222222,9000000
Herbivores,0.7085360459973463,0.0002377,10000000
Herbivores,0.7085360459973463,0.00023736363636363636,11000000
Herbivores,0.7085360459973463,0.00023733333333333335,12000000
Herbivores,0.7085360459973463,0.00023653846153846153,13000000
Herbivores,0.7085360459973463,0.00023835714285714286,14000000
Herbivores,0.7085360459973463,0.00024113333333333333,15000000
Herbivores,0.7085360459973463,0.0002419375,16000000
Herbivores,0.7085360459973463,0.00024223529411764705,17000000
Herbivores,0.7085360459973463,0.0002415,18000000
Herbivores,0.7085360459973463,0.00024163157894736842,19000000
Herbivores,0.7085360459973463,0.00024175,20000000
Herbivores,0.7085360459973463,0.00024209523809523808,21000000
Herbivores,0.7085360459973463,0.0002424090909090909,22000000
Herbivores,0.7085360459973463,0.00024182608695652173,23000000
Herbivores,0.7085360459973463,0.000242,24000000
Herbivores,0.7085360459973463,0.00024224,25000000
Herbivores,0.7085360459973463,0.00024388461538461537,26000000
Herbivores,0.7085360459973463,0.00024370370370370371,27000000
Herbivores,0.7085360459973463,0.00024339285714285714,28000000
Herbivores,0.7085360459973463,0.00024293103448275863,29000000
Herbivores,0.7085360459973463,0.00024206666666666668,30000000
Herbivores,0.7085360459973463,0.00024203225806451612,31000000
Herbivores,0.7085360459973463,0.00024109375,32000000
Herbivores,0.7085360459973463,0.0002414848484848485,33000000
Herbivores,0.7085360459973463,0.00024108823529411764,34000000
Herbivores,0.7085360459973463,0.00024094285714285714,35000000
Herbivores,0.7085360459973463,0.00024047222222222222,36000000
Herbivores,0.7085360459973463,0.00024,37000000
Herbivores,0.7085360459973463,0.00024007894736842106,38000000
Herbivores,0.7085360459973463,0.00024033333333333334,39000000
Herbivores,0.7085360459973463,0.000240425,40000000
Herbivores,0.7085360459973463,0.00024058536585365854,41000000
Herbivores,0.7085360459973463,0.0002397142857142857,42000000
Herbivores,0.7085360459973463,0.00023986046511627907,43000000
Herbivores,0.7085360459973463,0.00023963636363636364,44000000
Herbivores,0.7085360459973463,0.00024033333333333334,45000000
Herbivores,0.7085360459973463,0.00024015217391304349,46000000
Herbivores,0.7085360459973463,0.00023963829787234043,47000000
Herbivores,0.7085360459973463,0.00023977083333333335,48000000
Herbivores,0.7085360459973463,0.0002396326530612245,49000000
Herbivores,0.7085360459973463,0.00023954,50000000
Herbivores,0.7085360459973463,0.00023990196078431373,51000000
Herbivores,0.7085360459973463,0.00023951923076923076,52000000
Herbivores,0.7085360459973463,0.00023941509433962263,53000000
Herbivores,0.7085360459973463,0.0002399074074074074,54000000
Herbivores,0.7085360459973463,0.0002398181818181818,55000000
Herbivores,0.7085360459973463,0.00024010714285714285,56000000
Herbivores,0.7085360459973463,0.00024019298245614036,57000000
Herbivores,0.7085360459973463,0.00024048275862068966,58000000
Herbivores,0.7085360459973463,0.00024042372881355933,59000000
Herbivores,0.7085360459973463,0.00023985,60000000
Herbivores,0.7085360459973463,0.00023931147540983606,61000000
Herbivores,0.7085360459973463,0.00023935483870967742,62000000
Herbivores,0.7085360459973463,0.0002392222222222222,63000000
Herbivores,0.7085360459973463,0.00023928125,64000000
Herbivores,0.7085360459973463,0.00023924615384615384,65000000
Herbivores,0.7085360459973463,0.0002388030303030303,66000000
Herbivores,0.7085360459973463,0.00023882089552238806,67000000
Herbivores,0.7085360459973463,0.00023872058823529412,68000000
Herbivores,0.7085360459973463,0.00023830434782608694,69000000
Herbivores,0.7085360459973463,0.00023857142857142857,70000000
Herbivores,0.7085360459973463,0.00023861971830985916,71000000
Herbivores,0.7085360459973463,0.00023884722222222222,72000000
Herbivores,0.7085360459973463,0.00023868493150684932,73000000
Herbivores,0.7085360459973463,0.00023863513513513513,74000000
Herbivores,0.7085360459973463,0.00023850666666666668,75000000
Herbivores,0.7085360459973463,0.00023825,76000000
Herbivores,0.7085360459973463,0.00023785714285714285,77000000
Herbivores,0.7085360459973463,0.00023787179487179486,78000000
Herbivores,0.7085360459973463,0.00023753164556962025,79000000
Herbivores,0.7085360459973463,0.00023765,80000000
Herbivores,0.7085360459973463,0.00023741975308641975,81000000
Herbivores,0.7085360459973463,0.00023747560975609757,82000000
Herbivores,0.7085360459973463,0.00023745783132530121,83000000
Herbivores,0.7085360459973463,0.00023723809523809524,84000000
Herbivores,0.7085360459973463,0.0002373764705882353,85000000
Herbivores,0.7085360459973463,0.00023751162790697675,86000000
Herbivores,0.7085360459973463,0.00023752873563218392,87000000
Herbivores,0.7085360459973463,0.000237625,88000000
Herbivores,0.7085360459973463,0.00023741573033707864,89000000
Herbivores,0.7085360459973463,0.0002372888888888889,90000000
Herbivores,0.7085360459973463,0.00023743956043956044,91000000
Herbivores,0.7085360459973463,0.0002376195652173913,92000000
Herbivores,0.7085360459973463,0.00023775268817204302,93000000
Herbivores,0.7085360459973463,0.00023788297872340427,94000000
Herbivores,0.7085360459973463,0.00023797894736842106,95000000
Herbivores,0.7085360459973463,0.00023797916666666667,96000000
Herbivores,0.7085360459973463,0.00023794845360824743,97000000
Herbivores,0.7085360459973463,0.00023780612244897958,98000000
Herbivores,0.7085360459973463,0.0002377979797979798,99000000
Herbivores,0.7085360459973463,0.00023777,100000000
