Primary_Producers,0.7163742690058479,0.33445,1000000
Primary_Producers,0.7163742690058479,0.333652,2000000
Primary_Producers,0.7163742690058479,0.33357233333333336,3000000
Primary_Producers,0.7163742690058479,0.33341425,4000000
Primary_Producers,0.7163742690058479,0.3331562,5000000
Primary_Producers,0.7163742690058479,0.33312033333333335,6000000
Primary_Producers,0.7163742690058479,0.3331,7000000
Primary_Producers,0.7163742690058479,0.333149,8000000
Primary_Producers,0.7163742690058479,0.3330421111111111,9000000
Primary_Producers,0.7163742690058479,0.3332338,10000000
Primary_Producers,0.7163742690058479,0.33319045454545454,11000000
Primary_Producers,0.7163742690058479,0.3332428333333333,12000000
Primary_Producers,0.7163742690058479,0.333275,13000000
Primary_Producers,0.7163742690058479,0.3333262142857143,14000000
Primary_Producers,0.7163742690058479,0.3333253333333333,15000000
Primary_Producers,0.7163742690058479,0.333296625,16000000
Primary_Producers,0.7163742690058479,0.3333204705882353,17000000
Primary_Producers,0.7163742690058479,0.33340044444444444,18000000
Primary_Producers,0.7163742690058479,0.33341973684210524,19000000
Primary_Producers,0.7163742690058479,0.3334668,20000000
Primary_Producers,0.7163742690058479,0.33349395238095236,21000000
Primary_Producers,0.7163742690058479,0.33351736363636364,22000000
Primary_Producers,0.7163742690058479,0.3335018695652174,23000000
Primary_Producers,0.7163742690058479,0.3335307083333333,24000000
Primary_Producers,0.7163742690058479,0.33355252,25000000
Primary_Producers,0.7163742690058479,0.33357046153846154,26000000
Primary_Producers,0.7163742690058479,0.33357914814814815,27000000
Primary_Producers,0.7163742690058479,0.33358025,28000000
Primary_Producers,0.7163742690058479,0.33357531034482757,29000000
Primary_Producers,0.7163742690058479,0.3335724333333333,30000000
Primary_Producers,0.7163742690058479,0.3335710322580645,31000000
Primary_Producers,0.7163742690058479,0.33357534375,32000000
Primary_Producers,0.7163742690058479,0.33358415151515153,33000000
Primary_Producers,0.7163742690058479,0.3336060294117647,34000000
Primary_Producers,0.7163742690058479,0.3335973428571429,35000000
Primary_Producers,0.7163742690058479,0.33360616666666665,36000000
Primary_Producers,0.7163742690058479,0.33362286486486487,37000000
Primary_Producers,0.7163742690058479,0.33362192105263155,38000000
Primary_Producers,0.7163742690058479,0.33361015384615383,39000000
Primary_Producers,0.7163742690058479,0.33359195,40000000
Primary_Producers,0.7163742690058479,0.333603756097561,41000000
Primary_Producers,0.7163742690058479,0.3335914523809524,42000000
Primary_Producers,0.7163742690058479,0.3335922093023256,43000000
Primary_Producers,0.7163742690058479,0.33359188636363635,44000000
Primary_Producers,0.7163742690058479,0.33358255555555555,45000000
Primary_Producers,0.7163742690058479,0.3335851956521739,46000000
Primary_Producers,0.7163742690058479,0.33358487234042555,47000000
Primary_Producers,0.7163742690058479,0.33358679166666666,48000000
Primary_Producers,0.7163742690058479,0.33358861224489794,49000000
Primary_Producers,0.7163742690058479,0.33360022,50000000
Primary_Producers,0.7163742690058479,0.33359888235294116,51000000
Primary_Producers,0.7163742690058479,0.3336052884615385,52000000
Primary_Producers,0.7163742690058479,0.3335942075471698,53000000
Primary_Producers,0.7163742690058479,0.33358714814814816,54000000
Primary_Producers,0.7163742690058479,0.3335938363636364,55000000
Primary_Producers,0.7163742690058479,0.33360741071428573,56000000
Primary_Producers,0.7163742690058479,0.3336088245614035,57000000
Primary_Producers,0.7163742690058479,0.3335990172413793,58000000
Primary_Producers,0.7163742690058479,0.3336207457627119,59000000
Primary_Producers,0.7163742690058479,0.33361786666666665,60000000
Primary_Producers,0.7163742690058479,0.33362190163934424,61000000
Primary_Producers,0.7163742690058479,0.3336219193548387,62000000
Primary_Producers,0.7163742690058479,0.3336223492063492,63000000
Primary_Producers,0.7163742690058479,0.33362078125,64000000
Primary_Producers,0.7163742690058479,0.3336206,65000000
Primary_Producers,0.7163742690058479,0.3336091212121212,66000000
Primary_Producers,0.7163742690058479,0.333613447761194,67000000
Primary_Producers,0.7163742690058479,0.3336036617647059,68000000
Primary_Producers,0.7163742690058479,0.33359381159420287,69000000
Primary_Producers,0.7163742690058479,0.3335996,70000000
Primary_Producers,0.7163742690058479,0.33359666197183097,71000000
Primary_Producers,0.7163742690058479,0.3335922083333333,72000000
Primary_Producers,0.7163742690058479,0.33360079452054797,73000000
Primary_Producers,0.7163742690058479,0.333602945945946,74000000
Primary_Producers,0.7163742690058479,0.33360670666666664,75000000
Primary_Producers,0.7163742690058479,0.3335939605263158,76000000
Primary_Producers,0.7163742690058479,0.3336022727272727,77000000
Primary_Producers,0.7163742690058479,0.33359516666666666,78000000
Primary_Producers,0.7163742690058479,0.33358403797468356,79000000
Primary_Producers,0.7163742690058479,0.3335767875,80000000
Primary_Producers,0.7163742690058479,0.3335803580246914,81000000
Primary_Producers,0.7163742690058479,0.3335704756097561,82000000
Primary_Producers,0.7163742690058479,0.33356930120481926,83000000
Primary_Producers,0.7163742690058479,0.33358353571428573,84000000
Primary_Producers,0.7163742690058479,0.33358625882352944,85000000
Primary_Producers,0.7163742690058479,0.3335924069767442,86000000
Primary_Producers,0.7163742690058479,0.33359596551724136,87000000
Primary_Producers,0.7163742690058479,0.33360501136363635,88000000
Primary_Producers,0.7163742690058479,0.33360349438202247,89000000
Primary_Producers,0.7163742690058479,0.3336003777777778,90000000
Primary_Producers,0.7163742690058479,0.3336051428571429,91000000
Primary_Producers,0.7163742690058479,0.3336051956521739,92000000
Primary_Producers,0.7163742690058479,0.33360849462365594,93000000
Primary_Producers,0.7163742690058479,0.3335987978723404,94000000
Primary_Producers,0.7163742690058479,0.33360423157894736,95000000
Primary_Producers,0.7163742690058479,0.3336103645833333,96000000
Primary_Producers,0.7163742690058479,0.3336094020618557,97000000
Primary_Producers,0.7163742690058479,0.33360770408163265,98000000
Primary_Producers,0.7163742690058479,0.33360664646464644,99000000
Primary_Producers,0.7163742690058479,0.33360836,100000000
