Parasites,0.5512287988923503,0.998983,1000000
Parasites,0.5512287988923503,0.9989495,2000000
Parasites,0.5512287988923503,0.9989553333333333,3000000
Parasites,0.5512287988923503,0.99894725,4000000
Parasites,0.5512287988923503,0.9989554,5000000
Parasites,0.5512287988923503,0.9989438333333334,6000000
Parasites,0.5512287988923503,0.9989487142857143,7000000
Parasites,0.5512287988923503,0.998948625,8000000
Parasites,0.5512287988923503,0.9989503333333334,9000000
Parasites,0.5512287988923503,0.9989505,10000000
Parasites,0.5512287988923503,0.9989534545454546,11000000
Parasites,0.5512287988923503,0.9989544166666666,12000000
Parasites,0.5512287988923503,0.998955,13000000
Parasites,0.5512287988923503,0.9989568571428571,14000000
Parasites,0.5512287988923503,0.9989552,15000000
Parasites,0.5512287988923503,0.998955,16000000
Parasites,0.5512287988923503,0.9989568235294117,17000000
Parasites,0.5512287988923503,0.9989548333333333,18000000
Parasites,0.5512287988923503,0.9989562105263158,19000000
Parasites,0.5512287988923503,0.9989563,20000000
Parasites,0.5512287988923503,0.9989581428571429,21000000
Parasites,0.5512287988923503,0.9989577272727272,22000000
Parasites,0.5512287988923503,0.9989567391304348,23000000
Parasites,0.5512287988923503,0.99895925,24000000
Parasites,0.5512287988923503,0.9989592,25000000
Parasites,0.5512287988923503,0.9989585769230769,26000000
Parasites,0.5512287988923503,0.9989593333333333,27000000
Parasites,0.5512287988923503,0.9989603571428571,28000000
Parasites,0.5512287988923503,0.9989588620689656,29000000
Parasites,0.5512287988923503,0.9989595333333333,30000000
Parasites,0.5512287988923503,0.9989594516129032,31000000
Parasites,0.5512287988923503,0.998958875,32000000
Parasites,0.5512287988923503,0.9989584848484848,33000000
Parasites,0.5512287988923503,0.9989584117647059,34000000
Parasites,0.5512287988923503,0.9989592857142857,35000000
Parasites,0.5512287988923503,0.9989582222222222,36000000
Parasites,0.5512287988923503,0.9989583243243243,37000000
Parasites,0.5512287988923503,0.9989591578947369,38000000
Parasites,0.5512287988923503,0.9989601538461539,39000000
Parasites,0.5512287988923503,0.998959975,40000000
Parasites,0.5512287988923503,0.9989597317073171,41000000
Parasites,0.5512287988923503,0.9989589285714285,42000000
Parasites,0.5512287988923503,0.998958023255814,43000000
Parasites,0.5512287988923503,0.9989592727272727,44000000
Parasites,0.5512287988923503,0.9989586444444445,45000000
Parasites,0.5512287988923503,0.9989590217391304,46000000
Parasites,0.5512287988923503,0.998959255319149,47000000
Parasites,0.5512287988923503,0.9989597291666666,48000000
Parasites,0.5512287988923503,0.9989599387755103,49000000
Parasites,0.5512287988923503,0.99896014,50000000
Parasites,0.5512287988923503,0.9989609411764706,51000000
Parasites,0.5512287988923503,0.9989615576923077,52000000
Parasites,0.5512287988923503,0.9989615094339622,53000000
Parasites,0.5512287988923503,0.9989618518518518,54000000
Parasites,0.5512287988923503,0.9989612181818182,55000000
Parasites,0.5512287988923503,0.9989611607142858,56000000
Parasites,0.5512287988923503,0.9989614210526315,57000000
Parasites,0.5512287988923503,0.9989618275862069,58000000
Parasites,0.5512287988923503,0.998961186440678,59000000
Parasites,0.5512287988923503,0.9989616,60000000
Parasites,0.5512287988923503,0.9989603278688525,61000000
Parasites,0.5512287988923503,0.9989607096774193,62000000
Parasites,0.5512287988923503,0.9989606031746032,63000000
Parasites,0.5512287988923503,0.998959890625,64000000
Parasites,0.5512287988923503,0.9989605076923077,65000000
Parasites,0.5512287988923503,0.9989612878787879,66000000
Parasites,0.5512287988923503,0.9989613283582089,67000000
Parasites,0.5512287988923503,0.9989613823529412,68000000
Parasites,0.5512287988923503,0.998961,69000000
Parasites,0.5512287988923503,0.9989606714285715,70000000
Parasites,0.5512287988923503,0.9989609154929577,71000000
Parasites,0.5512287988923503,0.9989602222222222,72000000
Parasites,0.5512287988923503,0.998960397260274,73000000
Parasites,0.5512287988923503,0.9989606891891892,74000000
Parasites,0.5512287988923503,0.99896096,75000000
Parasites,0.5512287988923503,0.9989617368421052,76000000
Parasites,0.5512287988923503,0.9989626363636364,77000000
Parasites,0.5512287988923503,0.9989625512820512,78000000
Parasites,0.5512287988923503,0.9989618227848102,79000000
Parasites,0.5512287988923503,0.9989612375,80000000
Parasites,0.5512287988923503,0.9989609382716049,81000000
Parasites,0.5512287988923503,0.9989605975609757,82000000
Parasites,0.5512287988923503,0.9989608795180723,83000000
Parasites,0.5512287988923503,0.9989604285714285,84000000
Parasites,0.5512287988923503,0.998960105882353,85000000
Parasites,0.5512287988923503,0.9989593720930232,86000000
Parasites,0.5512287988923503,0.9989592068965517,87000000
Parasites,0.5512287988923503,0.9989586931818182,88000000
Parasites,0.5512287988923503,0.9989587640449438,89000000
Parasites,0.5512287988923503,0.9989585111111111,90000000
Parasites,0.5512287988923503,0.9989585054945055,91000000
Parasites,0.5512287988923503,0.9989590869565217,92000000
Parasites,0.5512287988923503,0.9989595268817204,93000000
Parasites,0.5512287988923503,0.99896,94000000
Parasites,0.5512287988923503,0.9989598947368421,95000000
Parasites,0.5512287988923503,0.9989599375,96000000
Parasites,0.5512287988923503,0.9989597319587629,97000000
Parasites,0.5512287988923503,0.9989596428571429,98000000
Parasites,0.5512287988923503,0.998959303030303,99000000
Parasites,0.5512287988923503,0.99895935,100000000
