Primary_Producers,0.4733520336605891,0.919459,1000000
Primary_Producers,0.4733520336605891,0.9197245,2000000
Primary_Producers,0.4733520336605891,0.9195696666666666,3000000
Primary_Producers,0.4733520336605891,0.91959825,4000000
Primary_Producers,0.4733520336605891,0.919656,5000000
Primary_Producers,0.4733520336605891,0.9196975,6000000
Primary_Producers,0.4733520336605891,0.919676,7000000
Primary_Producers,0.4733520336605891,0.91964175,8000000
Primary_Producers,0.4733520336605891,0.9196926666666667,9000000
Primary_Producers,0.4733520336605891,0.9197337,10000000
Primary_Producers,0.4733520336605891,0.9197377272727273,11000000
Primary_Producers,0.4733520336605891,0.9197505,12000000
Primary_Producers,0.4733520336605891,0.9197496153846154,13000000
Primary_Producers,0.4733520336605891,0.9197692857142857,14000000
Primary_Producers,0.4733520336605891,0.9197608,15000000
Primary_Producers,0.4733520336605891,0.919766125,16000000
Primary_Producers,0.4733520336605891,0.9197464117647058,17000000
Primary_Producers,0.4733520336605891,0.9197308333333334,18000000
Primary_Producers,0.4733520336605891,0.919743947368421,19000000
Primary_Producers,0.4733520336605891,0.91974175,20000000
Primary_Producers,0.4733520336605891,0.919764,21000000
Primary_Producers,0.4733520336605891,0.9197625,22000000
Primary_Producers,0.4733520336605891,0.9197592173913044,23000000
Primary_Producers,0.4733520336605891,0.9197510416666667,24000000
Primary_Producers,0.4733520336605891,0.91974764,25000000
Primary_Producers,0.4733520336605891,0.9197338076923077,26000000
Primary_Producers,0.4733520336605891,0.9197308518518519,27000000
Primary_Producers,0.4733520336605891,0.9197354285714285,28000000
Primary_Producers,0.4733520336605891,0.9197195862068965,29000000
Primary_Producers,0.4733520336605891,0.9197246666666666,30000000
Primary_Producers,0.4733520336605891,0.9197327096774194,31000000
Primary_Producers,0.4733520336605891,0.91973790625,32000000
Primary_Producers,0.4733520336605891,0.9197460303030303,33000000
Primary_Producers,0.4733520336605891,0.9197519117647058,34000000
Primary_Producers,0.4733520336605891,0.9197651714285714,35000000
Primary_Producers,0.4733520336605891,0.91977125,36000000
Primary_Producers,0.4733520336605891,0.9197614054054054,37000000
Primary_Producers,0.4733520336605891,0.9197591842105263,38000000
Primary_Producers,0.4733520336605891,0.919773,39000000
Primary_Producers,0.4733520336605891,0.91977475,40000000
Primary_Producers,0.4733520336605891,0.9197746585365854,41000000
Primary_Producers,0.4733520336605891,0.9197654047619047,42000000
Primary_Producers,0.4733520336605891,0.9197698604651163,43000000
Primary_Producers,0.4733520336605891,0.9197584545454546,44000000
Primary_Producers,0.4733520336605891,0.9197619111111112,45000000
Primary_Producers,0.4733520336605891,0.9197524130434782,46000000
Primary_Producers,0.4733520336605891,0.9197496170212766,47000000
Primary_Producers,0.4733520336605891,0.9197575833333334,48000000
Primary_Producers,0.4733520336605891,0.919763224489796,49000000
Primary_Producers,0.4733520336605891,0.91977102,50000000
Primary_Producers,0.4733520336605891,0.9197649411764706,51000000
Primary_Producers,0.4733520336605891,0.9197640576923077,52000000
Primary_Producers,0.4733520336605891,0.919760358490566,53000000
Primary_Producers,0.4733520336605891,0.9197700185185185,54000000
Primary_Producers,0.4733520336605891,0.9197727636363636,55000000
Primary_Producers,0.4733520336605891,0.919766375,56000000
Primary_Producers,0.4733520336605891,0.9197698421052631,57000000
Primary_Producers,0.4733520336605891,0.919772,58000000
Primary_Producers,0.4733520336605891,0.9197776440677966,59000000
Primary_Producers,0.4733520336605891,0.9197787666666667,60000000
Primary_Producers,0.4733520336605891,0.9197741967213114,61000000
Primary_Producers,0.4733520336605891,0.9197748870967742,62000000
Primary_Producers,0.4733520336605891,0.9197759206349206,63000000
Primary_Producers,0.4733520336605891,0.919770234375,64000000
Primary_Producers,0.4733520336605891,0.9197681384615385,65000000
Primary_Producers,0.4733520336605891,0.9197691666666666,66000000
Primary_Producers,0.4733520336605891,0.9197712238805971,67000000
Primary_Producers,0.4733520336605891,0.9197659852941177,68000000
Primary_Producers,0.4733520336605891,0.9197696666666667,69000000
Primary_Producers,0.4733520336605891,0.9197761857142858,70000000
Primary_Producers,0.4733520336605891,0.9197761971830986,71000000
Primary_Producers,0.4733520336605891,0.9197751666666667,72000000
Primary_Producers,0.4733520336605891,0.9197748767123287,73000000
Primary_Producers,0.4733520336605891,0.9197712837837838,74000000
Primary_Producers,0.4733520336605891,0.9197738133333333,75000000
Primary_Producers,0.4733520336605891,0.9197686447368421,76000000
Primary_Producers,0.4733520336605891,0.919774948051948,77000000
Primary_Producers,0.4733520336605891,0.9197759743589744,78000000
Primary_Producers,0.4733520336605891,0.9197791012658227,79000000
Primary_Producers,0.4733520336605891,0.91977005,80000000
Primary_Producers,0.4733520336605891,0.9197716666666667,81000000
Primary_Producers,0.4733520336605891,0.9197746097560976,82000000
Primary_Producers,0.4733520336605891,0.9197781686746987,83000000
Primary_Producers,0.4733520336605891,0.9197829404761905,84000000
Primary_Producers,0.4733520336605891,0.9197802235294118,85000000
Primary_Producers,0.4733520336605891,0.9197858255813953,86000000
Primary_Producers,0.4733520336605891,0.9197852068965517,87000000
Primary_Producers,0.4733520336605891,0.9197868295454545,88000000
Primary_Producers,0.4733520336605891,0.9197874382022472,89000000
Primary_Producers,0.4733520336605891,0.9197856888888889,90000000
Primary_Producers,0.4733520336605891,0.9197865494505495,91000000
Primary_Producers,0.4733520336605891,0.9197896956521739,92000000
Primary_Producers,0.4733520336605891,0.9197865913978495,93000000
Primary_Producers,0.4733520336605891,0.919785829787234,94000000
Primary_Producers,0.4733520336605891,0.9197839789473684,95000000
Primary_Producers,0.4733520336605891,0.91978459375,96000000
Primary_Producers,0.4733520336605891,0.9197851649484536,97000000
Primary_Producers,0.4733520336605891,0.9197844183673469,98000000
Primary_Producers,0.4733520336605891,0.9197804848484848,99000000
Primary_Producers,0.4733520336605891,0.91978108,100000000
