Primary_Producers,0.898840206185567,0.549929,1000000
Primary_Producers,0.898840206185567,0.550091,2000000
Primary_Producers,0.898840206185567,0.54987,3000000
Primary_Producers,0.898840206185567,0.54995225,4000000
Primary_Producers,0.898840206185567,0.549815,5000000
Primary_Producers,0.898840206185567,0.5496788333333333,6000000
Primary_Producers,0.898840206185567,0.5495297142857143,7000000
Primary_Producers,0.898840206185567,0.549612125,8000000
Primary_Producers,0.898840206185567,0.5495331111111111,9000000
Primary_Producers,0.898840206185567,0.5495162,10000000
Primary_Producers,0.898840206185567,0.5495341818181818,11000000
Primary_Producers,0.898840206185567,0.5494903333333333,12000000
Primary_Producers,0.898840206185567,0.5494456153846153,13000000
Primary_Producers,0.898840206185567,0.5494290714285714,14000000
Primary_Producers,0.898840206185567,0.5494417333333333,15000000
Primary_Producers,0.898840206185567,0.5495024375,16000000
Primary_Producers,0.898840206185567,0.5495038823529412,17000000
Primary_Producers,0.898840206185567,0.5494824444444445,18000000
Primary_Producers,0.898840206185567,0.549432,19000000
Primary_Producers,0.898840206185567,0.5494225,20000000
Primary_Producers,0.898840206185567,0.5494539047619048,21000000
Primary_Producers,0.898840206185567,0.5494587727272727,22000000
Primary_Producers,0.898840206185567,0.5494426521739131,23000000
Primary_Producers,0.898840206185567,0.5494509166666667,24000000
Primary_Producers,0.898840206185567,0.54945852,25000000
Primary_Producers,0.898840206185567,0.5494701923076923,26000000
Primary_Producers,0.898840206185567,0.5494457407407407,27000000
Primary_Producers,0.898840206185567,0.5494394285714286,28000000
Primary_Producers,0.898840206185567,0.5494291034482759,29000000
Primary_Producers,0.898840206185567,0.5494120666666666,30000000
Primary_Producers,0.898840206185567,0.5494205806451613,31000000
Primary_Producers,0.898840206185567,0.5494215625,32000000
Primary_Producers,0.898840206185567,0.5494224545454546,33000000
Primary_Producers,0.898840206185567,0.5494274117647059,34000000
Primary_Producers,0.898840206185567,0.549417,35000000
Primary_Producers,0.898840206185567,0.549418,36000000
Primary_Producers,0.898840206185567,0.5494316756756756,37000000
Primary_Producers,0.898840206185567,0.5494327105263158,38000000
Primary_Producers,0.898840206185567,0.549431,39000000
Primary_Producers,0.898840206185567,0.5494374,40000000
Primary_Producers,0.898840206185567,0.5494247073170732,41000000
Primary_Producers,0.898840206185567,0.5494288333333334,42000000
Primary_Producers,0.898840206185567,0.5494356511627907,43000000
Primary_Producers,0.898840206185567,0.5494198863636364,44000000
Primary_Producers,0.898840206185567,0.5494139555555556,45000000
Primary_Producers,0.898840206185567,0.5494064782608695,46000000
Primary_Producers,0.898840206185567,0.5494169361702128,47000000
Primary_Producers,0.898840206185567,0.5494341041666667,48000000
Primary_Producers,0.898840206185567,0.5494417346938776,49000000
Primary_Producers,0.898840206185567,0.5494475,50000000
Primary_Producers,0.898840206185567,0.5494446078431372,51000000
Primary_Producers,0.898840206185567,0.5494544423076924,52000000
Primary_Producers,0.898840206185567,0.5494665283018868,53000000
Primary_Producers,0.898840206185567,0.5494780555555555,54000000
Primary_Producers,0.898840206185567,0.5494903272727273,55000000
Primary_Producers,0.898840206185567,0.5495072678571429,56000000
Primary_Producers,0.898840206185567,0.5495133684210526,57000000
Primary_Producers,0.898840206185567,0.5495191379310345,58000000
Primary_Producers,0.898840206185567,0.5495321525423729,59000000
Primary_Producers,0.898840206185567,0.54953115,60000000
Primary_Producers,0.898840206185567,0.5495300983606557,61000000
Primary_Producers,0.898840206185567,0.5495183548387097,62000000
Primary_Producers,0.898840206185567,0.5495272857142857,63000000
Primary_Producers,0.898840206185567,0.54951359375,64000000
Primary_Producers,0.898840206185567,0.5495185076923077,65000000
Primary_Producers,0.898840206185567,0.5495073181818182,66000000
Primary_Producers,0.898840206185567,0.5495148805970149,67000000
Primary_Producers,0.898840206185567,0.5495130294117647,68000000
Primary_Producers,0.898840206185567,0.5495137391304348,69000000
Primary_Producers,0.898840206185567,0.5495178857142857,70000000
Primary_Producers,0.898840206185567,0.5495248732394367,71000000
Primary_Producers,0.898840206185567,0.5495290138888889,72000000
Primary_Producers,0.898840206185567,0.5495233287671233,73000000
Primary_Producers,0.898840206185567,0.5495318648648648,74000000
Primary_Producers,0.898840206185567,0.54953796,75000000
Primary_Producers,0.898840206185567,0.54954175,76000000
Primary_Producers,0.898840206185567,0.5495405324675324,77000000
Primary_Producers,0.898840206185567,0.5495455128205128,78000000
Primary_Producers,0.898840206185567,0.5495464810126582,79000000
Primary_Producers,0.898840206185567,0.5495613875,80000000
Primary_Producers,0.898840206185567,0.5495481234567902,81000000
Primary_Producers,0.898840206185567,0.5495555,82000000
Primary_Producers,0.898840206185567,0.5495613373493976,83000000
Primary_Producers,0.898840206185567,0.5495636666666667,84000000
Primary_Producers,0.898840206185567,0.5495678705882353,85000000
Primary_Producers,0.898840206185567,0.549568011627907,86000000
Primary_Producers,0.898840206185567,0.5495613103448276,87000000
Primary_Producers,0.898840206185567,0.5495585454545454,88000000
Primary_Producers,0.898840206185567,0.5495640561797753,89000000
Primary_Producers,0.898840206185567,0.5495624222222222,90000000
Primary_Producers,0.898840206185567,0.5495659010989011,91000000
Primary_Producers,0.898840206185567,0.5495675543478261,92000000
Primary_Producers,0.898840206185567,0.5495716989247312,93000000
Primary_Producers,0.898840206185567,0.5495628191489361,94000000
Primary_Producers,0.898840206185567,0.5495607157894736,95000000
Primary_Producers,0.898840206185567,0.5495653020833333,96000000
Primary_Producers,0.898840206185567,0.549565,97000000
Primary_Producers,0.898840206185567,0.5495605918367347,98000000
Primary_Producers,0.898840206185567,0.549557,99000000
Primary_Producers,0.898840206185567,0.54955462,100000000
