Herbivores,0.7559607293127629,0.240527,1000000
Herbivores,0.7559607293127629,0.240883,2000000
Herbivores,0.7559607293127629,0.24100733333333332,3000000
Herbivores,0.7559607293127629,0.2408885,4000000
Herbivores,0.7559607293127629,0.2408762,5000000
Herbivores,0.7559607293127629,0.24077816666666665,6000000
Herbivores,0.7559607293127629,0.240938,7000000
Herbivores,0.7559607293127629,0.240945375,8000000
Herbivores,0.7559607293127629,0.2409628888888889,9000000
Herbivores,0.7559607293127629,0.2409835,10000000
Herbivores,0.7559607293127629,0.2409,11000000
Herbivores,0.7559607293127629,0.24090366666666665,12000000
Herbivores,0.7559607293127629,0.24085069230769232,13000000
Herbivores,0.7559607293127629,0.2408462857142857,14000000
Herbivores,0.7559607293127629,0.24084066666666668,15000000
Herbivores,0.7559607293127629,0.240839375,16000000
Herbivores,0.7559607293127629,0.24082958823529413,17000000
Herbivores,0.7559607293127629,0.2408478888888889,18000000
Herbivores,0.7559607293127629,0.24087268421052632,19000000
Herbivores,0.7559607293127629,0.2408514,20000000
Herbivores,0.7559607293127629,0.24085995238095237,21000000
Herbivores,0.7559607293127629,0.240874,22000000
Herbivores,0.7559607293127629,0.24086521739130434,23000000
Herbivores,0.7559607293127629,0.24084445833333334,24000000
Herbivores,0.7559607293127629,0.24084524,25000000
Herbivores,0.7559607293127629,0.240839,26000000
Herbivores,0.7559607293127629,0.240824,27000000
Herbivores,0.7559607293127629,0.2408442857142857,28000000
Herbivores,0.7559607293127629,0.24083179310344827,29000000
Herbivores,0.7559607293127629,0.24081986666666666,30000000
Herbivores,0.7559607293127629,0.24083983870967743,31000000
Herbivores,0.7559607293127629,0.2408348125,32000000
Herbivores,0.7559607293127629,0.2408349090909091,33000000
Herbivores,0.7559607293127629,0.24082835294117647,34000000
Herbivores,0.7559607293127629,0.2408253142857143,35000000
Herbivores,0.7559607293127629,0.24081558333333333,36000000
Herbivores,0.7559607293127629,0.24081591891891893,37000000
Herbivores,0.7559607293127629,0.24081328947368422,38000000
Herbivores,0.7559607293127629,0.2408258717948718,39000000
Herbivores,0.7559607293127629,0.240821525,40000000
Herbivores,0.7559607293127629,0.24082787804878047,41000000
Herbivores,0.7559607293127629,0.24082464285714286,42000000
Herbivores,0.7559607293127629,0.24081193023255815,43000000
Herbivores,0.7559607293127629,0.24080152272727273,44000000
Herbivores,0.7559607293127629,0.240796,45000000
Herbivores,0.7559607293127629,0.24079817391304348,46000000
Herbivores,0.7559607293127629,0.24079536170212765,47000000
Herbivores,0.7559607293127629,0.24081195833333333,48000000
Herbivores,0.7559607293127629,0.24081502040816327,49000000
Herbivores,0.7559607293127629,0.24081112,50000000
Herbivores,0.7559607293127629,0.2408196274509804,51000000
Herbivores,0.7559607293127629,0.24081736538461537,52000000
Herbivores,0.7559607293127629,0.24080596226415094,53000000
Herbivores,0.7559607293127629,0.24081027777777778,54000000
Herbivores,0.7559607293127629,0.24081167272727272,55000000
Herbivores,0.7559607293127629,0.24082217857142857,56000000
Herbivores,0.7559607293127629,0.24082484210526317,57000000
Herbivores,0.7559607293127629,0.24081808620689654,58000000
Herbivores,0.7559607293127629,0.24082374576271187,59000000
Herbivores,0.7559607293127629,0.24081901666666666,60000000
Herbivores,0.7559607293127629,0.2408242295081967,61000000
Herbivores,0.7559607293127629,0.24081832258064517,62000000
Herbivores,0.7559607293127629,0.24081571428571427,63000000
Herbivores,0.7559607293127629,0.24081596875,64000000
Herbivores,0.7559607293127629,0.2408238769230769,65000000
Herbivores,0.7559607293127629,0.24082813636363637,66000000
Herbivores,0.7559607293127629,0.2408287313432836,67000000
Herbivores,0.7559607293127629,0.24082485294117648,68000000
Herbivores,0.7559607293127629,0.24082121739130435,69000000
Herbivores,0.7559607293127629,0.24083485714285716,70000000
Herbivores,0.7559607293127629,0.24083429577464788,71000000
Herbivores,0.7559607293127629,0.24083231944444444,72000000
Herbivores,0.7559607293127629,0.24083390410958905,73000000
Herbivores,0.7559607293127629,0.24083486486486486,74000000
Herbivores,0.7559607293127629,0.24082969333333334,75000000
Herbivores,0.7559607293127629,0.24082342105263158,76000000
Herbivores,0.7559607293127629,0.24082905194805196,77000000
Herbivores,0.7559607293127629,0.24083402564102563,78000000
Herbivores,0.7559607293127629,0.24083227848101266,79000000
Herbivores,0.7559607293127629,0.2408294875,80000000
Herbivores,0.7559607293127629,0.24083186419753086,81000000
Herbivores,0.7559607293127629,0.24083513414634147,82000000
Herbivores,0.7559607293127629,0.2408352168674699,83000000
Herbivores,0.7559607293127629,0.2408285,84000000
Herbivores,0.7559607293127629,0.24083363529411764,85000000
Herbivores,0.7559607293127629,0.24084094186046512,86000000
Herbivores,0.7559607293127629,0.24085134482758622,87000000
Herbivores,0.7559607293127629,0.24085725,88000000
Herbivores,0.7559607293127629,0.24085716853932584,89000000
Herbivores,0.7559607293127629,0.24084416666666666,90000000
Herbivores,0.7559607293127629,0.24083492307692309,91000000
Herbivores,0.7559607293127629,0.24083920652173912,92000000
Herbivores,0.7559607293127629,0.2408312365591398,93000000
Herbivores,0.7559607293127629,0.2408356489361702,94000000
Herbivores,0.7559607293127629,0.2408359052631579,95000000
Herbivores,0.7559607293127629,0.24084323958333334,96000000
Herbivores,0.7559607293127629,0.24084859793814434,97000000
Herbivores,0.7559607293127629,0.24085080612244897,98000000
Herbivores,0.7559607293127629,0.24085184848484847,99000000
Herbivores,0.7559607293127629,0.24084983,100000000
