Herbivores,0.6323129251700681,0.960621,1000000
Herbivores,0.6323129251700681,0.9606455,2000000
Herbivores,0.6323129251700681,0.9605856666666667,3000000
Herbivores,0.6323129251700681,0.96060825,4000000
Herbivores,0.6323129251700681,0.9606578,5000000
Herbivores,0.6323129251700681,0.9606196666666666,6000000
Herbivores,0.6323129251700681,0.9606112857142857,7000000
Herbivores,0.6323129251700681,0.960626125,8000000
Herbivores,0.6323129251700681,0.9606035555555555,9000000
Herbivores,0.6323129251700681,0.9605958,10000000
Herbivores,0.6323129251700681,0.9606175454545455,11000000
Herbivores,0.6323129251700681,0.9606095,12000000
Herbivores,0.6323129251700681,0.9606126923076923,13000000
Herbivores,0.6323129251700681,0.9605636428571429,14000000
Herbivores,0.6323129251700681,0.9605783333333333,15000000
Herbivores,0.6323129251700681,0.9605643125,16000000
Herbivores,0.6323129251700681,0.9605757647058824,17000000
Herbivores,0.6323129251700681,0.9605740555555555,18000000
Herbivores,0.6323129251700681,0.960573,19000000
Herbivores,0.6323129251700681,0.9605474,20000000
Herbivores,0.6323129251700681,0.9605578095238095,21000000
Herbivores,0.6323129251700681,0.9605482272727273,22000000
Herbivores,0.6323129251700681,0.9605497391304347,23000000
Herbivores,0.6323129251700681,0.960551875,24000000
Herbivores,0.6323129251700681,0.96054356,25000000
Herbivores,0.6323129251700681,0.9605411538461538,26000000
Herbivores,0.6323129251700681,0.9605413703703704,27000000
Herbivores,0.6323129251700681,0.9605486785714286,28000000
Herbivores,0.6323129251700681,0.9605386551724138,29000000
Herbivores,0.6323129251700681,0.9605301666666667,30000000
Herbivores,0.6323129251700681,0.9605265806451613,31000000
Herbivores,0.6323129251700681,0.9605236875,32000000
Herbivores,0.6323129251700681,0.9605210909090909,33000000
Herbivores,0.6323129251700681,0.9605215588235294,34000000
Herbivores,0.6323129251700681,0.9605266857142857,35000000
Herbivores,0.6323129251700681,0.9605321944444445,36000000
Herbivores,0.6323129251700681,0.9605302162162163,37000000
Herbivores,0.6323129251700681,0.9605235,38000000
Herbivores,0.6323129251700681,0.9605269487179487,39000000
Herbivores,0.6323129251700681,0.960527,40000000
Herbivores,0.6323129251700681,0.9605182682926829,41000000
Herbivores,0.6323129251700681,0.9605220238095238,42000000
Herbivores,0.6323129251700681,0.9605227209302326,43000000
Herbivores,0.6323129251700681,0.9605164545454545,44000000
Herbivores,0.6323129251700681,0.9605091333333333,45000000
Herbivores,0.6323129251700681,0.9605162173913043,46000000
Herbivores,0.6323129251700681,0.9605112127659574,47000000
Herbivores,0.6323129251700681,0.9605054583333333,48000000
Herbivores,0.6323129251700681,0.9605021020408163,49000000
Herbivores,0.6323129251700681,0.96049884,50000000
Herbivores,0.6323129251700681,0.9604957843137255,51000000
Herbivores,0.6323129251700681,0.9604988846153846,52000000
Herbivores,0.6323129251700681,0.9604960566037736,53000000
Herbivores,0.6323129251700681,0.960496037037037,54000000
Herbivores,0.6323129251700681,0.9604890363636364,55000000
Herbivores,0.6323129251700681,0.9604875535714286,56000000
Herbivores,0.6323129251700681,0.9604794561403509,57000000
Herbivores,0.6323129251700681,0.9604809655172414,58000000
Herbivores,0.6323129251700681,0.9604784576271187,59000000
Herbivores,0.6323129251700681,0.9604734833333334,60000000
Herbivores,0.6323129251700681,0.9604683278688525,61000000
Herbivores,0.6323129251700681,0.9604709677419355,62000000
Herbivores,0.6323129251700681,0.9604728571428571,63000000
Herbivores,0.6323129251700681,0.960470109375,64000000
Herbivores,0.6323129251700681,0.9604713538461539,65000000
Herbivores,0.6323129251700681,0.9604725454545454,66000000
Herbivores,0.6323129251700681,0.9604755671641791,67000000
Herbivores,0.6323129251700681,0.9604733382352941,68000000
Herbivores,0.6323129251700681,0.9604762173913044,69000000
Herbivores,0.6323129251700681,0.9604785571428571,70000000
Herbivores,0.6323129251700681,0.9604833943661972,71000000
Herbivores,0.6323129251700681,0.9604844305555555,72000000
Herbivores,0.6323129251700681,0.9604826575342466,73000000
Herbivores,0.6323129251700681,0.9604849054054054,74000000
Herbivores,0.6323129251700681,0.9604884933333333,75000000
Herbivores,0.6323129251700681,0.9604818421052631,76000000
Herbivores,0.6323129251700681,0.9604847012987013,77000000
Herbivores,0.6323129251700681,0.9604864615384615,78000000
Herbivores,0.6323129251700681,0.9604883924050633,79000000
Herbivores,0.6323129251700681,0.9604877,80000000
Herbivores,0.6323129251700681,0.9604880864197531,81000000
Herbivores,0.6323129251700681,0.9604808902439025,82000000
Herbivores,0.6323129251700681,0.9604815903614458,83000000
Herbivores,0.6323129251700681,0.9604810595238096,84000000
Herbivores,0.6323129251700681,0.9604828352941176,85000000
Herbivores,0.6323129251700681,0.960483534883721,86000000
Herbivores,0.6323129251700681,0.9604853448275862,87000000
Herbivores,0.6323129251700681,0.960483659090909,88000000
Herbivores,0.6323129251700681,0.9604813258426966,89000000
Herbivores,0.6323129251700681,0.9604806,90000000
Herbivores,0.6323129251700681,0.9604799120879121,91000000
Herbivores,0.6323129251700681,0.9604808586956521,92000000
Herbivores,0.6323129251700681,0.9604820967741935,93000000
Herbivores,0.6323129251700681,0.9604864042553192,94000000
Herbivores,0.6323129251700681,0.9604847578947369,95000000
Herbivores,0.6323129251700681,0.96048559375,96000000
Herbivores,0.6323129251700681,0.9604848350515464,97000000
Herbivores,0.6323129251700681,0.960485112244898,98000000
Herbivores,0.6323129251700681,0.9604850808080808,99000000
Herbivores,0.6323129251700681,0.96048586,100000000
