all,0.4939796233405372,0.986091,1000000
all,0.4939796233405372,0.9861165,2000000
all,0.4939796233405372,0.986179,3000000
all,0.4939796233405372,0.98618525,4000000
all,0.4939796233405372,0.9861516,5000000
all,0.4939796233405372,0.9861363333333333,6000000
all,0.4939796233405372,0.9861212857142857,7000000
all,0.4939796233405372,0.986120875,8000000
all,0.4939796233405372,0.9861046666666666,9000000
all,0.4939796233405372,0.9860864,10000000
all,0.4939796233405372,0.986073,11000000
all,0.4939796233405372,0.9860779166666667,12000000
all,0.4939796233405372,0.9860777692307693,13000000
all,0.4939796233405372,0.986069,14000000
all,0.4939796233405372,0.9860685333333333,15000000
all,0.4939796233405372,0.986065875,16000000
all,0.4939796233405372,0.9860738235294118,17000000
all,0.4939796233405372,0.9860766111111111,18000000
all,0.4939796233405372,0.9860773684210526,19000000
all,0.4939796233405372,0.986077,20000000
all,0.4939796233405372,0.9860690476190476,21000000
all,0.4939796233405372,0.9860638636363637,22000000
all,0.4939796233405372,0.9860706956521739,23000000
all,0.4939796233405372,0.9860809166666666,24000000
all,0.4939796233405372,0.98607668,25000000
all,0.4939796233405372,0.9860764230769231,26000000
all,0.4939796233405372,0.9860767407407407,27000000
all,0.4939796233405372,0.9860784642857143,28000000
all,0.4939796233405372,0.9860762068965517,29000000
all,0.4939796233405372,0.9860771666666667,30000000
all,0.4939796233405372,0.9860761612903226,31000000
all,0.4939796233405372,0.98607615625,32000000
all,0.4939796233405372,0.9860790606060607,33000000
all,0.4939796233405372,0.9860799705882353,34000000
all,0.4939796233405372,0.9860793142857143,35000000
all,0.4939796233405372,0.9860770277777777,36000000
all,0.4939796233405372,0.9860752432432432,37000000
all,0.4939796233405372,0.9860682894736842,38000000
all,0.4939796233405372,0.9860703333333334,39000000
all,0.4939796233405372,0.986067625,40000000
all,0.4939796233405372,0.9860619268292683,41000000
all,0.4939796233405372,0.9860589047619047,42000000
all,0.4939796233405372,0.9860589534883721,43000000
all,0.4939796233405372,0.9860592272727273,44000000
all,0.4939796233405372,0.9860586222222222,45000000
all,0.4939796233405372,0.9860598260869565,46000000
all,0.4939796233405372,0.9860593404255319,47000000
all,0.4939796233405372,0.9860573958333333,48000000
all,0.4939796233405372,0.9860595306122449,49000000
all,0.4939796233405372,0.98606032,50000000
all,0.4939796233405372,0.9860631960784314,51000000
all,0.4939796233405372,0.9860603076923077,52000000
all,0.4939796233405372,0.9860614150943396,53000000
all,0.4939796233405372,0.9860634074074074,54000000
all,0.4939796233405372,0.9860641636363636,55000000
all,0.4939796233405372,0.9860661785714285,56000000
all,0.4939796233405372,0.9860651929824561,57000000
all,0.4939796233405372,0.9860689482758621,58000000
all,0.4939796233405372,0.986069406779661,59000000
all,0.4939796233405372,0.9860702666666666,60000000
all,0.4939796233405372,0.9860680491803279,61000000
all,0.4939796233405372,0.9860682741935484,62000000
all,0.4939796233405372,0.9860663492063492,63000000
all,0.4939796233405372,0.9860665625,64000000
all,0.4939796233405372,0.9860648,65000000
all,0.4939796233405372,0.9860668181818182,66000000
all,0.4939796233405372,0.9860657164179104,67000000
all,0.4939796233405372,0.9860659558823529,68000000
all,0.4939796233405372,0.9860638695652174,69000000
all,0.4939796233405372,0.9860624,70000000
all,0.4939796233405372,0.9860625633802816,71000000
all,0.4939796233405372,0.9860635833333333,72000000
all,0.4939796233405372,0.986061794520548,73000000
all,0.4939796233405372,0.9860565,74000000
all,0.4939796233405372,0.9860555066666666,75000000
all,0.4939796233405372,0.9860547631578948,76000000
all,0.4939796233405372,0.9860529350649351,77000000
all,0.4939796233405372,0.9860546538461539,78000000
all,0.4939796233405372,0.9860569746835443,79000000
all,0.4939796233405372,0.9860590875,80000000
all,0.4939796233405372,0.9860593703703704,81000000
all,0.4939796233405372,0.9860603780487804,82000000
all,0.4939796233405372,0.9860593373493975,83000000
all,0.4939796233405372,0.9860615,84000000
all,0.4939796233405372,0.9860625764705883,85000000
all,0.4939796233405372,0.9860645581395349,86000000
all,0.4939796233405372,0.9860644597701149,87000000
all,0.4939796233405372,0.986066125,88000000
all,0.4939796233405372,0.9860669101123596,89000000
all,0.4939796233405372,0.9860676444444444,90000000
all,0.4939796233405372,0.9860668791208791,91000000
all,0.4939796233405372,0.986063804347826,92000000
all,0.4939796233405372,0.986063440860215,93000000
all,0.4939796233405372,0.9860627978723404,94000000
all,0.4939796233405372,0.9860629263157895,95000000
all,0.4939796233405372,0.9860630729166666,96000000
all,0.4939796233405372,0.9860615051546392,97000000
all,0.4939796233405372,0.9860595612244898,98000000
all,0.4939796233405372,0.9860605151515152,99000000
all,0.4939796233405372,0.98606164,100000000
