Primary_Producers,0.9269643475250952,0.678532,1000000
Primary_Producers,0.9269643475250952,0.6790485,2000000
Primary_Producers,0.9269643475250952,0.6788916666666667,3000000
Primary_Producers,0.9269643475250952,0.67894925,4000000
Primary_Producers,0.9269643475250952,0.6788148,5000000
Primary_Producers,0.9269643475250952,0.6786843333333333,6000000
Primary_Producers,0.9269643475250952,0.6785795714285714,7000000
Primary_Producers,0.9269643475250952,0.678613,8000000
Primary_Producers,0.9269643475250952,0.6785763333333333,9000000
Primary_Producers,0.9269643475250952,0.6785069,10000000
Primary_Producers,0.9269643475250952,0.6784941818181818,11000000
Primary_Producers,0.9269643475250952,0.6784379166666666,12000000
Primary_Producers,0.9269643475250952,0.6784126153846154,13000000
Primary_Producers,0.9269643475250952,0.6784092857142857,14000000
Primary_Producers,0.9269643475250952,0.6784031333333334,15000000
Primary_Producers,0.9269643475250952,0.6784508125,16000000
Primary_Producers,0.9269643475250952,0.6784318823529412,17000000
Primary_Producers,0.9269643475250952,0.6783691666666667,18000000
Primary_Producers,0.9269643475250952,0.6783426315789474,19000000
Primary_Producers,0.9269643475250952,0.67834345,20000000
Primary_Producers,0.9269643475250952,0.6783875714285714,21000000
Primary_Producers,0.9269643475250952,0.6783526818181819,22000000
Primary_Producers,0.9269643475250952,0.678351347826087,23000000
Primary_Producers,0.9269643475250952,0.6783521666666666,24000000
Primary_Producers,0.9269643475250952,0.67835088,25000000
Primary_Producers,0.9269643475250952,0.6783443076923077,26000000
Primary_Producers,0.9269643475250952,0.6783105555555555,27000000
Primary_Producers,0.9269643475250952,0.6783037142857142,28000000
Primary_Producers,0.9269643475250952,0.6782851724137932,29000000
Primary_Producers,0.9269643475250952,0.6782788333333334,30000000
Primary_Producers,0.9269643475250952,0.6782875161290323,31000000
Primary_Producers,0.9269643475250952,0.6782790625,32000000
Primary_Producers,0.9269643475250952,0.6782896666666667,33000000
Primary_Producers,0.9269643475250952,0.6782995,34000000
Primary_Producers,0.9269643475250952,0.6782898,35000000
Primary_Producers,0.9269643475250952,0.6782780555555555,36000000
Primary_Producers,0.9269643475250952,0.6782831351351352,37000000
Primary_Producers,0.9269643475250952,0.6782738421052632,38000000
Primary_Producers,0.9269643475250952,0.6782668461538461,39000000
Primary_Producers,0.9269643475250952,0.678260675,40000000
Primary_Producers,0.9269643475250952,0.6782651707317073,41000000
Primary_Producers,0.9269643475250952,0.6782705952380952,42000000
Primary_Producers,0.9269643475250952,0.6782699069767442,43000000
Primary_Producers,0.9269643475250952,0.6782628863636364,44000000
Primary_Producers,0.9269643475250952,0.6782632222222222,45000000
Primary_Producers,0.9269643475250952,0.6782572173913044,46000000
Primary_Producers,0.9269643475250952,0.6782705744680851,47000000
Primary_Producers,0.9269643475250952,0.6782798125,48000000
Primary_Producers,0.9269643475250952,0.6782856530612245,49000000
Primary_Producers,0.9269643475250952,0.67829758,50000000
Primary_Producers,0.9269643475250952,0.6783041176470588,51000000
Primary_Producers,0.9269643475250952,0.6783132884615385,52000000
Primary_Producers,0.9269643475250952,0.6783239245283019,53000000
Primary_Producers,0.9269643475250952,0.6783299259259259,54000000
Primary_Producers,0.9269643475250952,0.6783231272727273,55000000
Primary_Producers,0.9269643475250952,0.6783340357142857,56000000
Primary_Producers,0.9269643475250952,0.6783291403508772,57000000
Primary_Producers,0.9269643475250952,0.6783288448275862,58000000
Primary_Producers,0.9269643475250952,0.6783382881355933,59000000
Primary_Producers,0.9269643475250952,0.6783413666666667,60000000
Primary_Producers,0.9269643475250952,0.678339868852459,61000000
Primary_Producers,0.9269643475250952,0.6783372096774194,62000000
Primary_Producers,0.9269643475250952,0.6783442698412698,63000000
Primary_Producers,0.9269643475250952,0.67834125,64000000
Primary_Producers,0.9269643475250952,0.678339476923077,65000000
Primary_Producers,0.9269643475250952,0.6783295757575758,66000000
Primary_Producers,0.9269643475250952,0.6783340298507463,67000000
Primary_Producers,0.9269643475250952,0.6783326323529412,68000000
Primary_Producers,0.9269643475250952,0.6783283623188405,69000000
Primary_Producers,0.9269643475250952,0.6783367571428571,70000000
Primary_Producers,0.9269643475250952,0.6783368732394366,71000000
Primary_Producers,0.9269643475250952,0.6783383611111111,72000000
Primary_Producers,0.9269643475250952,0.6783309452054794,73000000
Primary_Producers,0.9269643475250952,0.678338054054054,74000000
Primary_Producers,0.9269643475250952,0.67834236,75000000
Primary_Producers,0.9269643475250952,0.6783413157894737,76000000
Primary_Producers,0.9269643475250952,0.6783385194805195,77000000
Primary_Producers,0.9269643475250952,0.6783365128205128,78000000
Primary_Producers,0.9269643475250952,0.6783290126582279,79000000
Primary_Producers,0.9269643475250952,0.678342125,80000000
Primary_Producers,0.9269643475250952,0.678339086419753,81000000
Primary_Producers,0.9269643475250952,0.6783473536585366,82000000
Primary_Producers,0.9269643475250952,0.6783540361445783,83000000
Primary_Producers,0.9269643475250952,0.678363,84000000
Primary_Producers,0.9269643475250952,0.6783690352941176,85000000
Primary_Producers,0.9269643475250952,0.6783683720930233,86000000
Primary_Producers,0.9269643475250952,0.678364459770115,87000000
Primary_Producers,0.9269643475250952,0.6783619090909091,88000000
Primary_Producers,0.9269643475250952,0.678364595505618,89000000
Primary_Producers,0.9269643475250952,0.6783621666666667,90000000
Primary_Producers,0.9269643475250952,0.6783613296703297,91000000
Primary_Producers,0.9269643475250952,0.6783651956521739,92000000
Primary_Producers,0.9269643475250952,0.6783667096774193,93000000
Primary_Producers,0.9269643475250952,0.6783632765957447,94000000
Primary_Producers,0.9269643475250952,0.6783620105263158,95000000
Primary_Producers,0.9269643475250952,0.67836159375,96000000
Primary_Producers,0.9269643475250952,0.6783593092783505,97000000
Primary_Producers,0.9269643475250952,0.6783585306122449,98000000
Primary_Producers,0.9269643475250952,0.6783551111111111,99000000
Primary_Producers,0.9269643475250952,0.67835661,100000000
