Primary_Producers,0.8695652173913043,0.070799,1000000
Primary_Producers,0.8695652173913043,0.070889,2000000
Primary_Producers,0.8695652173913043,0.07107566666666666,3000000
Primary_Producers,0.8695652173913043,0.07098825,4000000
Primary_Producers,0.8695652173913043,0.0710372,5000000
Primary_Producers,0.8695652173913043,0.07103133333333334,6000000
Primary_Producers,0.8695652173913043,0.07103385714285715,7000000
Primary_Producers,0.8695652173913043,0.070993,8000000
Primary_Producers,0.8695652173913043,0.07101611111111111,9000000
Primary_Producers,0.8695652173913043,0.0710276,10000000
Primary_Producers,0.8695652173913043,0.071018,11000000
Primary_Producers,0.8695652173913043,0.07101466666666667,12000000
Primary_Producers,0.8695652173913043,0.07099861538461538,13000000
Primary_Producers,0.8695652173913043,0.07099221428571428,14000000
Primary_Producers,0.8695652173913043,0.071005,15000000
Primary_Producers,0.8695652173913043,0.0710024375,16000000
Primary_Producers,0.8695652173913043,0.07098735294117647,17000000
Primary_Producers,0.8695652173913043,0.07098,18000000
Primary_Producers,0.8695652173913043,0.07097873684210526,19000000
Primary_Producers,0.8695652173913043,0.0709901,20000000
Primary_Producers,0.8695652173913043,0.07098766666666667,21000000
Primary_Producers,0.8695652173913043,0.0709770909090909,22000000
Primary_Producers,0.8695652173913043,0.070973,23000000
Primary_Producers,0.8695652173913043,0.07097025,24000000
Primary_Producers,0.8695652173913043,0.07098132,25000000
Primary_Producers,0.8695652173913043,0.07097523076923076,26000000
Primary_Producers,0.8695652173913043,0.0709758888888889,27000000
Primary_Producers,0.8695652173913043,0.07096382142857142,28000000
Primary_Producers,0.8695652173913043,0.0709526551724138,29000000
Primary_Producers,0.8695652173913043,0.07096926666666667,30000000
Primary_Producers,0.8695652173913043,0.0709661935483871,31000000
Primary_Producers,0.8695652173913043,0.0709671875,32000000
Primary_Producers,0.8695652173913043,0.07096184848484849,33000000
Primary_Producers,0.8695652173913043,0.0709494705882353,34000000
Primary_Producers,0.8695652173913043,0.07095591428571428,35000000
Primary_Producers,0.8695652173913043,0.07095125,36000000
Primary_Producers,0.8695652173913043,0.0709511081081081,37000000
Primary_Producers,0.8695652173913043,0.07094807894736842,38000000
Primary_Producers,0.8695652173913043,0.0709412564102564,39000000
Primary_Producers,0.8695652173913043,0.070944775,40000000
Primary_Producers,0.8695652173913043,0.07094380487804879,41000000
Primary_Producers,0.8695652173913043,0.07093642857142857,42000000
Primary_Producers,0.8695652173913043,0.07093867441860466,43000000
Primary_Producers,0.8695652173913043,0.07092752272727272,44000000
Primary_Producers,0.8695652173913043,0.07091886666666666,45000000
Primary_Producers,0.8695652173913043,0.07091308695652174,46000000
Primary_Producers,0.8695652173913043,0.07091059574468085,47000000
Primary_Producers,0.8695652173913043,0.0709179375,48000000
Primary_Producers,0.8695652173913043,0.07091848979591837,49000000
Primary_Producers,0.8695652173913043,0.07092186,50000000
Primary_Producers,0.8695652173913043,0.07092329411764706,51000000
Primary_Producers,0.8695652173913043,0.07092080769230769,52000000
Primary_Producers,0.8695652173913043,0.07091958490566037,53000000
Primary_Producers,0.8695652173913043,0.07091583333333333,54000000
Primary_Producers,0.8695652173913043,0.07092069090909091,55000000
Primary_Producers,0.8695652173913043,0.070924625,56000000
Primary_Producers,0.8695652173913043,0.07093447368421052,57000000
Primary_Producers,0.8695652173913043,0.07093418965517241,58000000
Primary_Producers,0.8695652173913043,0.0709377966101695,59000000
Primary_Producers,0.8695652173913043,0.0709351,60000000
Primary_Producers,0.8695652173913043,0.07093195081967213,61000000
Primary_Producers,0.8695652173913043,0.07093374193548387,62000000
Primary_Producers,0.8695652173913043,0.07093147619047618,63000000
Primary_Producers,0.8695652173913043,0.07092909375,64000000
Primary_Producers,0.8695652173913043,0.0709334,65000000
Primary_Producers,0.8695652173913043,0.07092825757575758,66000000
Primary_Producers,0.8695652173913043,0.07093232835820895,67000000
Primary_Producers,0.8695652173913043,0.07093179411764707,68000000
Primary_Producers,0.8695652173913043,0.07092882608695653,69000000
Primary_Producers,0.8695652173913043,0.07093101428571429,70000000
Primary_Producers,0.8695652173913043,0.07093047887323943,71000000
Primary_Producers,0.8695652173913043,0.07093230555555556,72000000
Primary_Producers,0.8695652173913043,0.07093519178082192,73000000
Primary_Producers,0.8695652173913043,0.0709312972972973,74000000
Primary_Producers,0.8695652173913043,0.07093701333333334,75000000
Primary_Producers,0.8695652173913043,0.07094109210526316,76000000
Primary_Producers,0.8695652173913043,0.07094883116883118,77000000
Primary_Producers,0.8695652173913043,0.07094860256410257,78000000
Primary_Producers,0.8695652173913043,0.07095615189873418,79000000
Primary_Producers,0.8695652173913043,0.0709561,80000000
Primary_Producers,0.8695652173913043,0.07096003703703704,81000000
Primary_Producers,0.8695652173913043,0.07095854878048781,82000000
Primary_Producers,0.8695652173913043,0.07095562650602409,83000000
Primary_Producers,0.8695652173913043,0.0709585238095238,84000000
Primary_Producers,0.8695652173913043,0.07095623529411765,85000000
Primary_Producers,0.8695652173913043,0.07095962790697674,86000000
Primary_Producers,0.8695652173913043,0.07095544827586207,87000000
Primary_Producers,0.8695652173913043,0.07095875,88000000
Primary_Producers,0.8695652173913043,0.07095784269662922,89000000
Primary_Producers,0.8695652173913043,0.07095732222222222,90000000
Primary_Producers,0.8695652173913043,0.07095941758241758,91000000
Primary_Producers,0.8695652173913043,0.0709595652173913,92000000
Primary_Producers,0.8695652173913043,0.07095602150537635,93000000
Primary_Producers,0.8695652173913043,0.07095642553191489,94000000
Primary_Producers,0.8695652173913043,0.07095355789473684,95000000
Primary_Producers,0.8695652173913043,0.0709520625,96000000
Primary_Producers,0.8695652173913043,0.07095246391752577,97000000
Primary_Producers,0.8695652173913043,0.07095315306122449,98000000
Primary_Producers,0.8695652173913043,0.07095489898989898,99000000
Primary_Producers,0.8695652173913043,0.07095533,100000000
