Primary_Producers,0.8709394205443372,0.903929,1000000
Primary_Producers,0.8709394205443372,0.903865,2000000
Primary_Producers,0.8709394205443372,0.903734,3000000
Primary_Producers,0.8709394205443372,0.9037845,4000000
Primary_Producers,0.8709394205443372,0.9037662,5000000
Primary_Producers,0.8709394205443372,0.9037228333333334,6000000
Primary_Producers,0.8709394205443372,0.9037754285714286,7000000
Primary_Producers,0.8709394205443372,0.903808125,8000000
Primary_Producers,0.8709394205443372,0.90378,9000000
Primary_Producers,0.8709394205443372,0.9037629,10000000
Primary_Producers,0.8709394205443372,0.9037879090909091,11000000
Primary_Producers,0.8709394205443372,0.9038300833333334,12000000
Primary_Producers,0.8709394205443372,0.9038597692307693,13000000
Primary_Producers,0.8709394205443372,0.9038996428571429,14000000
Primary_Producers,0.8709394205443372,0.9038829333333334,15000000
Primary_Producers,0.8709394205443372,0.9038606875,16000000
Primary_Producers,0.8709394205443372,0.9038758823529411,17000000
Primary_Producers,0.8709394205443372,0.903859,18000000
Primary_Producers,0.8709394205443372,0.9038424736842106,19000000
Primary_Producers,0.8709394205443372,0.90385305,20000000
Primary_Producers,0.8709394205443372,0.9038584285714286,21000000
Primary_Producers,0.8709394205443372,0.9038345,22000000
Primary_Producers,0.8709394205443372,0.9038457391304348,23000000
Primary_Producers,0.8709394205443372,0.9038514583333334,24000000
Primary_Producers,0.8709394205443372,0.90384588,25000000
Primary_Producers,0.8709394205443372,0.9038326923076923,26000000
Primary_Producers,0.8709394205443372,0.9038268518518519,27000000
Primary_Producers,0.8709394205443372,0.9037991071428572,28000000
Primary_Producers,0.8709394205443372,0.903804724137931,29000000
Primary_Producers,0.8709394205443372,0.9038081333333333,30000000
Primary_Producers,0.8709394205443372,0.903811870967742,31000000
Primary_Producers,0.8709394205443372,0.9038114375,32000000
Primary_Producers,0.8709394205443372,0.9038108484848485,33000000
Primary_Producers,0.8709394205443372,0.9038211176470589,34000000
Primary_Producers,0.8709394205443372,0.90382,35000000
Primary_Producers,0.8709394205443372,0.9038206388888889,36000000
Primary_Producers,0.8709394205443372,0.9038252972972973,37000000
Primary_Producers,0.8709394205443372,0.9038261315789474,38000000
Primary_Producers,0.8709394205443372,0.9038291794871794,39000000
Primary_Producers,0.8709394205443372,0.90383235,40000000
Primary_Producers,0.8709394205443372,0.9038189512195122,41000000
Primary_Producers,0.8709394205443372,0.9038220714285714,42000000
Primary_Producers,0.8709394205443372,0.9038242093023255,43000000
Primary_Producers,0.8709394205443372,0.9038301136363637,44000000
Primary_Producers,0.8709394205443372,0.9038207111111111,45000000
Primary_Producers,0.8709394205443372,0.9038155652173913,46000000
Primary_Producers,0.8709394205443372,0.9038134255319149,47000000
Primary_Producers,0.8709394205443372,0.9038142083333334,48000000
Primary_Producers,0.8709394205443372,0.9038107142857142,49000000
Primary_Producers,0.8709394205443372,0.90380454,50000000
Primary_Producers,0.8709394205443372,0.9037937450980392,51000000
Primary_Producers,0.8709394205443372,0.9037956730769231,52000000
Primary_Producers,0.8709394205443372,0.9037939056603773,53000000
Primary_Producers,0.8709394205443372,0.9037992962962963,54000000
Primary_Producers,0.8709394205443372,0.903808709090909,55000000
Primary_Producers,0.8709394205443372,0.9038095714285714,56000000
Primary_Producers,0.8709394205443372,0.9038134736842105,57000000
Primary_Producers,0.8709394205443372,0.9038171379310345,58000000
Primary_Producers,0.8709394205443372,0.903822779661017,59000000
Primary_Producers,0.8709394205443372,0.9038292833333333,60000000
Primary_Producers,0.8709394205443372,0.9038331475409837,61000000
Primary_Producers,0.8709394205443372,0.9038255483870967,62000000
Primary_Producers,0.8709394205443372,0.9038214285714286,63000000
Primary_Producers,0.8709394205443372,0.903822515625,64000000
Primary_Producers,0.8709394205443372,0.9038195384615385,65000000
Primary_Producers,0.8709394205443372,0.9038254090909091,66000000
Primary_Producers,0.8709394205443372,0.9038306865671641,67000000
Primary_Producers,0.8709394205443372,0.9038273970588235,68000000
Primary_Producers,0.8709394205443372,0.903828,69000000
Primary_Producers,0.8709394205443372,0.9038257571428572,70000000
Primary_Producers,0.8709394205443372,0.9038262112676057,71000000
Primary_Producers,0.8709394205443372,0.9038304583333333,72000000
Primary_Producers,0.8709394205443372,0.9038272465753424,73000000
Primary_Producers,0.8709394205443372,0.9038347567567567,74000000
Primary_Producers,0.8709394205443372,0.9038323333333333,75000000
Primary_Producers,0.8709394205443372,0.9038384078947368,76000000
Primary_Producers,0.8709394205443372,0.9038327012987013,77000000
Primary_Producers,0.8709394205443372,0.9038337179487179,78000000
Primary_Producers,0.8709394205443372,0.9038389240506329,79000000
Primary_Producers,0.8709394205443372,0.903842125,80000000
Primary_Producers,0.8709394205443372,0.9038413086419753,81000000
Primary_Producers,0.8709394205443372,0.9038408170731708,82000000
Primary_Producers,0.8709394205443372,0.9038409156626506,83000000
Primary_Producers,0.8709394205443372,0.9038392023809524,84000000
Primary_Producers,0.8709394205443372,0.9038380705882353,85000000
Primary_Producers,0.8709394205443372,0.9038360581395349,86000000
Primary_Producers,0.8709394205443372,0.9038349770114943,87000000
Primary_Producers,0.8709394205443372,0.9038370340909091,88000000
Primary_Producers,0.8709394205443372,0.9038398426966292,89000000
Primary_Producers,0.8709394205443372,0.9038349444444445,90000000
Primary_Producers,0.8709394205443372,0.9038414395604396,91000000
Primary_Producers,0.8709394205443372,0.9038436195652174,92000000
Primary_Producers,0.8709394205443372,0.9038436451612903,93000000
Primary_Producers,0.8709394205443372,0.9038435425531914,94000000
Primary_Producers,0.8709394205443372,0.9038424105263158,95000000
Primary_Producers,0.8709394205443372,0.9038443645833333,96000000
Primary_Producers,0.8709394205443372,0.9038426804123711,97000000
Primary_Producers,0.8709394205443372,0.9038420918367347,98000000
Primary_Producers,0.8709394205443372,0.9038420303030303,99000000
Primary_Producers,0.8709394205443372,0.90383641,100000000
