Herbivores,0.8708771929824561,0.968157,1000000
Herbivores,0.8708771929824561,0.96824,2000000
Herbivores,0.8708771929824561,0.9682853333333333,3000000
Herbivores,0.8708771929824561,0.968271,4000000
Herbivores,0.8708771929824561,0.9682676,5000000
Herbivores,0.8708771929824561,0.9682741666666667,6000000
Herbivores,0.8708771929824561,0.9682691428571428,7000000
Herbivores,0.8708771929824561,0.96829,8000000
Herbivores,0.8708771929824561,0.9682837777777777,9000000
Herbivores,0.8708771929824561,0.968309,10000000
Herbivores,0.8708771929824561,0.9683337272727273,11000000
Herbivores,0.8708771929824561,0.9683380833333334,12000000
Herbivores,0.8708771929824561,0.9683290769230769,13000000
Herbivores,0.8708771929824561,0.9683445,14000000
Herbivores,0.8708771929824561,0.9683568,15000000
Herbivores,0.8708771929824561,0.9683805,16000000
Herbivores,0.8708771929824561,0.9684011764705882,17000000
Herbivores,0.8708771929824561,0.9683958888888888,18000000
Herbivores,0.8708771929824561,0.9683986842105263,19000000
Herbivores,0.8708771929824561,0.9683968,20000000
Herbivores,0.8708771929824561,0.9683871904761905,21000000
Herbivores,0.8708771929824561,0.9683760909090909,22000000
Herbivores,0.8708771929824561,0.9683908260869565,23000000
Herbivores,0.8708771929824561,0.96839,24000000
Herbivores,0.8708771929824561,0.96838624,25000000
Herbivores,0.8708771929824561,0.9683891153846154,26000000
Herbivores,0.8708771929824561,0.9683932592592592,27000000
Herbivores,0.8708771929824561,0.9684016785714286,28000000
Herbivores,0.8708771929824561,0.9683979655172413,29000000
Herbivores,0.8708771929824561,0.9683946666666666,30000000
Herbivores,0.8708771929824561,0.9683898064516129,31000000
Herbivores,0.8708771929824561,0.9683919375,32000000
Herbivores,0.8708771929824561,0.968390303030303,33000000
Herbivores,0.8708771929824561,0.9683887941176471,34000000
Herbivores,0.8708771929824561,0.9683840571428571,35000000
Herbivores,0.8708771929824561,0.96838075,36000000
Herbivores,0.8708771929824561,0.9683801621621622,37000000
Herbivores,0.8708771929824561,0.968385552631579,38000000
Herbivores,0.8708771929824561,0.9683843589743589,39000000
Herbivores,0.8708771929824561,0.968381825,40000000
Herbivores,0.8708771929824561,0.9683811219512195,41000000
Herbivores,0.8708771929824561,0.9683844047619048,42000000
Herbivores,0.8708771929824561,0.9683719534883721,43000000
Herbivores,0.8708771929824561,0.9683709318181818,44000000
Herbivores,0.8708771929824561,0.9683721111111111,45000000
Herbivores,0.8708771929824561,0.9683742391304347,46000000
Herbivores,0.8708771929824561,0.9683707872340426,47000000
Herbivores,0.8708771929824561,0.9683747291666667,48000000
Herbivores,0.8708771929824561,0.9683793061224489,49000000
Herbivores,0.8708771929824561,0.96837764,50000000
Herbivores,0.8708771929824561,0.9683777647058823,51000000
Herbivores,0.8708771929824561,0.9683806923076923,52000000
Herbivores,0.8708771929824561,0.9683831320754717,53000000
Herbivores,0.8708771929824561,0.9683785925925926,54000000
Herbivores,0.8708771929824561,0.9683783636363636,55000000
Herbivores,0.8708771929824561,0.9683772857142857,56000000
Herbivores,0.8708771929824561,0.9683808245614035,57000000
Herbivores,0.8708771929824561,0.9683835862068966,58000000
Herbivores,0.8708771929824561,0.9683782542372882,59000000
Herbivores,0.8708771929824561,0.9683794333333333,60000000
Herbivores,0.8708771929824561,0.9683807213114755,61000000
Herbivores,0.8708771929824561,0.9683772419354839,62000000
Herbivores,0.8708771929824561,0.9683780317460318,63000000
Herbivores,0.8708771929824561,0.96837965625,64000000
Herbivores,0.8708771929824561,0.9683794307692307,65000000
Herbivores,0.8708771929824561,0.9683837575757576,66000000
Herbivores,0.8708771929824561,0.9683850895522388,67000000
Herbivores,0.8708771929824561,0.9683815588235294,68000000
Herbivores,0.8708771929824561,0.9683771884057971,69000000
Herbivores,0.8708771929824561,0.9683758428571428,70000000
Herbivores,0.8708771929824561,0.968375676056338,71000000
Herbivores,0.8708771929824561,0.9683764305555556,72000000
Herbivores,0.8708771929824561,0.9683765342465753,73000000
Herbivores,0.8708771929824561,0.968379027027027,74000000
Herbivores,0.8708771929824561,0.968379,75000000
Herbivores,0.8708771929824561,0.9683751184210526,76000000
Herbivores,0.8708771929824561,0.968376051948052,77000000
Herbivores,0.8708771929824561,0.9683777051282051,78000000
Herbivores,0.8708771929824561,0.9683780886075949,79000000
Herbivores,0.8708771929824561,0.968376775,80000000
Herbivores,0.8708771929824561,0.9683757654320988,81000000
Herbivores,0.8708771929824561,0.9683741463414635,82000000
Herbivores,0.8708771929824561,0.9683767831325302,83000000
Herbivores,0.8708771929824561,0.9683757142857143,84000000
Herbivores,0.8708771929824561,0.9683752823529411,85000000
Herbivores,0.8708771929824561,0.9683782674418605,86000000
Herbivores,0.8708771929824561,0.9683782988505747,87000000
Herbivores,0.8708771929824561,0.9683784659090909,88000000
Herbivores,0.8708771929824561,0.9683755280898877,89000000
Herbivores,0.8708771929824561,0.9683735555555556,90000000
Herbivores,0.8708771929824561,0.968372967032967,91000000
Herbivores,0.8708771929824561,0.9683702934782609,92000000
Herbivores,0.8708771929824561,0.9683727096774194,93000000
Herbivores,0.8708771929824561,0.9683711808510639,94000000
Herbivores,0.8708771929824561,0.9683701157894736,95000000
Herbivores,0.8708771929824561,0.9683696145833334,96000000
Herbivores,0.8708771929824561,0.9683674432989691,97000000
Herbivores,0.8708771929824561,0.9683671122448979,98000000
Herbivores,0.8708771929824561,0.9683673131313131,99000000
Herbivores,0.8708771929824561,0.96836601,100000000
