Herbivores,0.9149305555555556,0.94777,1000000
Herbivores,0.9149305555555556,0.947599,2000000
Herbivores,0.9149305555555556,0.9476446666666667,3000000
Herbivores,0.9149305555555556,0.94760775,4000000
Herbivores,0.9149305555555556,0.9475752,5000000
Herbivores,0.9149305555555556,0.9475796666666667,6000000
Herbivores,0.9149305555555556,0.9476268571428571,7000000
Herbivores,0.9149305555555556,0.94761975,8000000
Herbivores,0.9149305555555556,0.9476156666666666,9000000
Herbivores,0.9149305555555556,0.947624,10000000
Herbivores,0.9149305555555556,0.9476135454545455,11000000
Herbivores,0.9149305555555556,0.94759075,12000000
Herbivores,0.9149305555555556,0.947590076923077,13000000
Herbivores,0.9149305555555556,0.947598,14000000
Herbivores,0.9149305555555556,0.9475934666666667,15000000
Herbivores,0.9149305555555556,0.94756675,16000000
Herbivores,0.9149305555555556,0.9475573529411765,17000000
Herbivores,0.9149305555555556,0.9475758333333333,18000000
Herbivores,0.9149305555555556,0.9475742631578947,19000000
Herbivores,0.9149305555555556,0.9475678,20000000
Herbivores,0.9149305555555556,0.9475704285714286,21000000
Herbivores,0.9149305555555556,0.9475786363636364,22000000
Herbivores,0.9149305555555556,0.9475843913043478,23000000
Herbivores,0.9149305555555556,0.9475781666666667,24000000
Herbivores,0.9149305555555556,0.94758448,25000000
Herbivores,0.9149305555555556,0.9475795769230769,26000000
Herbivores,0.9149305555555556,0.947570962962963,27000000
Herbivores,0.9149305555555556,0.9475659285714285,28000000
Herbivores,0.9149305555555556,0.9475605862068965,29000000
Herbivores,0.9149305555555556,0.9475544,30000000
Herbivores,0.9149305555555556,0.9475542903225807,31000000
Herbivores,0.9149305555555556,0.947551375,32000000
Herbivores,0.9149305555555556,0.947552696969697,33000000
Herbivores,0.9149305555555556,0.9475525882352941,34000000
Herbivores,0.9149305555555556,0.9475419142857143,35000000
Herbivores,0.9149305555555556,0.94754,36000000
Herbivores,0.9149305555555556,0.9475424864864865,37000000
Herbivores,0.9149305555555556,0.947539605263158,38000000
Herbivores,0.9149305555555556,0.9475440512820513,39000000
Herbivores,0.9149305555555556,0.947538925,40000000
Herbivores,0.9149305555555556,0.9475392926829268,41000000
Herbivores,0.9149305555555556,0.9475451428571429,42000000
Herbivores,0.9149305555555556,0.9475443720930232,43000000
Herbivores,0.9149305555555556,0.9475424545454545,44000000
Herbivores,0.9149305555555556,0.9475398666666667,45000000
Herbivores,0.9149305555555556,0.9475402608695652,46000000
Herbivores,0.9149305555555556,0.9475409574468086,47000000
Herbivores,0.9149305555555556,0.9475428333333333,48000000
Herbivores,0.9149305555555556,0.9475521632653061,49000000
Herbivores,0.9149305555555556,0.94756312,50000000
Herbivores,0.9149305555555556,0.9475680196078431,51000000
Herbivores,0.9149305555555556,0.9475708653846154,52000000
Herbivores,0.9149305555555556,0.9475664339622641,53000000
Herbivores,0.9149305555555556,0.9475636296296296,54000000
Herbivores,0.9149305555555556,0.9475590363636364,55000000
Herbivores,0.9149305555555556,0.9475605178571429,56000000
Herbivores,0.9149305555555556,0.9475605087719299,57000000
Herbivores,0.9149305555555556,0.9475605517241379,58000000
Herbivores,0.9149305555555556,0.9475666779661017,59000000
Herbivores,0.9149305555555556,0.94756485,60000000
Herbivores,0.9149305555555556,0.9475611967213114,61000000
Herbivores,0.9149305555555556,0.9475613064516129,62000000
Herbivores,0.9149305555555556,0.9475676825396825,63000000
Herbivores,0.9149305555555556,0.947569,64000000
Herbivores,0.9149305555555556,0.9475727076923077,65000000
Herbivores,0.9149305555555556,0.9475717272727273,66000000
Herbivores,0.9149305555555556,0.947572223880597,67000000
Herbivores,0.9149305555555556,0.94756925,68000000
Herbivores,0.9149305555555556,0.9475642608695652,69000000
Herbivores,0.9149305555555556,0.9475688571428571,70000000
Herbivores,0.9149305555555556,0.9475694929577465,71000000
Herbivores,0.9149305555555556,0.9475699722222222,72000000
Herbivores,0.9149305555555556,0.9475723150684932,73000000
Herbivores,0.9149305555555556,0.9475729729729729,74000000
Herbivores,0.9149305555555556,0.9475724,75000000
Herbivores,0.9149305555555556,0.9475766578947369,76000000
Herbivores,0.9149305555555556,0.9475817012987013,77000000
Herbivores,0.9149305555555556,0.9475851282051282,78000000
Herbivores,0.9149305555555556,0.9475852025316456,79000000
Herbivores,0.9149305555555556,0.947585375,80000000
Herbivores,0.9149305555555556,0.9475859259259259,81000000
Herbivores,0.9149305555555556,0.9475883780487805,82000000
Herbivores,0.9149305555555556,0.9475925542168675,83000000
Herbivores,0.9149305555555556,0.9475904523809524,84000000
Herbivores,0.9149305555555556,0.9475922117647059,85000000
Herbivores,0.9149305555555556,0.9475923720930233,86000000
Herbivores,0.9149305555555556,0.9475899540229885,87000000
Herbivores,0.9149305555555556,0.9475911704545454,88000000
Herbivores,0.9149305555555556,0.9475860674157304,89000000
Herbivores,0.9149305555555556,0.9475868222222222,90000000
Herbivores,0.9149305555555556,0.9475855164835165,91000000
Herbivores,0.9149305555555556,0.9475863804347826,92000000
Herbivores,0.9149305555555556,0.9475861720430108,93000000
Herbivores,0.9149305555555556,0.9475912659574468,94000000
Herbivores,0.9149305555555556,0.9475885368421053,95000000
Herbivores,0.9149305555555556,0.947589625,96000000
Herbivores,0.9149305555555556,0.9475886597938145,97000000
Herbivores,0.9149305555555556,0.9475866632653062,98000000
Herbivores,0.9149305555555556,0.9475900202020202,99000000
Herbivores,0.9149305555555556,0.94759081,100000000
