Parasites,0.1958041958041958,0.0,1000000
Parasites,0.1958041958041958,0.0,2000000
Parasites,0.1958041958041958,0.0,3000000
Parasites,0.1958041958041958,0.0,4000000
Parasites,0.1958041958041958,0.0,5000000
Parasites,0.1958041958041958,0.0,6000000
Parasites,0.1958041958041958,0.0,7000000
Parasites,0.1958041958041958,0.0,8000000
Parasites,0.1958041958041958,0.0,9000000
Parasites,0.1958041958041958,0.0,10000000
Parasites,0.1958041958041958,0.0,11000000
Parasites,0.1958041958041958,0.0,12000000
Parasites,0.1958041958041958,0.0,13000000
Parasites,0.1958041958041958,0.0,14000000
Parasites,0.1958041958041958,0.0,15000000
Parasites,0.1958041958041958,0.0,16000000
Parasites,0.1958041958041958,0.0,17000000
Parasites,0.1958041958041958,0.0,18000000
Parasites,0.1958041958041958,0.0,19000000
Parasites,0.1958041958041958,0.0,20000000
Parasites,0.1958041958041958,0.0,21000000
Parasites,0.1958041958041958,0.0,22000000
Parasites,0.1958041958041958,0.0,23000000
Parasites,0.1958041958041958,0.0,24000000
Parasites,0.1958041958041958,0.0,25000000
Parasites,0.1958041958041958,0.0,26000000
Parasites,0.1958041958041958,0.0,27000000
Parasites,0.1958041958041958,0.0,28000000
Parasites,0.1958041958041958,3.448275862068966e-8,29000000
Parasites,0.1958041958041958,3.3333333333333334e-8,30000000
Parasites,0.1958041958041958,3.2258064516129035e-8,31000000
Parasites,0.1958041958041958,3.125e-8,32000000
Parasites,0.1958041958041958,3.0303030303030305e-8,33000000
Parasites,0.1958041958041958,2.9411764705882354e-8,34000000
Parasites,0.1958041958041958,2.8571428571428572e-8,35000000
Parasites,0.1958041958041958,2.7777777777777777e-8,36000000
Parasites,0.1958041958041958,2.7027027027027028e-8,37000000
Parasites,0.1958041958041958,5.263157894736842e-8,38000000
Parasites,0.1958041958041958,1.0256410256410256e-7,39000000
Parasites,0.1958041958041958,1.0e-7,40000000
Parasites,0.1958041958041958,9.75609756097561e-8,41000000
Parasites,0.1958041958041958,9.523809523809524e-8,42000000
Parasites,0.1958041958041958,9.302325581395349e-8,43000000
Parasites,0.1958041958041958,9.090909090909091e-8,44000000
Parasites,0.1958041958041958,8.88888888888889e-8,45000000
Parasites,0.1958041958041958,8.695652173913044e-8,46000000
Parasites,0.1958041958041958,8.51063829787234e-8,47000000
Parasites,0.1958041958041958,8.333333333333334e-8,48000000
Parasites,0.1958041958041958,8.16326530612245e-8,49000000
Parasites,0.1958041958041958,8.0e-8,50000000
Parasites,0.1958041958041958,7.843137254901961e-8,51000000
Parasites,0.1958041958041958,7.692307692307692e-8,52000000
Parasites,0.1958041958041958,7.547169811320755e-8,53000000
Parasites,0.1958041958041958,7.407407407407407e-8,54000000
Parasites,0.1958041958041958,7.272727272727273e-8,55000000
Parasites,0.1958041958041958,8.928571428571429e-8,56000000
Parasites,0.1958041958041958,8.771929824561404e-8,57000000
Parasites,0.1958041958041958,8.620689655172414e-8,58000000
Parasites,0.1958041958041958,8.47457627118644e-8,59000000
Parasites,0.1958041958041958,8.333333333333334e-8,60000000
Parasites,0.1958041958041958,8.196721311475409e-8,61000000
Parasites,0.1958041958041958,8.064516129032257e-8,62000000
Parasites,0.1958041958041958,7.936507936507937e-8,63000000
Parasites,0.1958041958041958,7.8125e-8,64000000
Parasites,0.1958041958041958,7.692307692307692e-8,65000000
Parasites,0.1958041958041958,7.575757575757576e-8,66000000
Parasites,0.1958041958041958,7.462686567164179e-8,67000000
Parasites,0.1958041958041958,7.352941176470588e-8,68000000
Parasites,0.1958041958041958,7.246376811594203e-8,69000000
Parasites,0.1958041958041958,7.142857142857142e-8,70000000
Parasites,0.1958041958041958,7.042253521126761e-8,71000000
Parasites,0.1958041958041958,6.944444444444444e-8,72000000
Parasites,0.1958041958041958,6.84931506849315e-8,73000000
Parasites,0.1958041958041958,6.756756756756757e-8,74000000
Parasites,0.1958041958041958,6.666666666666667e-8,75000000
Parasites,0.1958041958041958,6.578947368421052e-8,76000000
Parasites,0.1958041958041958,6.493506493506494e-8,77000000
Parasites,0.1958041958041958,6.41025641025641e-8,78000000
Parasites,0.1958041958041958,6.329113924050633e-8,79000000
Parasites,0.1958041958041958,6.25e-8,80000000
Parasites,0.1958041958041958,6.17283950617284e-8,81000000
Parasites,0.1958041958041958,7.317073170731708e-8,82000000
Parasites,0.1958041958041958,7.228915662650603e-8,83000000
Parasites,0.1958041958041958,7.142857142857142e-8,84000000
Parasites,0.1958041958041958,7.058823529411765e-8,85000000
Parasites,0.1958041958041958,6.976744186046512e-8,86000000
Parasites,0.1958041958041958,6.896551724137931e-8,87000000
Parasites,0.1958041958041958,6.818181818181819e-8,88000000
Parasites,0.1958041958041958,6.741573033707865e-8,89000000
Parasites,0.1958041958041958,6.666666666666667e-8,90000000
Parasites,0.1958041958041958,8.791208791208791e-8,91000000
Parasites,0.1958041958041958,9.782608695652174e-8,92000000
Parasites,0.1958041958041958,9.677419354838709e-8,93000000
Parasites,0.1958041958041958,9.574468085106382e-8,94000000
Parasites,0.1958041958041958,9.473684210526316e-8,95000000
Parasites,0.1958041958041958,9.375e-8,96000000
Parasites,0.1958041958041958,9.278350515463918e-8,97000000
Parasites,0.1958041958041958,9.183673469387755e-8,98000000
Parasites,0.1958041958041958,9.090909090909091e-8,99000000
Parasites,0.1958041958041958,9.0e-8,100000000
