Herbivores,0.9751937984496124,0.785216,1000000
Herbivores,0.9751937984496124,0.784876,2000000
Herbivores,0.9751937984496124,0.784849,3000000
Herbivores,0.9751937984496124,0.78480025,4000000
Herbivores,0.9751937984496124,0.7847338,5000000
Herbivores,0.9751937984496124,0.7847121666666667,6000000
Herbivores,0.9751937984496124,0.7846658571428572,7000000
Herbivores,0.9751937984496124,0.784659625,8000000
Herbivores,0.9751937984496124,0.7847371111111111,9000000
Herbivores,0.9751937984496124,0.7847765,10000000
Herbivores,0.9751937984496124,0.7847261818181818,11000000
Herbivores,0.9751937984496124,0.7847151666666666,12000000
Herbivores,0.9751937984496124,0.7847086923076924,13000000
Herbivores,0.9751937984496124,0.7847168571428571,14000000
Herbivores,0.9751937984496124,0.7847103333333333,15000000
Herbivores,0.9751937984496124,0.7847006875,16000000
Herbivores,0.9751937984496124,0.7847341764705882,17000000
Herbivores,0.9751937984496124,0.7847272777777777,18000000
Herbivores,0.9751937984496124,0.784733,19000000
Herbivores,0.9751937984496124,0.7846775,20000000
Herbivores,0.9751937984496124,0.7846594761904762,21000000
Herbivores,0.9751937984496124,0.784659,22000000
Herbivores,0.9751937984496124,0.7846459565217392,23000000
Herbivores,0.9751937984496124,0.7846389166666666,24000000
Herbivores,0.9751937984496124,0.78466032,25000000
Herbivores,0.9751937984496124,0.7846410384615384,26000000
Herbivores,0.9751937984496124,0.7846336666666667,27000000
Herbivores,0.9751937984496124,0.7846577142857143,28000000
Herbivores,0.9751937984496124,0.7846273448275862,29000000
Herbivores,0.9751937984496124,0.7846181333333333,30000000
Herbivores,0.9751937984496124,0.7846198709677419,31000000
Herbivores,0.9751937984496124,0.7846239375,32000000
Herbivores,0.9751937984496124,0.7846244848484848,33000000
Herbivores,0.9751937984496124,0.7846310882352941,34000000
Herbivores,0.9751937984496124,0.7846503428571429,35000000
Herbivores,0.9751937984496124,0.78466425,36000000
Herbivores,0.9751937984496124,0.7846427297297297,37000000
Herbivores,0.9751937984496124,0.7846249736842106,38000000
Herbivores,0.9751937984496124,0.7846170256410256,39000000
Herbivores,0.9751937984496124,0.784628775,40000000
Herbivores,0.9751937984496124,0.7846139268292683,41000000
Herbivores,0.9751937984496124,0.784619619047619,42000000
Herbivores,0.9751937984496124,0.7846209302325582,43000000
Herbivores,0.9751937984496124,0.7846070681818181,44000000
Herbivores,0.9751937984496124,0.7846084888888889,45000000
Herbivores,0.9751937984496124,0.7846157826086957,46000000
Herbivores,0.9751937984496124,0.7846097446808511,47000000
Herbivores,0.9751937984496124,0.7846165625,48000000
Herbivores,0.9751937984496124,0.7846293469387755,49000000
Herbivores,0.9751937984496124,0.78462222,50000000
Herbivores,0.9751937984496124,0.784635431372549,51000000
Herbivores,0.9751937984496124,0.7846345384615384,52000000
Herbivores,0.9751937984496124,0.7846322075471698,53000000
Herbivores,0.9751937984496124,0.7846226296296296,54000000
Herbivores,0.9751937984496124,0.7846303818181818,55000000
Herbivores,0.9751937984496124,0.7846214285714286,56000000
Herbivores,0.9751937984496124,0.7846228070175438,57000000
Herbivores,0.9751937984496124,0.784618724137931,58000000
Herbivores,0.9751937984496124,0.7846137627118644,59000000
Herbivores,0.9751937984496124,0.7846126333333333,60000000
Herbivores,0.9751937984496124,0.7846170655737705,61000000
Herbivores,0.9751937984496124,0.7846049677419354,62000000
Herbivores,0.9751937984496124,0.7846041746031746,63000000
Herbivores,0.9751937984496124,0.784598921875,64000000
Herbivores,0.9751937984496124,0.7845981076923076,65000000
Herbivores,0.9751937984496124,0.7845996818181818,66000000
Herbivores,0.9751937984496124,0.7846151940298507,67000000
Herbivores,0.9751937984496124,0.7846044705882353,68000000
Herbivores,0.9751937984496124,0.7846141594202899,69000000
Herbivores,0.9751937984496124,0.7846166857142857,70000000
Herbivores,0.9751937984496124,0.7846181549295774,71000000
Herbivores,0.9751937984496124,0.7846184583333333,72000000
Herbivores,0.9751937984496124,0.7846099863013699,73000000
Herbivores,0.9751937984496124,0.7846065675675675,74000000
Herbivores,0.9751937984496124,0.78460524,75000000
Herbivores,0.9751937984496124,0.7845983815789473,76000000
Herbivores,0.9751937984496124,0.7846035844155844,77000000
Herbivores,0.9751937984496124,0.7845970512820513,78000000
Herbivores,0.9751937984496124,0.7845875063291139,79000000
Herbivores,0.9751937984496124,0.7845873,80000000
Herbivores,0.9751937984496124,0.7845908024691358,81000000
Herbivores,0.9751937984496124,0.7845939878048781,82000000
Herbivores,0.9751937984496124,0.7845937590361446,83000000
Herbivores,0.9751937984496124,0.7845925476190476,84000000
Herbivores,0.9751937984496124,0.7845937529411765,85000000
Herbivores,0.9751937984496124,0.7845899534883721,86000000
Herbivores,0.9751937984496124,0.7845802413793104,87000000
Herbivores,0.9751937984496124,0.7845787386363636,88000000
Herbivores,0.9751937984496124,0.7845851797752809,89000000
Herbivores,0.9751937984496124,0.7845890333333333,90000000
Herbivores,0.9751937984496124,0.784595010989011,91000000
Herbivores,0.9751937984496124,0.784596402173913,92000000
Herbivores,0.9751937984496124,0.7845987204301075,93000000
Herbivores,0.9751937984496124,0.784598840425532,94000000
Herbivores,0.9751937984496124,0.7846085894736842,95000000
Herbivores,0.9751937984496124,0.7846039270833334,96000000
Herbivores,0.9751937984496124,0.7846007216494846,97000000
Herbivores,0.9751937984496124,0.7846028775510204,98000000
Herbivores,0.9751937984496124,0.7845988888888888,99000000
Herbivores,0.9751937984496124,0.78460449,100000000
