Primary_Producers,0.6346153846153846,0.950019,1000000
Primary_Producers,0.6346153846153846,0.9500495,2000000
Primary_Producers,0.6346153846153846,0.949926,3000000
Primary_Producers,0.6346153846153846,0.95000925,4000000
Primary_Producers,0.6346153846153846,0.9499796,5000000
Primary_Producers,0.6346153846153846,0.9499123333333334,6000000
Primary_Producers,0.6346153846153846,0.9499111428571428,7000000
Primary_Producers,0.6346153846153846,0.94990375,8000000
Primary_Producers,0.6346153846153846,0.9499253333333333,9000000
Primary_Producers,0.6346153846153846,0.9499471,10000000
Primary_Producers,0.6346153846153846,0.9499531818181818,11000000
Primary_Producers,0.6346153846153846,0.94996975,12000000
Primary_Producers,0.6346153846153846,0.9499863846153846,13000000
Primary_Producers,0.6346153846153846,0.9500222142857143,14000000
Primary_Producers,0.6346153846153846,0.9500276666666667,15000000
Primary_Producers,0.6346153846153846,0.9500526875,16000000
Primary_Producers,0.6346153846153846,0.9500875882352942,17000000
Primary_Producers,0.6346153846153846,0.9500821111111111,18000000
Primary_Producers,0.6346153846153846,0.9500769473684211,19000000
Primary_Producers,0.6346153846153846,0.95009505,20000000
Primary_Producers,0.6346153846153846,0.9501070476190476,21000000
Primary_Producers,0.6346153846153846,0.9500980909090909,22000000
Primary_Producers,0.6346153846153846,0.9501224782608696,23000000
Primary_Producers,0.6346153846153846,0.950114,24000000
Primary_Producers,0.6346153846153846,0.95012596,25000000
Primary_Producers,0.6346153846153846,0.9501332307692307,26000000
Primary_Producers,0.6346153846153846,0.9501265555555556,27000000
Primary_Producers,0.6346153846153846,0.9501108214285714,28000000
Primary_Producers,0.6346153846153846,0.9501015172413793,29000000
Primary_Producers,0.6346153846153846,0.9501141666666667,30000000
Primary_Producers,0.6346153846153846,0.9501173870967742,31000000
Primary_Producers,0.6346153846153846,0.95011371875,32000000
Primary_Producers,0.6346153846153846,0.9501214848484848,33000000
Primary_Producers,0.6346153846153846,0.9501193823529411,34000000
Primary_Producers,0.6346153846153846,0.9501288571428571,35000000
Primary_Producers,0.6346153846153846,0.9501307222222222,36000000
Primary_Producers,0.6346153846153846,0.9501175405405405,37000000
Primary_Producers,0.6346153846153846,0.9501280263157895,38000000
Primary_Producers,0.6346153846153846,0.950123,39000000
Primary_Producers,0.6346153846153846,0.950122175,40000000
Primary_Producers,0.6346153846153846,0.9501238780487805,41000000
Primary_Producers,0.6346153846153846,0.9501292142857143,42000000
Primary_Producers,0.6346153846153846,0.9501292325581395,43000000
Primary_Producers,0.6346153846153846,0.9501272727272727,44000000
Primary_Producers,0.6346153846153846,0.9501220222222222,45000000
Primary_Producers,0.6346153846153846,0.9501165217391304,46000000
Primary_Producers,0.6346153846153846,0.950107914893617,47000000
Primary_Producers,0.6346153846153846,0.9501065,48000000
Primary_Producers,0.6346153846153846,0.9501027346938775,49000000
Primary_Producers,0.6346153846153846,0.95010388,50000000
Primary_Producers,0.6346153846153846,0.9501001176470588,51000000
Primary_Producers,0.6346153846153846,0.9501024423076924,52000000
Primary_Producers,0.6346153846153846,0.9501083773584905,53000000
Primary_Producers,0.6346153846153846,0.9501152777777778,54000000
Primary_Producers,0.6346153846153846,0.9501220545454545,55000000
Primary_Producers,0.6346153846153846,0.9501192678571428,56000000
Primary_Producers,0.6346153846153846,0.9501171403508772,57000000
Primary_Producers,0.6346153846153846,0.9501161724137931,58000000
Primary_Producers,0.6346153846153846,0.9501196101694915,59000000
Primary_Producers,0.6346153846153846,0.9501202166666667,60000000
Primary_Producers,0.6346153846153846,0.9501224262295082,61000000
Primary_Producers,0.6346153846153846,0.9501153709677419,62000000
Primary_Producers,0.6346153846153846,0.9501155079365079,63000000
Primary_Producers,0.6346153846153846,0.95011184375,64000000
Primary_Producers,0.6346153846153846,0.9501115076923077,65000000
Primary_Producers,0.6346153846153846,0.9501134242424243,66000000
Primary_Producers,0.6346153846153846,0.9501150447761194,67000000
Primary_Producers,0.6346153846153846,0.9501145,68000000
Primary_Producers,0.6346153846153846,0.950114768115942,69000000
Primary_Producers,0.6346153846153846,0.9501185142857143,70000000
Primary_Producers,0.6346153846153846,0.9501267183098592,71000000
Primary_Producers,0.6346153846153846,0.9501305833333333,72000000
Primary_Producers,0.6346153846153846,0.9501262465753425,73000000
Primary_Producers,0.6346153846153846,0.950128554054054,74000000
Primary_Producers,0.6346153846153846,0.95012788,75000000
Primary_Producers,0.6346153846153846,0.950132052631579,76000000
Primary_Producers,0.6346153846153846,0.9501321688311688,77000000
Primary_Producers,0.6346153846153846,0.9501321666666667,78000000
Primary_Producers,0.6346153846153846,0.9501339620253164,79000000
Primary_Producers,0.6346153846153846,0.9501339,80000000
Primary_Producers,0.6346153846153846,0.950130987654321,81000000
Primary_Producers,0.6346153846153846,0.950128731707317,82000000
Primary_Producers,0.6346153846153846,0.9501290963855422,83000000
Primary_Producers,0.6346153846153846,0.9501284285714285,84000000
Primary_Producers,0.6346153846153846,0.9501280941176471,85000000
Primary_Producers,0.6346153846153846,0.950128988372093,86000000
Primary_Producers,0.6346153846153846,0.9501268735632183,87000000
Primary_Producers,0.6346153846153846,0.9501274659090909,88000000
Primary_Producers,0.6346153846153846,0.9501261573033708,89000000
Primary_Producers,0.6346153846153846,0.9501269111111111,90000000
Primary_Producers,0.6346153846153846,0.9501301538461538,91000000
Primary_Producers,0.6346153846153846,0.9501325869565217,92000000
Primary_Producers,0.6346153846153846,0.9501355483870968,93000000
Primary_Producers,0.6346153846153846,0.9501351808510639,94000000
Primary_Producers,0.6346153846153846,0.9501338210526316,95000000
Primary_Producers,0.6346153846153846,0.9501367083333333,96000000
Primary_Producers,0.6346153846153846,0.9501369690721649,97000000
Primary_Producers,0.6346153846153846,0.9501362142857143,98000000
Primary_Producers,0.6346153846153846,0.9501378686868687,99000000
Primary_Producers,0.6346153846153846,0.95013627,100000000
