Parasites,0.605125038592158,0.992161,1000000
Parasites,0.605125038592158,0.992115,2000000
Parasites,0.605125038592158,0.9921536666666667,3000000
Parasites,0.605125038592158,0.99213675,4000000
Parasites,0.605125038592158,0.9921536,5000000
Parasites,0.605125038592158,0.992136,6000000
Parasites,0.605125038592158,0.9921544285714285,7000000
Parasites,0.605125038592158,0.992157625,8000000
Parasites,0.605125038592158,0.9921534444444444,9000000
Parasites,0.605125038592158,0.9921405,10000000
Parasites,0.605125038592158,0.9921388181818181,11000000
Parasites,0.605125038592158,0.9921314166666667,12000000
Parasites,0.605125038592158,0.9921362307692307,13000000
Parasites,0.605125038592158,0.9921386428571428,14000000
Parasites,0.605125038592158,0.9921410666666667,15000000
Parasites,0.605125038592158,0.9921448125,16000000
Parasites,0.605125038592158,0.9921480588235294,17000000
Parasites,0.605125038592158,0.992147,18000000
Parasites,0.605125038592158,0.9921546842105263,19000000
Parasites,0.605125038592158,0.992156,20000000
Parasites,0.605125038592158,0.9921457619047619,21000000
Parasites,0.605125038592158,0.9921467272727272,22000000
Parasites,0.605125038592158,0.9921471739130435,23000000
Parasites,0.605125038592158,0.9921495,24000000
Parasites,0.605125038592158,0.99214816,25000000
Parasites,0.605125038592158,0.9921467307692308,26000000
Parasites,0.605125038592158,0.9921448888888889,27000000
Parasites,0.605125038592158,0.992149,28000000
Parasites,0.605125038592158,0.9921461724137931,29000000
Parasites,0.605125038592158,0.992146,30000000
Parasites,0.605125038592158,0.9921431612903225,31000000
Parasites,0.605125038592158,0.992146,32000000
Parasites,0.605125038592158,0.9921446060606061,33000000
Parasites,0.605125038592158,0.9921456470588236,34000000
Parasites,0.605125038592158,0.9921442285714286,35000000
Parasites,0.605125038592158,0.99214225,36000000
Parasites,0.605125038592158,0.9921397027027027,37000000
Parasites,0.605125038592158,0.9921391578947368,38000000
Parasites,0.605125038592158,0.9921407179487179,39000000
Parasites,0.605125038592158,0.99213815,40000000
Parasites,0.605125038592158,0.9921402195121951,41000000
Parasites,0.605125038592158,0.9921376666666667,42000000
Parasites,0.605125038592158,0.9921387906976744,43000000
Parasites,0.605125038592158,0.992136,44000000
Parasites,0.605125038592158,0.9921364888888888,45000000
Parasites,0.605125038592158,0.9921413695652174,46000000
Parasites,0.605125038592158,0.9921434255319149,47000000
Parasites,0.605125038592158,0.992142625,48000000
Parasites,0.605125038592158,0.9921454489795918,49000000
Parasites,0.605125038592158,0.99214428,50000000
Parasites,0.605125038592158,0.9921417647058823,51000000
Parasites,0.605125038592158,0.9921370576923076,52000000
Parasites,0.605125038592158,0.9921359056603773,53000000
Parasites,0.605125038592158,0.9921345740740741,54000000
Parasites,0.605125038592158,0.9921360727272728,55000000
Parasites,0.605125038592158,0.9921347857142857,56000000
Parasites,0.605125038592158,0.9921333333333333,57000000
Parasites,0.605125038592158,0.9921331034482759,58000000
Parasites,0.605125038592158,0.9921327288135593,59000000
Parasites,0.605125038592158,0.9921325666666667,60000000
Parasites,0.605125038592158,0.992131868852459,61000000
Parasites,0.605125038592158,0.9921334516129032,62000000
Parasites,0.605125038592158,0.9921351587301588,63000000
Parasites,0.605125038592158,0.992134375,64000000
Parasites,0.605125038592158,0.9921338615384615,65000000
Parasites,0.605125038592158,0.9921360454545455,66000000
Parasites,0.605125038592158,0.9921356119402985,67000000
Parasites,0.605125038592158,0.9921346470588235,68000000
Parasites,0.605125038592158,0.9921338115942029,69000000
Parasites,0.605125038592158,0.9921310857142858,70000000
Parasites,0.605125038592158,0.9921325633802817,71000000
Parasites,0.605125038592158,0.9921310555555556,72000000
Parasites,0.605125038592158,0.9921301506849315,73000000
Parasites,0.605125038592158,0.9921276216216216,74000000
Parasites,0.605125038592158,0.9921288,75000000
Parasites,0.605125038592158,0.9921297763157895,76000000
Parasites,0.605125038592158,0.9921287662337662,77000000
Parasites,0.605125038592158,0.9921295384615385,78000000
Parasites,0.605125038592158,0.9921303544303798,79000000
Parasites,0.605125038592158,0.99212975,80000000
Parasites,0.605125038592158,0.9921294814814815,81000000
Parasites,0.605125038592158,0.9921318414634146,82000000
Parasites,0.605125038592158,0.992131734939759,83000000
Parasites,0.605125038592158,0.9921320238095238,84000000
Parasites,0.605125038592158,0.9921334352941177,85000000
Parasites,0.605125038592158,0.9921327093023256,86000000
Parasites,0.605125038592158,0.9921310804597702,87000000
Parasites,0.605125038592158,0.9921315795454545,88000000
Parasites,0.605125038592158,0.9921326629213483,89000000
Parasites,0.605125038592158,0.9921342,90000000
Parasites,0.605125038592158,0.9921338021978022,91000000
Parasites,0.605125038592158,0.9921341195652174,92000000
Parasites,0.605125038592158,0.9921336989247311,93000000
Parasites,0.605125038592158,0.9921337553191489,94000000
Parasites,0.605125038592158,0.9921338736842106,95000000
Parasites,0.605125038592158,0.99213365625,96000000
Parasites,0.605125038592158,0.9921347216494846,97000000
Parasites,0.605125038592158,0.9921335714285714,98000000
Parasites,0.605125038592158,0.9921335252525253,99000000
Parasites,0.605125038592158,0.99213497,100000000
