Herbivores,0.9587628865979382,0.843083,1000000
Herbivores,0.9587628865979382,0.8430735,2000000
Herbivores,0.9587628865979382,0.843248,3000000
Herbivores,0.9587628865979382,0.843302,4000000
Herbivores,0.9587628865979382,0.8434194,5000000
Herbivores,0.9587628865979382,0.8433698333333334,6000000
Herbivores,0.9587628865979382,0.8433084285714286,7000000
Herbivores,0.9587628865979382,0.8433975,8000000
Herbivores,0.9587628865979382,0.8435152222222222,9000000
Herbivores,0.9587628865979382,0.8434696,10000000
Herbivores,0.9587628865979382,0.8434330909090909,11000000
Herbivores,0.9587628865979382,0.84338025,12000000
Herbivores,0.9587628865979382,0.8433924615384616,13000000
Herbivores,0.9587628865979382,0.8433768571428572,14000000
Herbivores,0.9587628865979382,0.8433972666666667,15000000
Herbivores,0.9587628865979382,0.8433568125,16000000
Herbivores,0.9587628865979382,0.8433747647058824,17000000
Herbivores,0.9587628865979382,0.8433597222222222,18000000
Herbivores,0.9587628865979382,0.8433976315789473,19000000
Herbivores,0.9587628865979382,0.8433728,20000000
Herbivores,0.9587628865979382,0.8433748571428571,21000000
Herbivores,0.9587628865979382,0.8433876818181818,22000000
Herbivores,0.9587628865979382,0.8434018260869566,23000000
Herbivores,0.9587628865979382,0.84337975,24000000
Herbivores,0.9587628865979382,0.84337584,25000000
Herbivores,0.9587628865979382,0.8433645769230769,26000000
Herbivores,0.9587628865979382,0.8433733703703704,27000000
Herbivores,0.9587628865979382,0.8433892857142857,28000000
Herbivores,0.9587628865979382,0.8433922413793103,29000000
Herbivores,0.9587628865979382,0.8433904333333333,30000000
Herbivores,0.9587628865979382,0.8434058064516129,31000000
Herbivores,0.9587628865979382,0.843416125,32000000
Herbivores,0.9587628865979382,0.8434033333333333,33000000
Herbivores,0.9587628865979382,0.8433995588235295,34000000
Herbivores,0.9587628865979382,0.8434087142857143,35000000
Herbivores,0.9587628865979382,0.8434277222222222,36000000
Herbivores,0.9587628865979382,0.8434365945945946,37000000
Herbivores,0.9587628865979382,0.8434387894736842,38000000
Herbivores,0.9587628865979382,0.8434568461538462,39000000
Herbivores,0.9587628865979382,0.843467075,40000000
Herbivores,0.9587628865979382,0.8434830731707317,41000000
Herbivores,0.9587628865979382,0.8434937142857143,42000000
Herbivores,0.9587628865979382,0.8434866976744186,43000000
Herbivores,0.9587628865979382,0.8434795681818181,44000000
Herbivores,0.9587628865979382,0.8434690666666667,45000000
Herbivores,0.9587628865979382,0.8434726739130435,46000000
Herbivores,0.9587628865979382,0.8434545744680851,47000000
Herbivores,0.9587628865979382,0.8434575,48000000
Herbivores,0.9587628865979382,0.8434523265306122,49000000
Herbivores,0.9587628865979382,0.84344396,50000000
Herbivores,0.9587628865979382,0.8434486666666666,51000000
Herbivores,0.9587628865979382,0.8434530384615384,52000000
Herbivores,0.9587628865979382,0.8434492075471698,53000000
Herbivores,0.9587628865979382,0.8434487037037037,54000000
Herbivores,0.9587628865979382,0.8434609090909091,55000000
Herbivores,0.9587628865979382,0.8434589821428572,56000000
Herbivores,0.9587628865979382,0.8434519298245614,57000000
Herbivores,0.9587628865979382,0.8434570172413793,58000000
Herbivores,0.9587628865979382,0.8434552542372882,59000000
Herbivores,0.9587628865979382,0.8434652833333334,60000000
Herbivores,0.9587628865979382,0.8434571639344263,61000000
Herbivores,0.9587628865979382,0.8434619838709677,62000000
Herbivores,0.9587628865979382,0.8434569523809524,63000000
Herbivores,0.9587628865979382,0.843446609375,64000000
Herbivores,0.9587628865979382,0.8434507384615385,65000000
Herbivores,0.9587628865979382,0.8434556363636364,66000000
Herbivores,0.9587628865979382,0.8434571492537314,67000000
Herbivores,0.9587628865979382,0.8434638088235294,68000000
Herbivores,0.9587628865979382,0.8434615217391305,69000000
Herbivores,0.9587628865979382,0.8434586857142857,70000000
Herbivores,0.9587628865979382,0.8434590845070422,71000000
Herbivores,0.9587628865979382,0.8434539166666667,72000000
Herbivores,0.9587628865979382,0.8434602191780822,73000000
Herbivores,0.9587628865979382,0.8434535405405406,74000000
Herbivores,0.9587628865979382,0.843453,75000000
Herbivores,0.9587628865979382,0.8434475394736842,76000000
Herbivores,0.9587628865979382,0.8434519090909091,77000000
Herbivores,0.9587628865979382,0.8434576538461539,78000000
Herbivores,0.9587628865979382,0.8434566202531646,79000000
Herbivores,0.9587628865979382,0.8434582625,80000000
Herbivores,0.9587628865979382,0.8434589382716049,81000000
Herbivores,0.9587628865979382,0.843463243902439,82000000
Herbivores,0.9587628865979382,0.8434654337349398,83000000
Herbivores,0.9587628865979382,0.8434676071428572,84000000
Herbivores,0.9587628865979382,0.8434737529411764,85000000
Herbivores,0.9587628865979382,0.8434744767441861,86000000
Herbivores,0.9587628865979382,0.843484275862069,87000000
Herbivores,0.9587628865979382,0.8434871022727273,88000000
Herbivores,0.9587628865979382,0.8434928764044943,89000000
Herbivores,0.9587628865979382,0.8434839777777777,90000000
Herbivores,0.9587628865979382,0.8434799120879121,91000000
Herbivores,0.9587628865979382,0.8434748260869566,92000000
Herbivores,0.9587628865979382,0.8434817956989248,93000000
Herbivores,0.9587628865979382,0.843480829787234,94000000
Herbivores,0.9587628865979382,0.8434810947368421,95000000
Herbivores,0.9587628865979382,0.8434838229166667,96000000
Herbivores,0.9587628865979382,0.8434808659793814,97000000
Herbivores,0.9587628865979382,0.8434781428571428,98000000
Herbivores,0.9587628865979382,0.843484202020202,99000000
Herbivores,0.9587628865979382,0.84347719,100000000
