Primary_Producers,0.9293023255813954,0.140109,1000000
Primary_Producers,0.9293023255813954,0.139635,2000000
Primary_Producers,0.9293023255813954,0.13978033333333334,3000000
Primary_Producers,0.9293023255813954,0.13985475,4000000
Primary_Producers,0.9293023255813954,0.139885,5000000
Primary_Producers,0.9293023255813954,0.139851,6000000
Primary_Producers,0.9293023255813954,0.13987242857142856,7000000
Primary_Producers,0.9293023255813954,0.139837125,8000000
Primary_Producers,0.9293023255813954,0.1398281111111111,9000000
Primary_Producers,0.9293023255813954,0.1398287,10000000
Primary_Producers,0.9293023255813954,0.13987309090909092,11000000
Primary_Producers,0.9293023255813954,0.1398465,12000000
Primary_Producers,0.9293023255813954,0.1398376923076923,13000000
Primary_Producers,0.9293023255813954,0.13985021428571429,14000000
Primary_Producers,0.9293023255813954,0.13984533333333332,15000000
Primary_Producers,0.9293023255813954,0.139859375,16000000
Primary_Producers,0.9293023255813954,0.13986835294117647,17000000
Primary_Producers,0.9293023255813954,0.1398572777777778,18000000
Primary_Producers,0.9293023255813954,0.13986373684210526,19000000
Primary_Producers,0.9293023255813954,0.1398742,20000000
Primary_Producers,0.9293023255813954,0.13988709523809523,21000000
Primary_Producers,0.9293023255813954,0.13989495454545456,22000000
Primary_Producers,0.9293023255813954,0.13988095652173912,23000000
Primary_Producers,0.9293023255813954,0.1398675,24000000
Primary_Producers,0.9293023255813954,0.13986672,25000000
Primary_Producers,0.9293023255813954,0.13989219230769231,26000000
Primary_Producers,0.9293023255813954,0.13988555555555557,27000000
Primary_Producers,0.9293023255813954,0.13988535714285713,28000000
Primary_Producers,0.9293023255813954,0.13987193103448275,29000000
Primary_Producers,0.9293023255813954,0.13989263333333332,30000000
Primary_Producers,0.9293023255813954,0.13990258064516128,31000000
Primary_Producers,0.9293023255813954,0.13992353125,32000000
Primary_Producers,0.9293023255813954,0.13990887878787878,33000000
Primary_Producers,0.9293023255813954,0.1399460882352941,34000000
Primary_Producers,0.9293023255813954,0.1399468857142857,35000000
Primary_Producers,0.9293023255813954,0.13994633333333334,36000000
Primary_Producers,0.9293023255813954,0.13994554054054054,37000000
Primary_Producers,0.9293023255813954,0.13995142105263159,38000000
Primary_Producers,0.9293023255813954,0.13994523076923077,39000000
Primary_Producers,0.9293023255813954,0.139942575,40000000
Primary_Producers,0.9293023255813954,0.13995017073170732,41000000
Primary_Producers,0.9293023255813954,0.13995404761904762,42000000
Primary_Producers,0.9293023255813954,0.13995848837209302,43000000
Primary_Producers,0.9293023255813954,0.13995322727272727,44000000
Primary_Producers,0.9293023255813954,0.13994553333333334,45000000
Primary_Producers,0.9293023255813954,0.13995591304347826,46000000
Primary_Producers,0.9293023255813954,0.13995891489361703,47000000
Primary_Producers,0.9293023255813954,0.13996066666666668,48000000
Primary_Producers,0.9293023255813954,0.1399553469387755,49000000
Primary_Producers,0.9293023255813954,0.13993916,50000000
Primary_Producers,0.9293023255813954,0.13992888235294118,51000000
Primary_Producers,0.9293023255813954,0.13993059615384615,52000000
Primary_Producers,0.9293023255813954,0.13992328301886792,53000000
Primary_Producers,0.9293023255813954,0.1399195,54000000
Primary_Producers,0.9293023255813954,0.1399268,55000000
Primary_Producers,0.9293023255813954,0.13992614285714286,56000000
Primary_Producers,0.9293023255813954,0.13993312280701756,57000000
Primary_Producers,0.9293023255813954,0.13993427586206897,58000000
Primary_Producers,0.9293023255813954,0.1399408813559322,59000000
Primary_Producers,0.9293023255813954,0.1399338,60000000
Primary_Producers,0.9293023255813954,0.13994903278688525,61000000
Primary_Producers,0.9293023255813954,0.13995179032258065,62000000
Primary_Producers,0.9293023255813954,0.13995396825396825,63000000
Primary_Producers,0.9293023255813954,0.139962796875,64000000
Primary_Producers,0.9293023255813954,0.1399654,65000000
Primary_Producers,0.9293023255813954,0.1399645,66000000
Primary_Producers,0.9293023255813954,0.13996089552238805,67000000
Primary_Producers,0.9293023255813954,0.13997194117647058,68000000
Primary_Producers,0.9293023255813954,0.1399703188405797,69000000
Primary_Producers,0.9293023255813954,0.13996225714285715,70000000
Primary_Producers,0.9293023255813954,0.13996930985915493,71000000
Primary_Producers,0.9293023255813954,0.1399708888888889,72000000
Primary_Producers,0.9293023255813954,0.13997069863013697,73000000
Primary_Producers,0.9293023255813954,0.1399755135135135,74000000
Primary_Producers,0.9293023255813954,0.13997609333333333,75000000
Primary_Producers,0.9293023255813954,0.1399770394736842,76000000
Primary_Producers,0.9293023255813954,0.13997092207792208,77000000
Primary_Producers,0.9293023255813954,0.13998003846153848,78000000
Primary_Producers,0.9293023255813954,0.13997527848101265,79000000
Primary_Producers,0.9293023255813954,0.1399783625,80000000
Primary_Producers,0.9293023255813954,0.1399856913580247,81000000
Primary_Producers,0.9293023255813954,0.13997851219512195,82000000
Primary_Producers,0.9293023255813954,0.13997993975903614,83000000
Primary_Producers,0.9293023255813954,0.13997611904761906,84000000
Primary_Producers,0.9293023255813954,0.13997171764705882,85000000
Primary_Producers,0.9293023255813954,0.13997030232558139,86000000
Primary_Producers,0.9293023255813954,0.1399663908045977,87000000
Primary_Producers,0.9293023255813954,0.13996576136363637,88000000
Primary_Producers,0.9293023255813954,0.13996725842696628,89000000
Primary_Producers,0.9293023255813954,0.1399673111111111,90000000
Primary_Producers,0.9293023255813954,0.13996782417582418,91000000
Primary_Producers,0.9293023255813954,0.1399744239130435,92000000
Primary_Producers,0.9293023255813954,0.13997691397849463,93000000
Primary_Producers,0.9293023255813954,0.13997743617021277,94000000
Primary_Producers,0.9293023255813954,0.13997584210526315,95000000
Primary_Producers,0.9293023255813954,0.13997354166666667,96000000
Primary_Producers,0.9293023255813954,0.139969793814433,97000000
Primary_Producers,0.9293023255813954,0.13996785714285714,98000000
Primary_Producers,0.9293023255813954,0.13997066666666666,99000000
Primary_Producers,0.9293023255813954,0.13996897,100000000
