Herbivores,0.7777777777777778,0.93148,1000000
Herbivores,0.7777777777777778,0.931341,2000000
Herbivores,0.7777777777777778,0.9314183333333333,3000000
Herbivores,0.7777777777777778,0.93137925,4000000
Herbivores,0.7777777777777778,0.9314732,5000000
Herbivores,0.7777777777777778,0.9313735,6000000
Herbivores,0.7777777777777778,0.9313764285714285,7000000
Herbivores,0.7777777777777778,0.9314295,8000000
Herbivores,0.7777777777777778,0.9314701111111111,9000000
Herbivores,0.7777777777777778,0.9314573,10000000
Herbivores,0.7777777777777778,0.931502,11000000
Herbivores,0.7777777777777778,0.9314253333333333,12000000
Herbivores,0.7777777777777778,0.9314362307692308,13000000
Herbivores,0.7777777777777778,0.9314544285714286,14000000
Herbivores,0.7777777777777778,0.9314629333333333,15000000
Herbivores,0.7777777777777778,0.931439,16000000
Herbivores,0.7777777777777778,0.9314357647058824,17000000
Herbivores,0.7777777777777778,0.9314187777777778,18000000
Herbivores,0.7777777777777778,0.931430052631579,19000000
Herbivores,0.7777777777777778,0.93141455,20000000
Herbivores,0.7777777777777778,0.9313849047619047,21000000
Herbivores,0.7777777777777778,0.931382909090909,22000000
Herbivores,0.7777777777777778,0.9314010434782609,23000000
Herbivores,0.7777777777777778,0.9314012083333333,24000000
Herbivores,0.7777777777777778,0.93140216,25000000
Herbivores,0.7777777777777778,0.9313980384615385,26000000
Herbivores,0.7777777777777778,0.9314041111111111,27000000
Herbivores,0.7777777777777778,0.9314171428571428,28000000
Herbivores,0.7777777777777778,0.9314070344827586,29000000
Herbivores,0.7777777777777778,0.9313874666666667,30000000
Herbivores,0.7777777777777778,0.9314018387096774,31000000
Herbivores,0.7777777777777778,0.931415375,32000000
Herbivores,0.7777777777777778,0.9314172121212121,33000000
Herbivores,0.7777777777777778,0.9314126470588235,34000000
Herbivores,0.7777777777777778,0.9314158,35000000
Herbivores,0.7777777777777778,0.9314048333333333,36000000
Herbivores,0.7777777777777778,0.9314157567567568,37000000
Herbivores,0.7777777777777778,0.9314047105263158,38000000
Herbivores,0.7777777777777778,0.9314101538461539,39000000
Herbivores,0.7777777777777778,0.93141155,40000000
Herbivores,0.7777777777777778,0.931406756097561,41000000
Herbivores,0.7777777777777778,0.9314150476190476,42000000
Herbivores,0.7777777777777778,0.9314139302325581,43000000
Herbivores,0.7777777777777778,0.9314179318181818,44000000
Herbivores,0.7777777777777778,0.9314102222222223,45000000
Herbivores,0.7777777777777778,0.9314127391304348,46000000
Herbivores,0.7777777777777778,0.9314117234042553,47000000
Herbivores,0.7777777777777778,0.9314166666666667,48000000
Herbivores,0.7777777777777778,0.9314243673469388,49000000
Herbivores,0.7777777777777778,0.93142558,50000000
Herbivores,0.7777777777777778,0.9314211764705882,51000000
Herbivores,0.7777777777777778,0.9314240769230769,52000000
Herbivores,0.7777777777777778,0.9314176981132075,53000000
Herbivores,0.7777777777777778,0.9314147592592592,54000000
Herbivores,0.7777777777777778,0.9314195090909091,55000000
Herbivores,0.7777777777777778,0.9314155,56000000
Herbivores,0.7777777777777778,0.9314210701754386,57000000
Herbivores,0.7777777777777778,0.9314197413793104,58000000
Herbivores,0.7777777777777778,0.9314218644067797,59000000
Herbivores,0.7777777777777778,0.9314225333333334,60000000
Herbivores,0.7777777777777778,0.9314239016393443,61000000
Herbivores,0.7777777777777778,0.9314278064516129,62000000
Herbivores,0.7777777777777778,0.9314270476190476,63000000
Herbivores,0.7777777777777778,0.931426921875,64000000
Herbivores,0.7777777777777778,0.9314267846153846,65000000
Herbivores,0.7777777777777778,0.9314299090909091,66000000
Herbivores,0.7777777777777778,0.931430119402985,67000000
Herbivores,0.7777777777777778,0.9314300147058824,68000000
Herbivores,0.7777777777777778,0.9314255217391304,69000000
Herbivores,0.7777777777777778,0.9314333142857143,70000000
Herbivores,0.7777777777777778,0.9314324929577464,71000000
Herbivores,0.7777777777777778,0.9314316527777777,72000000
Herbivores,0.7777777777777778,0.9314341506849315,73000000
Herbivores,0.7777777777777778,0.9314332567567568,74000000
Herbivores,0.7777777777777778,0.93143128,75000000
Herbivores,0.7777777777777778,0.9314322105263158,76000000
Herbivores,0.7777777777777778,0.931428961038961,77000000
Herbivores,0.7777777777777778,0.9314376282051282,78000000
Herbivores,0.7777777777777778,0.9314419620253165,79000000
Herbivores,0.7777777777777778,0.9314488,80000000
Herbivores,0.7777777777777778,0.9314538518518518,81000000
Herbivores,0.7777777777777778,0.9314523658536585,82000000
Herbivores,0.7777777777777778,0.9314587951807229,83000000
Herbivores,0.7777777777777778,0.9314573452380952,84000000
Herbivores,0.7777777777777778,0.9314586823529412,85000000
Herbivores,0.7777777777777778,0.9314585348837209,86000000
Herbivores,0.7777777777777778,0.9314595862068965,87000000
Herbivores,0.7777777777777778,0.9314632840909091,88000000
Herbivores,0.7777777777777778,0.9314625056179775,89000000
Herbivores,0.7777777777777778,0.9314634333333334,90000000
Herbivores,0.7777777777777778,0.9314613186813187,91000000
Herbivores,0.7777777777777778,0.9314589239130435,92000000
Herbivores,0.7777777777777778,0.9314635376344086,93000000
Herbivores,0.7777777777777778,0.9314676170212766,94000000
Herbivores,0.7777777777777778,0.9314634105263158,95000000
Herbivores,0.7777777777777778,0.9314658958333333,96000000
Herbivores,0.7777777777777778,0.9314636082474227,97000000
Herbivores,0.7777777777777778,0.9314636734693877,98000000
Herbivores,0.7777777777777778,0.9314697171717172,99000000
Herbivores,0.7777777777777778,0.93147196,100000000
