Primary_Producers,0.5594405594405595,0.999793,1000000
Primary_Producers,0.5594405594405595,0.9997905,2000000
Primary_Producers,0.5594405594405595,0.9997923333333333,3000000
Primary_Producers,0.5594405594405595,0.9997945,4000000
Primary_Producers,0.5594405594405595,0.9997914,5000000
Primary_Producers,0.5594405594405595,0.9997933333333333,6000000
Primary_Producers,0.5594405594405595,0.9997962857142857,7000000
Primary_Producers,0.5594405594405595,0.999796625,8000000
Primary_Producers,0.5594405594405595,0.999799,9000000
Primary_Producers,0.5594405594405595,0.9997998,10000000
Primary_Producers,0.5594405594405595,0.9998034545454545,11000000
Primary_Producers,0.5594405594405595,0.99980375,12000000
Primary_Producers,0.5594405594405595,0.9998051538461539,13000000
Primary_Producers,0.5594405594405595,0.9998077857142857,14000000
Primary_Producers,0.5594405594405595,0.9998074666666666,15000000
Primary_Producers,0.5594405594405595,0.9998059375,16000000
Primary_Producers,0.5594405594405595,0.9998059411764706,17000000
Primary_Producers,0.5594405594405595,0.9998042777777778,18000000
Primary_Producers,0.5594405594405595,0.999802947368421,19000000
Primary_Producers,0.5594405594405595,0.999804,20000000
Primary_Producers,0.5594405594405595,0.9998053333333333,21000000
Primary_Producers,0.5594405594405595,0.9998052727272727,22000000
Primary_Producers,0.5594405594405595,0.9998049565217392,23000000
Primary_Producers,0.5594405594405595,0.99980475,24000000
Primary_Producers,0.5594405594405595,0.99980404,25000000
Primary_Producers,0.5594405594405595,0.9998044230769231,26000000
Primary_Producers,0.5594405594405595,0.9998045185185185,27000000
Primary_Producers,0.5594405594405595,0.9998047142857143,28000000
Primary_Producers,0.5594405594405595,0.999805275862069,29000000
Primary_Producers,0.5594405594405595,0.9998055666666666,30000000
Primary_Producers,0.5594405594405595,0.9998057096774193,31000000
Primary_Producers,0.5594405594405595,0.99980678125,32000000
Primary_Producers,0.5594405594405595,0.9998072727272728,33000000
Primary_Producers,0.5594405594405595,0.999807,34000000
Primary_Producers,0.5594405594405595,0.9998072285714286,35000000
Primary_Producers,0.5594405594405595,0.9998071944444444,36000000
Primary_Producers,0.5594405594405595,0.9998068918918919,37000000
Primary_Producers,0.5594405594405595,0.9998077368421052,38000000
Primary_Producers,0.5594405594405595,0.9998076666666667,39000000
Primary_Producers,0.5594405594405595,0.99980805,40000000
Primary_Producers,0.5594405594405595,0.9998076829268293,41000000
Primary_Producers,0.5594405594405595,0.9998080238095238,42000000
Primary_Producers,0.5594405594405595,0.9998079302325581,43000000
Primary_Producers,0.5594405594405595,0.9998078863636364,44000000
Primary_Producers,0.5594405594405595,0.9998077777777777,45000000
Primary_Producers,0.5594405594405595,0.9998074565217391,46000000
Primary_Producers,0.5594405594405595,0.9998069787234043,47000000
Primary_Producers,0.5594405594405595,0.9998073541666667,48000000
Primary_Producers,0.5594405594405595,0.9998068775510204,49000000
Primary_Producers,0.5594405594405595,0.99980664,50000000
Primary_Producers,0.5594405594405595,0.9998065294117647,51000000
Primary_Producers,0.5594405594405595,0.9998065576923076,52000000
Primary_Producers,0.5594405594405595,0.9998064528301887,53000000
Primary_Producers,0.5594405594405595,0.9998060555555556,54000000
Primary_Producers,0.5594405594405595,0.9998063818181818,55000000
Primary_Producers,0.5594405594405595,0.9998065535714286,56000000
Primary_Producers,0.5594405594405595,0.9998065614035088,57000000
Primary_Producers,0.5594405594405595,0.999806724137931,58000000
Primary_Producers,0.5594405594405595,0.9998066271186441,59000000
Primary_Producers,0.5594405594405595,0.9998067666666667,60000000
Primary_Producers,0.5594405594405595,0.9998067049180328,61000000
Primary_Producers,0.5594405594405595,0.9998067741935484,62000000
Primary_Producers,0.5594405594405595,0.9998070793650794,63000000
Primary_Producers,0.5594405594405595,0.999806875,64000000
Primary_Producers,0.5594405594405595,0.9998073230769231,65000000
Primary_Producers,0.5594405594405595,0.9998071363636364,66000000
Primary_Producers,0.5594405594405595,0.9998072238805971,67000000
Primary_Producers,0.5594405594405595,0.9998071470588236,68000000
Primary_Producers,0.5594405594405595,0.9998073913043478,69000000
Primary_Producers,0.5594405594405595,0.9998075285714285,70000000
Primary_Producers,0.5594405594405595,0.9998073661971831,71000000
Primary_Producers,0.5594405594405595,0.9998073888888889,72000000
Primary_Producers,0.5594405594405595,0.9998072876712328,73000000
Primary_Producers,0.5594405594405595,0.9998071621621621,74000000
Primary_Producers,0.5594405594405595,0.9998072133333333,75000000
Primary_Producers,0.5594405594405595,0.9998072236842105,76000000
Primary_Producers,0.5594405594405595,0.9998074935064936,77000000
Primary_Producers,0.5594405594405595,0.9998076794871795,78000000
Primary_Producers,0.5594405594405595,0.9998077088607595,79000000
Primary_Producers,0.5594405594405595,0.9998076,80000000
Primary_Producers,0.5594405594405595,0.9998076049382716,81000000
Primary_Producers,0.5594405594405595,0.9998076219512195,82000000
Primary_Producers,0.5594405594405595,0.9998077108433735,83000000
Primary_Producers,0.5594405594405595,0.9998077023809524,84000000
Primary_Producers,0.5594405594405595,0.9998076705882353,85000000
Primary_Producers,0.5594405594405595,0.9998076511627907,86000000
Primary_Producers,0.5594405594405595,0.9998078045977011,87000000
Primary_Producers,0.5594405594405595,0.999807625,88000000
Primary_Producers,0.5594405594405595,0.9998077415730338,89000000
Primary_Producers,0.5594405594405595,0.9998075666666667,90000000
Primary_Producers,0.5594405594405595,0.9998074615384616,91000000
Primary_Producers,0.5594405594405595,0.9998072282608695,92000000
Primary_Producers,0.5594405594405595,0.9998071182795699,93000000
Primary_Producers,0.5594405594405595,0.9998070319148936,94000000
Primary_Producers,0.5594405594405595,0.9998072210526315,95000000
Primary_Producers,0.5594405594405595,0.9998070833333333,96000000
Primary_Producers,0.5594405594405595,0.9998072577319588,97000000
Primary_Producers,0.5594405594405595,0.9998073367346939,98000000
Primary_Producers,0.5594405594405595,0.9998071919191919,99000000
Primary_Producers,0.5594405594405595,0.99980723,100000000
