Herbivores,0.8091908091908092,0.906239,1000000
Herbivores,0.8091908091908092,0.90614,2000000
Herbivores,0.8091908091908092,0.9062423333333334,3000000
Herbivores,0.8091908091908092,0.906126,4000000
Herbivores,0.8091908091908092,0.906213,5000000
Herbivores,0.8091908091908092,0.906215,6000000
Herbivores,0.8091908091908092,0.9062142857142857,7000000
Herbivores,0.8091908091908092,0.9062675,8000000
Herbivores,0.8091908091908092,0.9062814444444445,9000000
Herbivores,0.8091908091908092,0.9062558,10000000
Herbivores,0.8091908091908092,0.9062730909090909,11000000
Herbivores,0.8091908091908092,0.9062768333333333,12000000
Herbivores,0.8091908091908092,0.9062873076923077,13000000
Herbivores,0.8091908091908092,0.906241,14000000
Herbivores,0.8091908091908092,0.9062325333333333,15000000
Herbivores,0.8091908091908092,0.906223875,16000000
Herbivores,0.8091908091908092,0.9062477647058823,17000000
Herbivores,0.8091908091908092,0.9062155,18000000
Herbivores,0.8091908091908092,0.9062141052631579,19000000
Herbivores,0.8091908091908092,0.9061814,20000000
Herbivores,0.8091908091908092,0.9061729523809524,21000000
Herbivores,0.8091908091908092,0.9061825,22000000
Herbivores,0.8091908091908092,0.9061903913043479,23000000
Herbivores,0.8091908091908092,0.9061862916666666,24000000
Herbivores,0.8091908091908092,0.9062016,25000000
Herbivores,0.8091908091908092,0.9061960384615385,26000000
Herbivores,0.8091908091908092,0.9062036296296296,27000000
Herbivores,0.8091908091908092,0.9062148214285715,28000000
Herbivores,0.8091908091908092,0.906205,29000000
Herbivores,0.8091908091908092,0.9062116666666666,30000000
Herbivores,0.8091908091908092,0.9062084838709678,31000000
Herbivores,0.8091908091908092,0.9062059375,32000000
Herbivores,0.8091908091908092,0.9061919090909091,33000000
Herbivores,0.8091908091908092,0.9061822647058824,34000000
Herbivores,0.8091908091908092,0.9061791714285714,35000000
Herbivores,0.8091908091908092,0.9061916666666666,36000000
Herbivores,0.8091908091908092,0.9062011891891892,37000000
Herbivores,0.8091908091908092,0.9062102631578948,38000000
Herbivores,0.8091908091908092,0.9062212564102564,39000000
Herbivores,0.8091908091908092,0.906222725,40000000
Herbivores,0.8091908091908092,0.9062214146341463,41000000
Herbivores,0.8091908091908092,0.9062265952380952,42000000
Herbivores,0.8091908091908092,0.9062272558139535,43000000
Herbivores,0.8091908091908092,0.9062277045454545,44000000
Herbivores,0.8091908091908092,0.9062286666666667,45000000
Herbivores,0.8091908091908092,0.9062198260869565,46000000
Herbivores,0.8091908091908092,0.9062169361702128,47000000
Herbivores,0.8091908091908092,0.9062082916666667,48000000
Herbivores,0.8091908091908092,0.9062065306122449,49000000
Herbivores,0.8091908091908092,0.9061902,50000000
Herbivores,0.8091908091908092,0.9061930196078432,51000000
Herbivores,0.8091908091908092,0.9061963846153847,52000000
Herbivores,0.8091908091908092,0.9061983396226415,53000000
Herbivores,0.8091908091908092,0.9061944074074074,54000000
Herbivores,0.8091908091908092,0.9061964363636363,55000000
Herbivores,0.8091908091908092,0.9061951607142857,56000000
Herbivores,0.8091908091908092,0.9061993508771929,57000000
Herbivores,0.8091908091908092,0.9062074827586207,58000000
Herbivores,0.8091908091908092,0.9062050338983051,59000000
Herbivores,0.8091908091908092,0.9062073666666667,60000000
Herbivores,0.8091908091908092,0.9062025573770491,61000000
Herbivores,0.8091908091908092,0.9062008387096774,62000000
Herbivores,0.8091908091908092,0.9062094920634921,63000000
Herbivores,0.8091908091908092,0.9062044375,64000000
Herbivores,0.8091908091908092,0.9061970153846154,65000000
Herbivores,0.8091908091908092,0.9061910909090909,66000000
Herbivores,0.8091908091908092,0.906182328358209,67000000
Herbivores,0.8091908091908092,0.9061829264705883,68000000
Herbivores,0.8091908091908092,0.9061835362318841,69000000
Herbivores,0.8091908091908092,0.9061851714285715,70000000
Herbivores,0.8091908091908092,0.906193676056338,71000000
Herbivores,0.8091908091908092,0.9061965833333333,72000000
Herbivores,0.8091908091908092,0.9061988219178082,73000000
Herbivores,0.8091908091908092,0.9061916486486487,74000000
Herbivores,0.8091908091908092,0.90619708,75000000
Herbivores,0.8091908091908092,0.9061912105263158,76000000
Herbivores,0.8091908091908092,0.9061923896103896,77000000
Herbivores,0.8091908091908092,0.9061924871794872,78000000
Herbivores,0.8091908091908092,0.9061935316455696,79000000
Herbivores,0.8091908091908092,0.906196425,80000000
Herbivores,0.8091908091908092,0.9061979135802469,81000000
Herbivores,0.8091908091908092,0.9062024634146342,82000000
Herbivores,0.8091908091908092,0.906197843373494,83000000
Herbivores,0.8091908091908092,0.9061975357142857,84000000
Herbivores,0.8091908091908092,0.9062049411764705,85000000
Herbivores,0.8091908091908092,0.906205034883721,86000000
Herbivores,0.8091908091908092,0.9062137931034483,87000000
Herbivores,0.8091908091908092,0.9062163409090909,88000000
Herbivores,0.8091908091908092,0.9062129775280899,89000000
Herbivores,0.8091908091908092,0.9062122777777778,90000000
Herbivores,0.8091908091908092,0.9062091868131869,91000000
Herbivores,0.8091908091908092,0.9062061195652173,92000000
Herbivores,0.8091908091908092,0.906209440860215,93000000
Herbivores,0.8091908091908092,0.9062091914893617,94000000
Herbivores,0.8091908091908092,0.9062126,95000000
Herbivores,0.8091908091908092,0.9062187916666666,96000000
Herbivores,0.8091908091908092,0.9062142577319587,97000000
Herbivores,0.8091908091908092,0.9062122755102041,98000000
Herbivores,0.8091908091908092,0.9062118585858586,99000000
Herbivores,0.8091908091908092,0.90621569,100000000
