Primary_Producers,0.8196822117276664,0.67503,1000000
Primary_Producers,0.8196822117276664,0.6751285,2000000
Primary_Producers,0.8196822117276664,0.674942,3000000
Primary_Producers,0.8196822117276664,0.6750235,4000000
Primary_Producers,0.8196822117276664,0.6748764,5000000
Primary_Producers,0.8196822117276664,0.6747626666666666,6000000
Primary_Producers,0.8196822117276664,0.6747148571428572,7000000
Primary_Producers,0.8196822117276664,0.674760125,8000000
Primary_Producers,0.8196822117276664,0.6747145555555556,9000000
Primary_Producers,0.8196822117276664,0.6746708,10000000
Primary_Producers,0.8196822117276664,0.6746805454545455,11000000
Primary_Producers,0.8196822117276664,0.674717,12000000
Primary_Producers,0.8196822117276664,0.6747580769230769,13000000
Primary_Producers,0.8196822117276664,0.6747694285714285,14000000
Primary_Producers,0.8196822117276664,0.6747370666666667,15000000
Primary_Producers,0.8196822117276664,0.6747598125,16000000
Primary_Producers,0.8196822117276664,0.6747956470588236,17000000
Primary_Producers,0.8196822117276664,0.6747806666666667,18000000
Primary_Producers,0.8196822117276664,0.6747418421052631,19000000
Primary_Producers,0.8196822117276664,0.67476105,20000000
Primary_Producers,0.8196822117276664,0.674778619047619,21000000
Primary_Producers,0.8196822117276664,0.6747917727272728,22000000
Primary_Producers,0.8196822117276664,0.674803,23000000
Primary_Producers,0.8196822117276664,0.6748215833333333,24000000
Primary_Producers,0.8196822117276664,0.67479236,25000000
Primary_Producers,0.8196822117276664,0.6748045769230769,26000000
Primary_Producers,0.8196822117276664,0.6747935555555555,27000000
Primary_Producers,0.8196822117276664,0.67478575,28000000
Primary_Producers,0.8196822117276664,0.6747900344827586,29000000
Primary_Producers,0.8196822117276664,0.6747801,30000000
Primary_Producers,0.8196822117276664,0.6747776129032258,31000000
Primary_Producers,0.8196822117276664,0.67480328125,32000000
Primary_Producers,0.8196822117276664,0.674795,33000000
Primary_Producers,0.8196822117276664,0.6747921176470588,34000000
Primary_Producers,0.8196822117276664,0.6747865714285715,35000000
Primary_Producers,0.8196822117276664,0.674807,36000000
Primary_Producers,0.8196822117276664,0.6747964324324325,37000000
Primary_Producers,0.8196822117276664,0.6747898421052632,38000000
Primary_Producers,0.8196822117276664,0.6747918461538461,39000000
Primary_Producers,0.8196822117276664,0.674776625,40000000
Primary_Producers,0.8196822117276664,0.6747648292682927,41000000
Primary_Producers,0.8196822117276664,0.6747706428571428,42000000
Primary_Producers,0.8196822117276664,0.674778,43000000
Primary_Producers,0.8196822117276664,0.6747824318181819,44000000
Primary_Producers,0.8196822117276664,0.6747757333333333,45000000
Primary_Producers,0.8196822117276664,0.6747814782608695,46000000
Primary_Producers,0.8196822117276664,0.6747680425531914,47000000
Primary_Producers,0.8196822117276664,0.6747664791666667,48000000
Primary_Producers,0.8196822117276664,0.6747588163265306,49000000
Primary_Producers,0.8196822117276664,0.67476346,50000000
Primary_Producers,0.8196822117276664,0.6747600784313725,51000000
Primary_Producers,0.8196822117276664,0.674774423076923,52000000
Primary_Producers,0.8196822117276664,0.6747933962264151,53000000
Primary_Producers,0.8196822117276664,0.6748077222222222,54000000
Primary_Producers,0.8196822117276664,0.6748172545454545,55000000
Primary_Producers,0.8196822117276664,0.6748190535714286,56000000
Primary_Producers,0.8196822117276664,0.6748207368421053,57000000
Primary_Producers,0.8196822117276664,0.6748298965517241,58000000
Primary_Producers,0.8196822117276664,0.6748321525423728,59000000
Primary_Producers,0.8196822117276664,0.6748467666666667,60000000
Primary_Producers,0.8196822117276664,0.6748376721311475,61000000
Primary_Producers,0.8196822117276664,0.674820370967742,62000000
Primary_Producers,0.8196822117276664,0.6748204603174603,63000000
Primary_Producers,0.8196822117276664,0.67482446875,64000000
Primary_Producers,0.8196822117276664,0.6748169384615385,65000000
Primary_Producers,0.8196822117276664,0.6748196818181819,66000000
Primary_Producers,0.8196822117276664,0.6748207761194029,67000000
Primary_Producers,0.8196822117276664,0.6748186911764706,68000000
Primary_Producers,0.8196822117276664,0.6748154492753623,69000000
Primary_Producers,0.8196822117276664,0.6748311857142857,70000000
Primary_Producers,0.8196822117276664,0.6748362816901409,71000000
Primary_Producers,0.8196822117276664,0.6748277638888889,72000000
Primary_Producers,0.8196822117276664,0.6748240273972603,73000000
Primary_Producers,0.8196822117276664,0.674822972972973,74000000
Primary_Producers,0.8196822117276664,0.6748054666666666,75000000
Primary_Producers,0.8196822117276664,0.6748106578947368,76000000
Primary_Producers,0.8196822117276664,0.6748012467532467,77000000
Primary_Producers,0.8196822117276664,0.6747930128205128,78000000
Primary_Producers,0.8196822117276664,0.6748034936708861,79000000
Primary_Producers,0.8196822117276664,0.6748022625,80000000
Primary_Producers,0.8196822117276664,0.6747972222222223,81000000
Primary_Producers,0.8196822117276664,0.674795231707317,82000000
Primary_Producers,0.8196822117276664,0.6747937831325301,83000000
Primary_Producers,0.8196822117276664,0.6747918333333334,84000000
Primary_Producers,0.8196822117276664,0.6747944588235294,85000000
Primary_Producers,0.8196822117276664,0.6747937441860465,86000000
Primary_Producers,0.8196822117276664,0.6747960459770115,87000000
Primary_Producers,0.8196822117276664,0.6748049204545454,88000000
Primary_Producers,0.8196822117276664,0.6748056067415731,89000000
Primary_Producers,0.8196822117276664,0.6748141888888889,90000000
Primary_Producers,0.8196822117276664,0.6748168681318681,91000000
Primary_Producers,0.8196822117276664,0.6748197826086957,92000000
Primary_Producers,0.8196822117276664,0.6748217419354838,93000000
Primary_Producers,0.8196822117276664,0.6748253510638298,94000000
Primary_Producers,0.8196822117276664,0.6748284736842105,95000000
Primary_Producers,0.8196822117276664,0.67482940625,96000000
Primary_Producers,0.8196822117276664,0.6748292164948454,97000000
Primary_Producers,0.8196822117276664,0.6748261734693878,98000000
Primary_Producers,0.8196822117276664,0.6748242828282828,99000000
Primary_Producers,0.8196822117276664,0.67482544,100000000
