Herbivores,0.8962247585601405,0.451424,1000000
Herbivores,0.8962247585601405,0.4517435,2000000
Herbivores,0.8962247585601405,0.45184033333333334,3000000
Herbivores,0.8962247585601405,0.45168975,4000000
Herbivores,0.8962247585601405,0.4516988,5000000
Herbivores,0.8962247585601405,0.45166083333333334,6000000
Herbivores,0.8962247585601405,0.45165942857142855,7000000
Herbivores,0.8962247585601405,0.45169925,8000000
Herbivores,0.8962247585601405,0.4516894444444444,9000000
Herbivores,0.8962247585601405,0.4516915,10000000
Herbivores,0.8962247585601405,0.4516468181818182,11000000
Herbivores,0.8962247585601405,0.45161558333333335,12000000
Herbivores,0.8962247585601405,0.45157784615384616,13000000
Herbivores,0.8962247585601405,0.45151235714285715,14000000
Herbivores,0.8962247585601405,0.4515324,15000000
Herbivores,0.8962247585601405,0.45157175,16000000
Herbivores,0.8962247585601405,0.45159911764705885,17000000
Herbivores,0.8962247585601405,0.4515982777777778,18000000
Herbivores,0.8962247585601405,0.45159547368421055,19000000
Herbivores,0.8962247585601405,0.45160365,20000000
Herbivores,0.8962247585601405,0.4515843333333333,21000000
Herbivores,0.8962247585601405,0.45157363636363634,22000000
Herbivores,0.8962247585601405,0.45157734782608694,23000000
Herbivores,0.8962247585601405,0.4515914583333333,24000000
Herbivores,0.8962247585601405,0.45160088,25000000
Herbivores,0.8962247585601405,0.4516136923076923,26000000
Herbivores,0.8962247585601405,0.4516362962962963,27000000
Herbivores,0.8962247585601405,0.45164664285714284,28000000
Herbivores,0.8962247585601405,0.4516481379310345,29000000
Herbivores,0.8962247585601405,0.45164156666666666,30000000
Herbivores,0.8962247585601405,0.4516605483870968,31000000
Herbivores,0.8962247585601405,0.4516661875,32000000
Herbivores,0.8962247585601405,0.45164354545454544,33000000
Herbivores,0.8962247585601405,0.45165832352941176,34000000
Herbivores,0.8962247585601405,0.45167045714285714,35000000
Herbivores,0.8962247585601405,0.4516716666666667,36000000
Herbivores,0.8962247585601405,0.45167818918918917,37000000
Herbivores,0.8962247585601405,0.45166326315789473,38000000
Herbivores,0.8962247585601405,0.4516771794871795,39000000
Herbivores,0.8962247585601405,0.4516803,40000000
Herbivores,0.8962247585601405,0.4516871951219512,41000000
Herbivores,0.8962247585601405,0.4516949761904762,42000000
Herbivores,0.8962247585601405,0.4516853023255814,43000000
Herbivores,0.8962247585601405,0.45166711363636364,44000000
Herbivores,0.8962247585601405,0.4516730666666667,45000000
Herbivores,0.8962247585601405,0.45167819565217393,46000000
Herbivores,0.8962247585601405,0.4516576170212766,47000000
Herbivores,0.8962247585601405,0.451656125,48000000
Herbivores,0.8962247585601405,0.4516571224489796,49000000
Herbivores,0.8962247585601405,0.4516416,50000000
Herbivores,0.8962247585601405,0.45165835294117646,51000000
Herbivores,0.8962247585601405,0.45166540384615383,52000000
Herbivores,0.8962247585601405,0.451678,53000000
Herbivores,0.8962247585601405,0.4516806296296296,54000000
Herbivores,0.8962247585601405,0.45168356363636364,55000000
Herbivores,0.8962247585601405,0.451687125,56000000
Herbivores,0.8962247585601405,0.4516861052631579,57000000
Herbivores,0.8962247585601405,0.45167394827586205,58000000
Herbivores,0.8962247585601405,0.4516766271186441,59000000
Herbivores,0.8962247585601405,0.45167751666666667,60000000
Herbivores,0.8962247585601405,0.4516859344262295,61000000
Herbivores,0.8962247585601405,0.4516855483870968,62000000
Herbivores,0.8962247585601405,0.4516993492063492,63000000
Herbivores,0.8962247585601405,0.45169253125,64000000
Herbivores,0.8962247585601405,0.45170406153846154,65000000
Herbivores,0.8962247585601405,0.4516977272727273,66000000
Herbivores,0.8962247585601405,0.4516922089552239,67000000
Herbivores,0.8962247585601405,0.45168176470588234,68000000
Herbivores,0.8962247585601405,0.45168359420289855,69000000
Herbivores,0.8962247585601405,0.45168738571428574,70000000
Herbivores,0.8962247585601405,0.45168257746478874,71000000
Herbivores,0.8962247585601405,0.4516853611111111,72000000
Herbivores,0.8962247585601405,0.45168910958904107,73000000
Herbivores,0.8962247585601405,0.4516975,74000000
Herbivores,0.8962247585601405,0.4517011733333333,75000000
Herbivores,0.8962247585601405,0.45169546052631576,76000000
Herbivores,0.8962247585601405,0.4517070779220779,77000000
Herbivores,0.8962247585601405,0.45171498717948716,78000000
Herbivores,0.8962247585601405,0.45171068354430377,79000000
Herbivores,0.8962247585601405,0.4517147625,80000000
Herbivores,0.8962247585601405,0.4517224691358025,81000000
Herbivores,0.8962247585601405,0.4517331829268293,82000000
Herbivores,0.8962247585601405,0.45173392771084336,83000000
Herbivores,0.8962247585601405,0.45173505952380955,84000000
Herbivores,0.8962247585601405,0.45174009411764704,85000000
Herbivores,0.8962247585601405,0.4517399534883721,86000000
Herbivores,0.8962247585601405,0.4517426436781609,87000000
Herbivores,0.8962247585601405,0.45174507954545456,88000000
Herbivores,0.8962247585601405,0.45174539325842694,89000000
Herbivores,0.8962247585601405,0.4517357,90000000
Herbivores,0.8962247585601405,0.4517301648351648,91000000
Herbivores,0.8962247585601405,0.45172802173913046,92000000
Herbivores,0.8962247585601405,0.45172483870967745,93000000
Herbivores,0.8962247585601405,0.4517291595744681,94000000
Herbivores,0.8962247585601405,0.45172634736842104,95000000
Herbivores,0.8962247585601405,0.45173325,96000000
Herbivores,0.8962247585601405,0.45173062886597937,97000000
Herbivores,0.8962247585601405,0.4517219387755102,98000000
Herbivores,0.8962247585601405,0.4517252323232323,99000000
Herbivores,0.8962247585601405,0.45172746,100000000
