Consumers,0.34736842105263155,0.661682,1000000
Consumers,0.34736842105263155,0.6615055,2000000
Consumers,0.34736842105263155,0.6611843333333334,3000000
Consumers,0.34736842105263155,0.661189,4000000
Consumers,0.34736842105263155,0.6612006,5000000
Consumers,0.34736842105263155,0.6611523333333333,6000000
Consumers,0.34736842105263155,0.6612472857142857,7000000
Consumers,0.34736842105263155,0.6612105,8000000
Consumers,0.34736842105263155,0.6611744444444444,9000000
Consumers,0.34736842105263155,0.6612179,10000000
Consumers,0.34736842105263155,0.6612275454545454,11000000
Consumers,0.34736842105263155,0.66121825,12000000
Consumers,0.34736842105263155,0.6612534615384615,13000000
Consumers,0.34736842105263155,0.6612852857142857,14000000
Consumers,0.34736842105263155,0.6612944,15000000
Consumers,0.34736842105263155,0.66128375,16000000
Consumers,0.34736842105263155,0.661263,17000000
Consumers,0.34736842105263155,0.6612895555555556,18000000
Consumers,0.34736842105263155,0.6612997894736842,19000000
Consumers,0.34736842105263155,0.6612704,20000000
Consumers,0.34736842105263155,0.6612561428571428,21000000
Consumers,0.34736842105263155,0.6612514545454545,22000000
Consumers,0.34736842105263155,0.6612444347826087,23000000
Consumers,0.34736842105263155,0.6612343333333334,24000000
Consumers,0.34736842105263155,0.66124412,25000000
Consumers,0.34736842105263155,0.6612405769230769,26000000
Consumers,0.34736842105263155,0.6612454814814814,27000000
Consumers,0.34736842105263155,0.6612348571428571,28000000
Consumers,0.34736842105263155,0.6612531379310345,29000000
Consumers,0.34736842105263155,0.6612500333333333,30000000
Consumers,0.34736842105263155,0.6612622258064517,31000000
Consumers,0.34736842105263155,0.66126059375,32000000
Consumers,0.34736842105263155,0.6612904242424242,33000000
Consumers,0.34736842105263155,0.6613056764705882,34000000
Consumers,0.34736842105263155,0.6613160285714286,35000000
Consumers,0.34736842105263155,0.6613070277777777,36000000
Consumers,0.34736842105263155,0.6612915405405405,37000000
Consumers,0.34736842105263155,0.6612945,38000000
Consumers,0.34736842105263155,0.6612760256410256,39000000
Consumers,0.34736842105263155,0.6612812,40000000
Consumers,0.34736842105263155,0.6612828536585366,41000000
Consumers,0.34736842105263155,0.6612749047619048,42000000
Consumers,0.34736842105263155,0.6612732325581395,43000000
Consumers,0.34736842105263155,0.6612789545454546,44000000
Consumers,0.34736842105263155,0.6612917555555555,45000000
Consumers,0.34736842105263155,0.6612918043478261,46000000
Consumers,0.34736842105263155,0.6612864468085107,47000000
Consumers,0.34736842105263155,0.6612885,48000000
Consumers,0.34736842105263155,0.6612787755102041,49000000
Consumers,0.34736842105263155,0.66127602,50000000
Consumers,0.34736842105263155,0.6612862745098039,51000000
Consumers,0.34736842105263155,0.6612828653846153,52000000
Consumers,0.34736842105263155,0.6612878490566038,53000000
Consumers,0.34736842105263155,0.6612751851851851,54000000
Consumers,0.34736842105263155,0.6612737636363636,55000000
Consumers,0.34736842105263155,0.6612772857142857,56000000
Consumers,0.34736842105263155,0.6612771228070176,57000000
Consumers,0.34736842105263155,0.6612688275862069,58000000
Consumers,0.34736842105263155,0.6612614237288136,59000000
Consumers,0.34736842105263155,0.6612686333333333,60000000
Consumers,0.34736842105263155,0.6612699016393443,61000000
Consumers,0.34736842105263155,0.6612815806451613,62000000
Consumers,0.34736842105263155,0.6612766507936508,63000000
Consumers,0.34736842105263155,0.66127171875,64000000
Consumers,0.34736842105263155,0.6612622461538461,65000000
Consumers,0.34736842105263155,0.6612825757575758,66000000
Consumers,0.34736842105263155,0.6612793432835821,67000000
Consumers,0.34736842105263155,0.6612787058823529,68000000
Consumers,0.34736842105263155,0.661275579710145,69000000
Consumers,0.34736842105263155,0.6612718857142857,70000000
Consumers,0.34736842105263155,0.6612668873239437,71000000
Consumers,0.34736842105263155,0.6612669305555555,72000000
Consumers,0.34736842105263155,0.6612667260273972,73000000
Consumers,0.34736842105263155,0.6612612432432432,74000000
Consumers,0.34736842105263155,0.66125868,75000000
Consumers,0.34736842105263155,0.6612528421052631,76000000
Consumers,0.34736842105263155,0.6612546883116883,77000000
Consumers,0.34736842105263155,0.661246,78000000
Consumers,0.34736842105263155,0.6612485569620253,79000000
Consumers,0.34736842105263155,0.6612499875,80000000
Consumers,0.34736842105263155,0.6612492592592593,81000000
Consumers,0.34736842105263155,0.6612489756097562,82000000
Consumers,0.34736842105263155,0.6612600481927711,83000000
Consumers,0.34736842105263155,0.6612615595238095,84000000
Consumers,0.34736842105263155,0.6612609647058824,85000000
Consumers,0.34736842105263155,0.6612561046511628,86000000
Consumers,0.34736842105263155,0.6612622183908046,87000000
Consumers,0.34736842105263155,0.6612650454545455,88000000
Consumers,0.34736842105263155,0.6612692247191011,89000000
Consumers,0.34736842105263155,0.6612701555555556,90000000
Consumers,0.34736842105263155,0.6612721428571429,91000000
Consumers,0.34736842105263155,0.6612689021739131,92000000
Consumers,0.34736842105263155,0.6612630752688172,93000000
Consumers,0.34736842105263155,0.6612560425531915,94000000
Consumers,0.34736842105263155,0.6612587263157895,95000000
Consumers,0.34736842105263155,0.6612551145833333,96000000
Consumers,0.34736842105263155,0.6612561340206186,97000000
Consumers,0.34736842105263155,0.6612511224489795,98000000
Consumers,0.34736842105263155,0.6612557777777778,99000000
Consumers,0.34736842105263155,0.66125797,100000000
