Herbivores,0.8585858585858586,0.853973,1000000
Herbivores,0.8585858585858586,0.85396,2000000
Herbivores,0.8585858585858586,0.8539216666666667,3000000
Herbivores,0.8585858585858586,0.8538955,4000000
Herbivores,0.8585858585858586,0.8539528,5000000
Herbivores,0.8585858585858586,0.8539646666666667,6000000
Herbivores,0.8585858585858586,0.8540164285714286,7000000
Herbivores,0.8585858585858586,0.854073875,8000000
Herbivores,0.8585858585858586,0.8541381111111112,9000000
Herbivores,0.8585858585858586,0.8541484,10000000
Herbivores,0.8585858585858586,0.8541300909090909,11000000
Herbivores,0.8585858585858586,0.8540681666666666,12000000
Herbivores,0.8585858585858586,0.8540588461538462,13000000
Herbivores,0.8585858585858586,0.8540321428571429,14000000
Herbivores,0.8585858585858586,0.8540250666666667,15000000
Herbivores,0.8585858585858586,0.854003125,16000000
Herbivores,0.8585858585858586,0.8540199411764706,17000000
Herbivores,0.8585858585858586,0.8540321111111111,18000000
Herbivores,0.8585858585858586,0.8540409473684211,19000000
Herbivores,0.8585858585858586,0.8539956,20000000
Herbivores,0.8585858585858586,0.853986,21000000
Herbivores,0.8585858585858586,0.8539752272727272,22000000
Herbivores,0.8585858585858586,0.8539665217391305,23000000
Herbivores,0.8585858585858586,0.8539651666666667,24000000
Herbivores,0.8585858585858586,0.85399656,25000000
Herbivores,0.8585858585858586,0.8539977307692308,26000000
Herbivores,0.8585858585858586,0.8540015185185185,27000000
Herbivores,0.8585858585858586,0.8540088928571429,28000000
Herbivores,0.8585858585858586,0.853990551724138,29000000
Herbivores,0.8585858585858586,0.8539735333333334,30000000
Herbivores,0.8585858585858586,0.8539676774193549,31000000
Herbivores,0.8585858585858586,0.85396753125,32000000
Herbivores,0.8585858585858586,0.8539693636363637,33000000
Herbivores,0.8585858585858586,0.8539750588235294,34000000
Herbivores,0.8585858585858586,0.8539663714285715,35000000
Herbivores,0.8585858585858586,0.8539665555555556,36000000
Herbivores,0.8585858585858586,0.8539749459459459,37000000
Herbivores,0.8585858585858586,0.8539827368421052,38000000
Herbivores,0.8585858585858586,0.8539972307692307,39000000
Herbivores,0.8585858585858586,0.8539922,40000000
Herbivores,0.8585858585858586,0.8539872926829268,41000000
Herbivores,0.8585858585858586,0.8540003095238096,42000000
Herbivores,0.8585858585858586,0.854001488372093,43000000
Herbivores,0.8585858585858586,0.8539948181818182,44000000
Herbivores,0.8585858585858586,0.8540018888888888,45000000
Herbivores,0.8585858585858586,0.8540033695652174,46000000
Herbivores,0.8585858585858586,0.8539947021276596,47000000
Herbivores,0.8585858585858586,0.8540002083333333,48000000
Herbivores,0.8585858585858586,0.8540083265306122,49000000
Herbivores,0.8585858585858586,0.85401074,50000000
Herbivores,0.8585858585858586,0.8540208431372549,51000000
Herbivores,0.8585858585858586,0.854022076923077,52000000
Herbivores,0.8585858585858586,0.8540236037735849,53000000
Herbivores,0.8585858585858586,0.8540262037037037,54000000
Herbivores,0.8585858585858586,0.8540307454545455,55000000
Herbivores,0.8585858585858586,0.8540296964285714,56000000
Herbivores,0.8585858585858586,0.8540308421052631,57000000
Herbivores,0.8585858585858586,0.8540391896551724,58000000
Herbivores,0.8585858585858586,0.8540392542372881,59000000
Herbivores,0.8585858585858586,0.8540402666666667,60000000
Herbivores,0.8585858585858586,0.8540414754098361,61000000
Herbivores,0.8585858585858586,0.8540377741935484,62000000
Herbivores,0.8585858585858586,0.8540396031746031,63000000
Herbivores,0.8585858585858586,0.854041109375,64000000
Herbivores,0.8585858585858586,0.8540343384615384,65000000
Herbivores,0.8585858585858586,0.854034196969697,66000000
Herbivores,0.8585858585858586,0.8540349253731343,67000000
Herbivores,0.8585858585858586,0.8540296323529412,68000000
Herbivores,0.8585858585858586,0.8540342173913044,69000000
Herbivores,0.8585858585858586,0.8540327714285715,70000000
Herbivores,0.8585858585858586,0.8540399577464789,71000000
Herbivores,0.8585858585858586,0.8540320555555555,72000000
Herbivores,0.8585858585858586,0.854037,73000000
Herbivores,0.8585858585858586,0.8540351486486486,74000000
Herbivores,0.8585858585858586,0.85403056,75000000
Herbivores,0.8585858585858586,0.8540233552631579,76000000
Herbivores,0.8585858585858586,0.8540203636363637,77000000
Herbivores,0.8585858585858586,0.8540191025641025,78000000
Herbivores,0.8585858585858586,0.854019,79000000
Herbivores,0.8585858585858586,0.854019875,80000000
Herbivores,0.8585858585858586,0.8540257407407408,81000000
Herbivores,0.8585858585858586,0.8540273414634146,82000000
Herbivores,0.8585858585858586,0.8540332771084337,83000000
Herbivores,0.8585858585858586,0.8540291547619048,84000000
Herbivores,0.8585858585858586,0.854032694117647,85000000
Herbivores,0.8585858585858586,0.8540277674418605,86000000
Herbivores,0.8585858585858586,0.854025275862069,87000000
Herbivores,0.8585858585858586,0.8540269659090909,88000000
Herbivores,0.8585858585858586,0.8540246853932584,89000000
Herbivores,0.8585858585858586,0.8540185222222222,90000000
Herbivores,0.8585858585858586,0.8540207252747253,91000000
Herbivores,0.8585858585858586,0.8540166521739131,92000000
Herbivores,0.8585858585858586,0.8540174193548387,93000000
Herbivores,0.8585858585858586,0.8540166063829787,94000000
Herbivores,0.8585858585858586,0.8540139473684211,95000000
Herbivores,0.8585858585858586,0.8540146041666666,96000000
Herbivores,0.8585858585858586,0.8540136597938144,97000000
Herbivores,0.8585858585858586,0.854016581632653,98000000
Herbivores,0.8585858585858586,0.854019797979798,99000000
Herbivores,0.8585858585858586,0.85401988,100000000
