Primary_Producers,0.7578187650360866,0.996538,1000000
Primary_Producers,0.7578187650360866,0.996568,2000000
Primary_Producers,0.7578187650360866,0.9966213333333334,3000000
Primary_Producers,0.7578187650360866,0.99661775,4000000
Primary_Producers,0.7578187650360866,0.9966286,5000000
Primary_Producers,0.7578187650360866,0.9966295,6000000
Primary_Producers,0.7578187650360866,0.9966395714285714,7000000
Primary_Producers,0.7578187650360866,0.996626125,8000000
Primary_Producers,0.7578187650360866,0.9966328888888889,9000000
Primary_Producers,0.7578187650360866,0.9966352,10000000
Primary_Producers,0.7578187650360866,0.9966310909090909,11000000
Primary_Producers,0.7578187650360866,0.9966426666666667,12000000
Primary_Producers,0.7578187650360866,0.9966411538461538,13000000
Primary_Producers,0.7578187650360866,0.996635,14000000
Primary_Producers,0.7578187650360866,0.9966274666666667,15000000
Primary_Producers,0.7578187650360866,0.996626375,16000000
Primary_Producers,0.7578187650360866,0.9966279411764706,17000000
Primary_Producers,0.7578187650360866,0.9966337222222222,18000000
Primary_Producers,0.7578187650360866,0.9966303157894737,19000000
Primary_Producers,0.7578187650360866,0.9966308,20000000
Primary_Producers,0.7578187650360866,0.9966259523809524,21000000
Primary_Producers,0.7578187650360866,0.9966206818181819,22000000
Primary_Producers,0.7578187650360866,0.9966139565217391,23000000
Primary_Producers,0.7578187650360866,0.9966128333333333,24000000
Primary_Producers,0.7578187650360866,0.99660772,25000000
Primary_Producers,0.7578187650360866,0.9966092692307692,26000000
Primary_Producers,0.7578187650360866,0.9966088888888889,27000000
Primary_Producers,0.7578187650360866,0.9966073928571428,28000000
Primary_Producers,0.7578187650360866,0.996609724137931,29000000
Primary_Producers,0.7578187650360866,0.9966103,30000000
Primary_Producers,0.7578187650360866,0.9966089677419355,31000000
Primary_Producers,0.7578187650360866,0.99660959375,32000000
Primary_Producers,0.7578187650360866,0.9966095454545455,33000000
Primary_Producers,0.7578187650360866,0.9966098529411764,34000000
Primary_Producers,0.7578187650360866,0.9966102285714286,35000000
Primary_Producers,0.7578187650360866,0.9966094444444444,36000000
Primary_Producers,0.7578187650360866,0.9966088108108108,37000000
Primary_Producers,0.7578187650360866,0.9966115789473684,38000000
Primary_Producers,0.7578187650360866,0.9966118461538461,39000000
Primary_Producers,0.7578187650360866,0.9966136,40000000
Primary_Producers,0.7578187650360866,0.9966159756097561,41000000
Primary_Producers,0.7578187650360866,0.9966138571428571,42000000
Primary_Producers,0.7578187650360866,0.9966158372093024,43000000
Primary_Producers,0.7578187650360866,0.9966130909090909,44000000
Primary_Producers,0.7578187650360866,0.9966157555555556,45000000
Primary_Producers,0.7578187650360866,0.9966158695652174,46000000
Primary_Producers,0.7578187650360866,0.9966177021276595,47000000
Primary_Producers,0.7578187650360866,0.9966180833333333,48000000
Primary_Producers,0.7578187650360866,0.9966188979591837,49000000
Primary_Producers,0.7578187650360866,0.99662114,50000000
Primary_Producers,0.7578187650360866,0.996620705882353,51000000
Primary_Producers,0.7578187650360866,0.9966211923076923,52000000
Primary_Producers,0.7578187650360866,0.9966205660377359,53000000
Primary_Producers,0.7578187650360866,0.9966208333333333,54000000
Primary_Producers,0.7578187650360866,0.9966215272727272,55000000
Primary_Producers,0.7578187650360866,0.9966218214285715,56000000
Primary_Producers,0.7578187650360866,0.9966218771929825,57000000
Primary_Producers,0.7578187650360866,0.996622275862069,58000000
Primary_Producers,0.7578187650360866,0.9966222711864406,59000000
Primary_Producers,0.7578187650360866,0.99662155,60000000
Primary_Producers,0.7578187650360866,0.9966206721311476,61000000
Primary_Producers,0.7578187650360866,0.9966221935483871,62000000
Primary_Producers,0.7578187650360866,0.9966216031746031,63000000
Primary_Producers,0.7578187650360866,0.99662153125,64000000
Primary_Producers,0.7578187650360866,0.9966225384615385,65000000
Primary_Producers,0.7578187650360866,0.9966222424242425,66000000
Primary_Producers,0.7578187650360866,0.9966212089552239,67000000
Primary_Producers,0.7578187650360866,0.9966205588235294,68000000
Primary_Producers,0.7578187650360866,0.9966199420289855,69000000
Primary_Producers,0.7578187650360866,0.9966190285714286,70000000
Primary_Producers,0.7578187650360866,0.9966189014084507,71000000
Primary_Producers,0.7578187650360866,0.9966183611111111,72000000
Primary_Producers,0.7578187650360866,0.9966176301369863,73000000
Primary_Producers,0.7578187650360866,0.9966176351351351,74000000
Primary_Producers,0.7578187650360866,0.9966171333333333,75000000
Primary_Producers,0.7578187650360866,0.9966168552631579,76000000
Primary_Producers,0.7578187650360866,0.9966173116883117,77000000
Primary_Producers,0.7578187650360866,0.9966160897435897,78000000
Primary_Producers,0.7578187650360866,0.9966151012658228,79000000
Primary_Producers,0.7578187650360866,0.9966161875,80000000
Primary_Producers,0.7578187650360866,0.996614987654321,81000000
Primary_Producers,0.7578187650360866,0.9966148414634146,82000000
Primary_Producers,0.7578187650360866,0.996615,83000000
Primary_Producers,0.7578187650360866,0.9966149047619047,84000000
Primary_Producers,0.7578187650360866,0.9966151882352942,85000000
Primary_Producers,0.7578187650360866,0.9966148488372093,86000000
Primary_Producers,0.7578187650360866,0.9966144942528735,87000000
Primary_Producers,0.7578187650360866,0.996614625,88000000
Primary_Producers,0.7578187650360866,0.9966137752808989,89000000
Primary_Producers,0.7578187650360866,0.9966138555555556,90000000
Primary_Producers,0.7578187650360866,0.9966146813186814,91000000
Primary_Producers,0.7578187650360866,0.9966140217391304,92000000
Primary_Producers,0.7578187650360866,0.9966136129032258,93000000
Primary_Producers,0.7578187650360866,0.9966141276595745,94000000
Primary_Producers,0.7578187650360866,0.9966133894736842,95000000
Primary_Producers,0.7578187650360866,0.9966131354166666,96000000
Primary_Producers,0.7578187650360866,0.9966121237113402,97000000
Primary_Producers,0.7578187650360866,0.9966116122448979,98000000
Primary_Producers,0.7578187650360866,0.9966116868686868,99000000
Primary_Producers,0.7578187650360866,0.99661109,100000000
