Herbivores,0.8785890073831009,0.047081,1000000
Herbivores,0.8785890073831009,0.0472425,2000000
Herbivores,0.8785890073831009,0.04725566666666667,3000000
Herbivores,0.8785890073831009,0.0472705,4000000
Herbivores,0.8785890073831009,0.0472618,5000000
Herbivores,0.8785890073831009,0.0472555,6000000
Herbivores,0.8785890073831009,0.04730028571428571,7000000
Herbivores,0.8785890073831009,0.047292875,8000000
Herbivores,0.8785890073831009,0.04727655555555556,9000000
Herbivores,0.8785890073831009,0.0472664,10000000
Herbivores,0.8785890073831009,0.047241454545454545,11000000
Herbivores,0.8785890073831009,0.047230666666666664,12000000
Herbivores,0.8785890073831009,0.047217615384615386,13000000
Herbivores,0.8785890073831009,0.047215214285714284,14000000
Herbivores,0.8785890073831009,0.04722113333333333,15000000
Herbivores,0.8785890073831009,0.0472275625,16000000
Herbivores,0.8785890073831009,0.04722405882352941,17000000
Herbivores,0.8785890073831009,0.04723488888888889,18000000
Herbivores,0.8785890073831009,0.04722847368421053,19000000
Herbivores,0.8785890073831009,0.04723875,20000000
Herbivores,0.8785890073831009,0.047226333333333335,21000000
Herbivores,0.8785890073831009,0.04722863636363636,22000000
Herbivores,0.8785890073831009,0.04724008695652174,23000000
Herbivores,0.8785890073831009,0.047242875,24000000
Herbivores,0.8785890073831009,0.04724096,25000000
Herbivores,0.8785890073831009,0.04722707692307692,26000000
Herbivores,0.8785890073831009,0.04722437037037037,27000000
Herbivores,0.8785890073831009,0.047225857142857146,28000000
Herbivores,0.8785890073831009,0.047228206896551723,29000000
Herbivores,0.8785890073831009,0.0472356,30000000
Herbivores,0.8785890073831009,0.04723187096774194,31000000
Herbivores,0.8785890073831009,0.047234875,32000000
Herbivores,0.8785890073831009,0.04724230303030303,33000000
Herbivores,0.8785890073831009,0.047242705882352944,34000000
Herbivores,0.8785890073831009,0.0472474,35000000
Herbivores,0.8785890073831009,0.04725072222222222,36000000
Herbivores,0.8785890073831009,0.04724535135135135,37000000
Herbivores,0.8785890073831009,0.047245473684210525,38000000
Herbivores,0.8785890073831009,0.047242564102564104,39000000
Herbivores,0.8785890073831009,0.047236475,40000000
Herbivores,0.8785890073831009,0.04723748780487805,41000000
Herbivores,0.8785890073831009,0.047237666666666664,42000000
Herbivores,0.8785890073831009,0.04722513953488372,43000000
Herbivores,0.8785890073831009,0.04721929545454545,44000000
Herbivores,0.8785890073831009,0.04721982222222222,45000000
Herbivores,0.8785890073831009,0.047225826086956524,46000000
Herbivores,0.8785890073831009,0.04722027659574468,47000000
Herbivores,0.8785890073831009,0.047215375,48000000
Herbivores,0.8785890073831009,0.0472069387755102,49000000
Herbivores,0.8785890073831009,0.0472031,50000000
Herbivores,0.8785890073831009,0.04720898039215686,51000000
Herbivores,0.8785890073831009,0.047206346153846154,52000000
Herbivores,0.8785890073831009,0.04720415094339623,53000000
Herbivores,0.8785890073831009,0.04720412962962963,54000000
Herbivores,0.8785890073831009,0.04720590909090909,55000000
Herbivores,0.8785890073831009,0.04721541071428571,56000000
Herbivores,0.8785890073831009,0.047219140350877195,57000000
Herbivores,0.8785890073831009,0.04722231034482759,58000000
Herbivores,0.8785890073831009,0.04722261016949152,59000000
Herbivores,0.8785890073831009,0.04722215,60000000
Herbivores,0.8785890073831009,0.04722211475409836,61000000
Herbivores,0.8785890073831009,0.04722158064516129,62000000
Herbivores,0.8785890073831009,0.04721795238095238,63000000
Herbivores,0.8785890073831009,0.04721653125,64000000
Herbivores,0.8785890073831009,0.047215953846153846,65000000
Herbivores,0.8785890073831009,0.04721974242424242,66000000
Herbivores,0.8785890073831009,0.047225597014925375,67000000
Herbivores,0.8785890073831009,0.047220220588235294,68000000
Herbivores,0.8785890073831009,0.047215782608695654,69000000
Herbivores,0.8785890073831009,0.0472141,70000000
Herbivores,0.8785890073831009,0.0472113661971831,71000000
Herbivores,0.8785890073831009,0.04720841666666667,72000000
Herbivores,0.8785890073831009,0.04720954794520548,73000000
Herbivores,0.8785890073831009,0.04720868918918919,74000000
Herbivores,0.8785890073831009,0.04720505333333333,75000000
Herbivores,0.8785890073831009,0.047203223684210524,76000000
Herbivores,0.8785890073831009,0.04720474025974026,77000000
Herbivores,0.8785890073831009,0.047202,78000000
Herbivores,0.8785890073831009,0.04719712658227848,79000000
Herbivores,0.8785890073831009,0.0471944625,80000000
Herbivores,0.8785890073831009,0.04719383950617284,81000000
Herbivores,0.8785890073831009,0.04719630487804878,82000000
Herbivores,0.8785890073831009,0.04719806024096385,83000000
Herbivores,0.8785890073831009,0.04719809523809524,84000000
Herbivores,0.8785890073831009,0.047199235294117646,85000000
Herbivores,0.8785890073831009,0.04719745348837209,86000000
Herbivores,0.8785890073831009,0.0471994367816092,87000000
Herbivores,0.8785890073831009,0.04719921590909091,88000000
Herbivores,0.8785890073831009,0.04719722471910112,89000000
Herbivores,0.8785890073831009,0.04719308888888889,90000000
Herbivores,0.8785890073831009,0.047194032967032964,91000000
Herbivores,0.8785890073831009,0.04719508695652174,92000000
Herbivores,0.8785890073831009,0.047193075268817206,93000000
Herbivores,0.8785890073831009,0.04719345744680851,94000000
Herbivores,0.8785890073831009,0.04719562105263158,95000000
Herbivores,0.8785890073831009,0.0471928125,96000000
Herbivores,0.8785890073831009,0.04719483505154639,97000000
Herbivores,0.8785890073831009,0.047195438775510204,98000000
Herbivores,0.8785890073831009,0.04719344444444445,99000000
Herbivores,0.8785890073831009,0.0471904,100000000
