Primary_Producers,0.9252855819697438,0.987467,1000000
Primary_Producers,0.9252855819697438,0.987514,2000000
Primary_Producers,0.9252855819697438,0.987484,3000000
Primary_Producers,0.9252855819697438,0.987434,4000000
Primary_Producers,0.9252855819697438,0.987403,5000000
Primary_Producers,0.9252855819697438,0.9873985,6000000
Primary_Producers,0.9252855819697438,0.987398,7000000
Primary_Producers,0.9252855819697438,0.987412375,8000000
Primary_Producers,0.9252855819697438,0.9874212222222222,9000000
Primary_Producers,0.9252855819697438,0.9874174,10000000
Primary_Producers,0.9252855819697438,0.9873979090909091,11000000
Primary_Producers,0.9252855819697438,0.9874034166666666,12000000
Primary_Producers,0.9252855819697438,0.9874066923076923,13000000
Primary_Producers,0.9252855819697438,0.9873991428571428,14000000
Primary_Producers,0.9252855819697438,0.9874007333333333,15000000
Primary_Producers,0.9252855819697438,0.9873925,16000000
Primary_Producers,0.9252855819697438,0.9873852941176471,17000000
Primary_Producers,0.9252855819697438,0.9873861111111111,18000000
Primary_Producers,0.9252855819697438,0.9873876842105264,19000000
Primary_Producers,0.9252855819697438,0.98737975,20000000
Primary_Producers,0.9252855819697438,0.987379380952381,21000000
Primary_Producers,0.9252855819697438,0.9873825454545454,22000000
Primary_Producers,0.9252855819697438,0.9873778695652173,23000000
Primary_Producers,0.9252855819697438,0.98737225,24000000
Primary_Producers,0.9252855819697438,0.987372,25000000
Primary_Producers,0.9252855819697438,0.9873688076923077,26000000
Primary_Producers,0.9252855819697438,0.9873681111111111,27000000
Primary_Producers,0.9252855819697438,0.9873701785714286,28000000
Primary_Producers,0.9252855819697438,0.9873721724137932,29000000
Primary_Producers,0.9252855819697438,0.9873739666666667,30000000
Primary_Producers,0.9252855819697438,0.9873807741935484,31000000
Primary_Producers,0.9252855819697438,0.98737678125,32000000
Primary_Producers,0.9252855819697438,0.9873793939393939,33000000
Primary_Producers,0.9252855819697438,0.9873776176470588,34000000
Primary_Producers,0.9252855819697438,0.987377,35000000
Primary_Producers,0.9252855819697438,0.9873804444444444,36000000
Primary_Producers,0.9252855819697438,0.9873794864864864,37000000
Primary_Producers,0.9252855819697438,0.9873783157894737,38000000
Primary_Producers,0.9252855819697438,0.9873797692307692,39000000
Primary_Producers,0.9252855819697438,0.9873775,40000000
Primary_Producers,0.9252855819697438,0.9873779268292683,41000000
Primary_Producers,0.9252855819697438,0.9873805952380953,42000000
Primary_Producers,0.9252855819697438,0.9873808604651163,43000000
Primary_Producers,0.9252855819697438,0.9873819090909091,44000000
Primary_Producers,0.9252855819697438,0.9873888666666667,45000000
Primary_Producers,0.9252855819697438,0.9873902608695653,46000000
Primary_Producers,0.9252855819697438,0.9873891276595744,47000000
Primary_Producers,0.9252855819697438,0.98738625,48000000
Primary_Producers,0.9252855819697438,0.9873863265306122,49000000
Primary_Producers,0.9252855819697438,0.98738914,50000000
Primary_Producers,0.9252855819697438,0.9873904509803921,51000000
Primary_Producers,0.9252855819697438,0.9873899423076923,52000000
Primary_Producers,0.9252855819697438,0.9873912641509434,53000000
Primary_Producers,0.9252855819697438,0.9873904444444445,54000000
Primary_Producers,0.9252855819697438,0.9873874181818182,55000000
Primary_Producers,0.9252855819697438,0.9873867321428571,56000000
Primary_Producers,0.9252855819697438,0.9873867368421053,57000000
Primary_Producers,0.9252855819697438,0.9873855862068965,58000000
Primary_Producers,0.9252855819697438,0.9873827118644067,59000000
Primary_Producers,0.9252855819697438,0.98738315,60000000
Primary_Producers,0.9252855819697438,0.9873830655737705,61000000
Primary_Producers,0.9252855819697438,0.9873782903225806,62000000
Primary_Producers,0.9252855819697438,0.987375253968254,63000000
Primary_Producers,0.9252855819697438,0.98737234375,64000000
Primary_Producers,0.9252855819697438,0.9873720769230769,65000000
Primary_Producers,0.9252855819697438,0.9873731818181818,66000000
Primary_Producers,0.9252855819697438,0.9873734776119403,67000000
Primary_Producers,0.9252855819697438,0.98737275,68000000
Primary_Producers,0.9252855819697438,0.9873707536231884,69000000
Primary_Producers,0.9252855819697438,0.9873707,70000000
Primary_Producers,0.9252855819697438,0.987366647887324,71000000
Primary_Producers,0.9252855819697438,0.9873670972222223,72000000
Primary_Producers,0.9252855819697438,0.9873678767123287,73000000
Primary_Producers,0.9252855819697438,0.9873681621621622,74000000
Primary_Producers,0.9252855819697438,0.9873668533333333,75000000
Primary_Producers,0.9252855819697438,0.9873689342105263,76000000
Primary_Producers,0.9252855819697438,0.9873702337662338,77000000
Primary_Producers,0.9252855819697438,0.987369858974359,78000000
Primary_Producers,0.9252855819697438,0.987370164556962,79000000
Primary_Producers,0.9252855819697438,0.9873707625,80000000
Primary_Producers,0.9252855819697438,0.9873724691358025,81000000
Primary_Producers,0.9252855819697438,0.9873729146341463,82000000
Primary_Producers,0.9252855819697438,0.9873716265060241,83000000
Primary_Producers,0.9252855819697438,0.9873721785714286,84000000
Primary_Producers,0.9252855819697438,0.987372494117647,85000000
Primary_Producers,0.9252855819697438,0.9873731279069767,86000000
Primary_Producers,0.9252855819697438,0.987373,87000000
Primary_Producers,0.9252855819697438,0.9873740795454545,88000000
Primary_Producers,0.9252855819697438,0.9873712359550562,89000000
Primary_Producers,0.9252855819697438,0.9873704333333333,90000000
Primary_Producers,0.9252855819697438,0.9873697142857143,91000000
Primary_Producers,0.9252855819697438,0.9873691086956522,92000000
Primary_Producers,0.9252855819697438,0.9873682258064516,93000000
Primary_Producers,0.9252855819697438,0.9873662340425532,94000000
Primary_Producers,0.9252855819697438,0.9873673368421053,95000000
Primary_Producers,0.9252855819697438,0.9873669479166667,96000000
Primary_Producers,0.9252855819697438,0.9873677731958763,97000000
Primary_Producers,0.9252855819697438,0.9873679489795918,98000000
Primary_Producers,0.9252855819697438,0.9873683535353536,99000000
Primary_Producers,0.9252855819697438,0.98736861,100000000
