Herbivores,0.9638746803069055,0.667364,1000000
Herbivores,0.9638746803069055,0.667232,2000000
Herbivores,0.9638746803069055,0.6674056666666667,3000000
Herbivores,0.9638746803069055,0.6673115,4000000
Herbivores,0.9638746803069055,0.6676974,5000000
Herbivores,0.9638746803069055,0.6676458333333334,6000000
Herbivores,0.9638746803069055,0.6676144285714286,7000000
Herbivores,0.9638746803069055,0.66773375,8000000
Herbivores,0.9638746803069055,0.6678127777777778,9000000
Herbivores,0.9638746803069055,0.6677378,10000000
Herbivores,0.9638746803069055,0.6677631818181818,11000000
Herbivores,0.9638746803069055,0.6676865,12000000
Herbivores,0.9638746803069055,0.6677227692307692,13000000
Herbivores,0.9638746803069055,0.6677045,14000000
Herbivores,0.9638746803069055,0.6677222,15000000
Herbivores,0.9638746803069055,0.6676821875,16000000
Herbivores,0.9638746803069055,0.6676797058823529,17000000
Herbivores,0.9638746803069055,0.6676442222222222,18000000
Herbivores,0.9638746803069055,0.6676631052631579,19000000
Herbivores,0.9638746803069055,0.6676026,20000000
Herbivores,0.9638746803069055,0.6676158571428571,21000000
Herbivores,0.9638746803069055,0.6676137272727273,22000000
Herbivores,0.9638746803069055,0.6676075652173913,23000000
Herbivores,0.9638746803069055,0.6675939583333333,24000000
Herbivores,0.9638746803069055,0.66761464,25000000
Herbivores,0.9638746803069055,0.6676338076923077,26000000
Herbivores,0.9638746803069055,0.6676338518518519,27000000
Herbivores,0.9638746803069055,0.6676181785714286,28000000
Herbivores,0.9638746803069055,0.6675908620689656,29000000
Herbivores,0.9638746803069055,0.6675894333333333,30000000
Herbivores,0.9638746803069055,0.6676070322580645,31000000
Herbivores,0.9638746803069055,0.6676254375,32000000
Herbivores,0.9638746803069055,0.6676327272727273,33000000
Herbivores,0.9638746803069055,0.6676397352941177,34000000
Herbivores,0.9638746803069055,0.6676522857142857,35000000
Herbivores,0.9638746803069055,0.6676584722222222,36000000
Herbivores,0.9638746803069055,0.6676757837837838,37000000
Herbivores,0.9638746803069055,0.6676726842105263,38000000
Herbivores,0.9638746803069055,0.6676912051282051,39000000
Herbivores,0.9638746803069055,0.667717325,40000000
Herbivores,0.9638746803069055,0.6677225121951219,41000000
Herbivores,0.9638746803069055,0.66773,42000000
Herbivores,0.9638746803069055,0.6677312558139535,43000000
Herbivores,0.9638746803069055,0.6677258409090909,44000000
Herbivores,0.9638746803069055,0.6677343111111111,45000000
Herbivores,0.9638746803069055,0.6677312826086956,46000000
Herbivores,0.9638746803069055,0.6677131063829788,47000000
Herbivores,0.9638746803069055,0.6677245833333333,48000000
Herbivores,0.9638746803069055,0.6677356530612245,49000000
Herbivores,0.9638746803069055,0.66772804,50000000
Herbivores,0.9638746803069055,0.667744568627451,51000000
Herbivores,0.9638746803069055,0.6677384230769231,52000000
Herbivores,0.9638746803069055,0.6677409245283019,53000000
Herbivores,0.9638746803069055,0.6677459444444445,54000000
Herbivores,0.9638746803069055,0.667738709090909,55000000
Herbivores,0.9638746803069055,0.6677420535714286,56000000
Herbivores,0.9638746803069055,0.6677406666666666,57000000
Herbivores,0.9638746803069055,0.6677433275862069,58000000
Herbivores,0.9638746803069055,0.667751220338983,59000000
Herbivores,0.9638746803069055,0.6677597666666667,60000000
Herbivores,0.9638746803069055,0.6677577049180328,61000000
Herbivores,0.9638746803069055,0.6677623387096774,62000000
Herbivores,0.9638746803069055,0.6677768571428572,63000000
Herbivores,0.9638746803069055,0.667776390625,64000000
Herbivores,0.9638746803069055,0.6677846,65000000
Herbivores,0.9638746803069055,0.6677793787878787,66000000
Herbivores,0.9638746803069055,0.667772776119403,67000000
Herbivores,0.9638746803069055,0.6677665882352941,68000000
Herbivores,0.9638746803069055,0.6677643623188406,69000000
Herbivores,0.9638746803069055,0.6677571285714285,70000000
Herbivores,0.9638746803069055,0.6677695070422536,71000000
Herbivores,0.9638746803069055,0.66776825,72000000
Herbivores,0.9638746803069055,0.667766301369863,73000000
Herbivores,0.9638746803069055,0.667766472972973,74000000
Herbivores,0.9638746803069055,0.6677777733333333,75000000
Herbivores,0.9638746803069055,0.6677731315789474,76000000
Herbivores,0.9638746803069055,0.6677820779220779,77000000
Herbivores,0.9638746803069055,0.6677981666666667,78000000
Herbivores,0.9638746803069055,0.6677970253164557,79000000
Herbivores,0.9638746803069055,0.66779745,80000000
Herbivores,0.9638746803069055,0.6677998395061728,81000000
Herbivores,0.9638746803069055,0.6677995121951219,82000000
Herbivores,0.9638746803069055,0.667794734939759,83000000
Herbivores,0.9638746803069055,0.6678022023809523,84000000
Herbivores,0.9638746803069055,0.6678026117647059,85000000
Herbivores,0.9638746803069055,0.6678075697674418,86000000
Herbivores,0.9638746803069055,0.667816264367816,87000000
Herbivores,0.9638746803069055,0.6678200909090909,88000000
Herbivores,0.9638746803069055,0.6678157078651685,89000000
Herbivores,0.9638746803069055,0.6678134333333333,90000000
Herbivores,0.9638746803069055,0.6678080549450549,91000000
Herbivores,0.9638746803069055,0.6678046739130434,92000000
Herbivores,0.9638746803069055,0.6678109462365591,93000000
Herbivores,0.9638746803069055,0.6678130744680851,94000000
Herbivores,0.9638746803069055,0.667816452631579,95000000
Herbivores,0.9638746803069055,0.6678223229166667,96000000
Herbivores,0.9638746803069055,0.6678125257731958,97000000
Herbivores,0.9638746803069055,0.6678140714285714,98000000
Herbivores,0.9638746803069055,0.6678180202020202,99000000
Herbivores,0.9638746803069055,0.66782,100000000
