Parasites,0.4933333333333333,0.188765,1000000
Parasites,0.4933333333333333,0.1892045,2000000
Parasites,0.4933333333333333,0.18924666666666667,3000000
Parasites,0.4933333333333333,0.18913975,4000000
Parasites,0.4933333333333333,0.189097,5000000
Parasites,0.4933333333333333,0.18909333333333334,6000000
Parasites,0.4933333333333333,0.18905342857142857,7000000
Parasites,0.4933333333333333,0.189052875,8000000
Parasites,0.4933333333333333,0.18896944444444444,9000000
Parasites,0.4933333333333333,0.1888934,10000000
Parasites,0.4933333333333333,0.188942,11000000
Parasites,0.4933333333333333,0.18896041666666666,12000000
Parasites,0.4933333333333333,0.18899423076923078,13000000
Parasites,0.4933333333333333,0.18901514285714285,14000000
Parasites,0.4933333333333333,0.18902086666666668,15000000
Parasites,0.4933333333333333,0.1890405,16000000
Parasites,0.4933333333333333,0.18904035294117646,17000000
Parasites,0.4933333333333333,0.18908772222222223,18000000
Parasites,0.4933333333333333,0.18909857894736842,19000000
Parasites,0.4933333333333333,0.1890438,20000000
Parasites,0.4933333333333333,0.189038,21000000
Parasites,0.4933333333333333,0.18905163636363637,22000000
Parasites,0.4933333333333333,0.18905260869565219,23000000
Parasites,0.4933333333333333,0.1890385,24000000
Parasites,0.4933333333333333,0.18902796,25000000
Parasites,0.4933333333333333,0.18902330769230768,26000000
Parasites,0.4933333333333333,0.1890134074074074,27000000
Parasites,0.4933333333333333,0.1890199642857143,28000000
Parasites,0.4933333333333333,0.1890208620689655,29000000
Parasites,0.4933333333333333,0.18901066666666666,30000000
Parasites,0.4933333333333333,0.1890106129032258,31000000
Parasites,0.4933333333333333,0.18902153125,32000000
Parasites,0.4933333333333333,0.18904333333333334,33000000
Parasites,0.4933333333333333,0.18905023529411766,34000000
Parasites,0.4933333333333333,0.18905877142857141,35000000
Parasites,0.4933333333333333,0.18905669444444445,36000000
Parasites,0.4933333333333333,0.18903305405405404,37000000
Parasites,0.4933333333333333,0.1890592105263158,38000000
Parasites,0.4933333333333333,0.18904797435897436,39000000
Parasites,0.4933333333333333,0.189076375,40000000
Parasites,0.4933333333333333,0.18907995121951218,41000000
Parasites,0.4933333333333333,0.18908207142857142,42000000
Parasites,0.4933333333333333,0.18907367441860465,43000000
Parasites,0.4933333333333333,0.18907581818181818,44000000
Parasites,0.4933333333333333,0.18909144444444445,45000000
Parasites,0.4933333333333333,0.18909232608695653,46000000
Parasites,0.4933333333333333,0.1890853829787234,47000000
Parasites,0.4933333333333333,0.18908089583333335,48000000
Parasites,0.4933333333333333,0.1890695306122449,49000000
Parasites,0.4933333333333333,0.18907446,50000000
Parasites,0.4933333333333333,0.18907756862745098,51000000
Parasites,0.4933333333333333,0.18907586538461538,52000000
Parasites,0.4933333333333333,0.18908869811320755,53000000
Parasites,0.4933333333333333,0.18908962962962964,54000000
Parasites,0.4933333333333333,0.18908405454545454,55000000
Parasites,0.4933333333333333,0.18907066071428572,56000000
Parasites,0.4933333333333333,0.18906871929824562,57000000
Parasites,0.4933333333333333,0.18906494827586207,58000000
Parasites,0.4933333333333333,0.18905815254237288,59000000
Parasites,0.4933333333333333,0.18905871666666665,60000000
Parasites,0.4933333333333333,0.18905491803278687,61000000
Parasites,0.4933333333333333,0.18905335483870966,62000000
Parasites,0.4933333333333333,0.18904160317460317,63000000
Parasites,0.4933333333333333,0.189046671875,64000000
Parasites,0.4933333333333333,0.18903356923076922,65000000
Parasites,0.4933333333333333,0.18903295454545455,66000000
Parasites,0.4933333333333333,0.18903849253731345,67000000
Parasites,0.4933333333333333,0.18903504411764707,68000000
Parasites,0.4933333333333333,0.18903714492753623,69000000
Parasites,0.4933333333333333,0.18903144285714285,70000000
Parasites,0.4933333333333333,0.18903335211267605,71000000
Parasites,0.4933333333333333,0.18903648611111112,72000000
Parasites,0.4933333333333333,0.18903194520547945,73000000
Parasites,0.4933333333333333,0.1890251081081081,74000000
Parasites,0.4933333333333333,0.18902334666666668,75000000
Parasites,0.4933333333333333,0.18901348684210525,76000000
Parasites,0.4933333333333333,0.18901054545454546,77000000
Parasites,0.4933333333333333,0.18900347435897435,78000000
Parasites,0.4933333333333333,0.18900110126582279,79000000
Parasites,0.4933333333333333,0.18901,80000000
Parasites,0.4933333333333333,0.18901446913580247,81000000
Parasites,0.4933333333333333,0.18900990243902438,82000000
Parasites,0.4933333333333333,0.1890119156626506,83000000
Parasites,0.4933333333333333,0.18901166666666666,84000000
Parasites,0.4933333333333333,0.18900863529411766,85000000
Parasites,0.4933333333333333,0.1890047441860465,86000000
Parasites,0.4933333333333333,0.18901232183908045,87000000
Parasites,0.4933333333333333,0.18901230681818182,88000000
Parasites,0.4933333333333333,0.18901206741573034,89000000
Parasites,0.4933333333333333,0.18901228888888888,90000000
Parasites,0.4933333333333333,0.18901083516483516,91000000
Parasites,0.4933333333333333,0.1890032391304348,92000000
Parasites,0.4933333333333333,0.18900522580645163,93000000
Parasites,0.4933333333333333,0.18899925531914893,94000000
Parasites,0.4933333333333333,0.1890013052631579,95000000
Parasites,0.4933333333333333,0.18900319791666667,96000000
Parasites,0.4933333333333333,0.18900480412371135,97000000
Parasites,0.4933333333333333,0.18900603061224489,98000000
Parasites,0.4933333333333333,0.18900540404040403,99000000
Parasites,0.4933333333333333,0.1890113,100000000
