Primary_Producers,0.8781969309462916,0.965655,1000000
Primary_Producers,0.8781969309462916,0.965706,2000000
Primary_Producers,0.8781969309462916,0.965616,3000000
Primary_Producers,0.8781969309462916,0.965576,4000000
Primary_Producers,0.8781969309462916,0.9655118,5000000
Primary_Producers,0.8781969309462916,0.965506,6000000
Primary_Producers,0.8781969309462916,0.965506,7000000
Primary_Producers,0.8781969309462916,0.965491875,8000000
Primary_Producers,0.8781969309462916,0.9654631111111112,9000000
Primary_Producers,0.8781969309462916,0.9654392,10000000
Primary_Producers,0.8781969309462916,0.9654212727272727,11000000
Primary_Producers,0.8781969309462916,0.96542525,12000000
Primary_Producers,0.8781969309462916,0.9654066153846154,13000000
Primary_Producers,0.8781969309462916,0.9653973571428571,14000000
Primary_Producers,0.8781969309462916,0.9653862,15000000
Primary_Producers,0.8781969309462916,0.965411,16000000
Primary_Producers,0.8781969309462916,0.9654209411764706,17000000
Primary_Producers,0.8781969309462916,0.9654232222222222,18000000
Primary_Producers,0.8781969309462916,0.9654125263157894,19000000
Primary_Producers,0.8781969309462916,0.9654208,20000000
Primary_Producers,0.8781969309462916,0.9654239047619048,21000000
Primary_Producers,0.8781969309462916,0.9654111818181819,22000000
Primary_Producers,0.8781969309462916,0.965408347826087,23000000
Primary_Producers,0.8781969309462916,0.9654070833333334,24000000
Primary_Producers,0.8781969309462916,0.96541416,25000000
Primary_Producers,0.8781969309462916,0.9654125384615385,26000000
Primary_Producers,0.8781969309462916,0.9654102962962963,27000000
Primary_Producers,0.8781969309462916,0.9654086785714285,28000000
Primary_Producers,0.8781969309462916,0.9654031724137931,29000000
Primary_Producers,0.8781969309462916,0.9654030666666666,30000000
Primary_Producers,0.8781969309462916,0.9653998709677419,31000000
Primary_Producers,0.8781969309462916,0.96539896875,32000000
Primary_Producers,0.8781969309462916,0.965396,33000000
Primary_Producers,0.8781969309462916,0.9653874117647059,34000000
Primary_Producers,0.8781969309462916,0.9653809714285714,35000000
Primary_Producers,0.8781969309462916,0.9653781388888889,36000000
Primary_Producers,0.8781969309462916,0.965377945945946,37000000
Primary_Producers,0.8781969309462916,0.9653801842105263,38000000
Primary_Producers,0.8781969309462916,0.9653808717948718,39000000
Primary_Producers,0.8781969309462916,0.965382475,40000000
Primary_Producers,0.8781969309462916,0.9653773658536585,41000000
Primary_Producers,0.8781969309462916,0.9653819523809524,42000000
Primary_Producers,0.8781969309462916,0.9653830465116279,43000000
Primary_Producers,0.8781969309462916,0.9653811818181818,44000000
Primary_Producers,0.8781969309462916,0.9653794666666666,45000000
Primary_Producers,0.8781969309462916,0.9653722608695652,46000000
Primary_Producers,0.8781969309462916,0.9653712978723404,47000000
Primary_Producers,0.8781969309462916,0.9653649791666666,48000000
Primary_Producers,0.8781969309462916,0.9653626326530612,49000000
Primary_Producers,0.8781969309462916,0.9653634,50000000
Primary_Producers,0.8781969309462916,0.9653587647058823,51000000
Primary_Producers,0.8781969309462916,0.965361923076923,52000000
Primary_Producers,0.8781969309462916,0.9653648301886792,53000000
Primary_Producers,0.8781969309462916,0.9653685555555556,54000000
Primary_Producers,0.8781969309462916,0.9653674909090909,55000000
Primary_Producers,0.8781969309462916,0.9653621428571428,56000000
Primary_Producers,0.8781969309462916,0.9653621052631579,57000000
Primary_Producers,0.8781969309462916,0.9653642413793103,58000000
Primary_Producers,0.8781969309462916,0.965361779661017,59000000
Primary_Producers,0.8781969309462916,0.9653629166666666,60000000
Primary_Producers,0.8781969309462916,0.965363,61000000
Primary_Producers,0.8781969309462916,0.9653563225806452,62000000
Primary_Producers,0.8781969309462916,0.9653584285714286,63000000
Primary_Producers,0.8781969309462916,0.9653538125,64000000
Primary_Producers,0.8781969309462916,0.9653560153846154,65000000
Primary_Producers,0.8781969309462916,0.9653566818181818,66000000
Primary_Producers,0.8781969309462916,0.965352880597015,67000000
Primary_Producers,0.8781969309462916,0.9653539264705883,68000000
Primary_Producers,0.8781969309462916,0.9653522318840579,69000000
Primary_Producers,0.8781969309462916,0.9653522571428571,70000000
Primary_Producers,0.8781969309462916,0.9653518309859155,71000000
Primary_Producers,0.8781969309462916,0.9653522222222222,72000000
Primary_Producers,0.8781969309462916,0.9653578356164384,73000000
Primary_Producers,0.8781969309462916,0.9653587567567568,74000000
Primary_Producers,0.8781969309462916,0.9653606533333333,75000000
Primary_Producers,0.8781969309462916,0.9653636315789473,76000000
Primary_Producers,0.8781969309462916,0.9653637532467533,77000000
Primary_Producers,0.8781969309462916,0.9653633205128205,78000000
Primary_Producers,0.8781969309462916,0.9653695569620253,79000000
Primary_Producers,0.8781969309462916,0.965374425,80000000
Primary_Producers,0.8781969309462916,0.9653694320987655,81000000
Primary_Producers,0.8781969309462916,0.9653696829268292,82000000
Primary_Producers,0.8781969309462916,0.9653707228915662,83000000
Primary_Producers,0.8781969309462916,0.9653737261904762,84000000
Primary_Producers,0.8781969309462916,0.9653752117647059,85000000
Primary_Producers,0.8781969309462916,0.9653735348837209,86000000
Primary_Producers,0.8781969309462916,0.9653741379310344,87000000
Primary_Producers,0.8781969309462916,0.9653796818181818,88000000
Primary_Producers,0.8781969309462916,0.9653804494382022,89000000
Primary_Producers,0.8781969309462916,0.9653809444444444,90000000
Primary_Producers,0.8781969309462916,0.965380967032967,91000000
Primary_Producers,0.8781969309462916,0.965379304347826,92000000
Primary_Producers,0.8781969309462916,0.9653781827956989,93000000
Primary_Producers,0.8781969309462916,0.9653797021276596,94000000
Primary_Producers,0.8781969309462916,0.9653779263157894,95000000
Primary_Producers,0.8781969309462916,0.96537796875,96000000
Primary_Producers,0.8781969309462916,0.9653797010309279,97000000
Primary_Producers,0.8781969309462916,0.9653787346938776,98000000
Primary_Producers,0.8781969309462916,0.965377898989899,99000000
Primary_Producers,0.8781969309462916,0.96537848,100000000
