Primary_Producers,0.8285714285714286,0.398138,1000000
Primary_Producers,0.8285714285714286,0.3980245,2000000
Primary_Producers,0.8285714285714286,0.398255,3000000
Primary_Producers,0.8285714285714286,0.39834225,4000000
Primary_Producers,0.8285714285714286,0.3982672,5000000
Primary_Producers,0.8285714285714286,0.3982785,6000000
Primary_Producers,0.8285714285714286,0.3981051428571429,7000000
Primary_Producers,0.8285714285714286,0.398069,8000000
Primary_Producers,0.8285714285714286,0.3980648888888889,9000000
Primary_Producers,0.8285714285714286,0.3980527,10000000
Primary_Producers,0.8285714285714286,0.39808936363636366,11000000
Primary_Producers,0.8285714285714286,0.3981035,12000000
Primary_Producers,0.8285714285714286,0.3980525384615385,13000000
Primary_Producers,0.8285714285714286,0.39804635714285713,14000000
Primary_Producers,0.8285714285714286,0.3980352,15000000
Primary_Producers,0.8285714285714286,0.39804325,16000000
Primary_Producers,0.8285714285714286,0.3980569411764706,17000000
Primary_Producers,0.8285714285714286,0.3980700555555556,18000000
Primary_Producers,0.8285714285714286,0.39804526315789474,19000000
Primary_Producers,0.8285714285714286,0.3980479,20000000
Primary_Producers,0.8285714285714286,0.39804285714285714,21000000
Primary_Producers,0.8285714285714286,0.3980038181818182,22000000
Primary_Producers,0.8285714285714286,0.3979650434782609,23000000
Primary_Producers,0.8285714285714286,0.39797604166666667,24000000
Primary_Producers,0.8285714285714286,0.39797988,25000000
Primary_Producers,0.8285714285714286,0.39798796153846155,26000000
Primary_Producers,0.8285714285714286,0.397957,27000000
Primary_Producers,0.8285714285714286,0.39794382142857143,28000000
Primary_Producers,0.8285714285714286,0.3979270689655172,29000000
Primary_Producers,0.8285714285714286,0.39792476666666665,30000000
Primary_Producers,0.8285714285714286,0.39792748387096777,31000000
Primary_Producers,0.8285714285714286,0.39791346875,32000000
Primary_Producers,0.8285714285714286,0.3979129696969697,33000000
Primary_Producers,0.8285714285714286,0.39792179411764705,34000000
Primary_Producers,0.8285714285714286,0.3979118,35000000
Primary_Producers,0.8285714285714286,0.39790858333333334,36000000
Primary_Producers,0.8285714285714286,0.3979315945945946,37000000
Primary_Producers,0.8285714285714286,0.3979153157894737,38000000
Primary_Producers,0.8285714285714286,0.397895717948718,39000000
Primary_Producers,0.8285714285714286,0.3978984,40000000
Primary_Producers,0.8285714285714286,0.39789458536585365,41000000
Primary_Producers,0.8285714285714286,0.3978925952380952,42000000
Primary_Producers,0.8285714285714286,0.39790939534883724,43000000
Primary_Producers,0.8285714285714286,0.39790852272727273,44000000
Primary_Producers,0.8285714285714286,0.3979126666666667,45000000
Primary_Producers,0.8285714285714286,0.3979163913043478,46000000
Primary_Producers,0.8285714285714286,0.39792042553191487,47000000
Primary_Producers,0.8285714285714286,0.39791725,48000000
Primary_Producers,0.8285714285714286,0.3979122244897959,49000000
Primary_Producers,0.8285714285714286,0.397911,50000000
Primary_Producers,0.8285714285714286,0.3979098235294118,51000000
Primary_Producers,0.8285714285714286,0.3979169423076923,52000000
Primary_Producers,0.8285714285714286,0.39793318867924526,53000000
Primary_Producers,0.8285714285714286,0.3979315,54000000
Primary_Producers,0.8285714285714286,0.3979355272727273,55000000
Primary_Producers,0.8285714285714286,0.39796123214285717,56000000
Primary_Producers,0.8285714285714286,0.3979693684210526,57000000
Primary_Producers,0.8285714285714286,0.3979786896551724,58000000
Primary_Producers,0.8285714285714286,0.39798152542372883,59000000
Primary_Producers,0.8285714285714286,0.3979811166666667,60000000
Primary_Producers,0.8285714285714286,0.3979772131147541,61000000
Primary_Producers,0.8285714285714286,0.39795603225806453,62000000
Primary_Producers,0.8285714285714286,0.3979639365079365,63000000
Primary_Producers,0.8285714285714286,0.397961015625,64000000
Primary_Producers,0.8285714285714286,0.39796915384615383,65000000
Primary_Producers,0.8285714285714286,0.3979576818181818,66000000
Primary_Producers,0.8285714285714286,0.39796535820895523,67000000
Primary_Producers,0.8285714285714286,0.3979584705882353,68000000
Primary_Producers,0.8285714285714286,0.3979602028985507,69000000
Primary_Producers,0.8285714285714286,0.3979634857142857,70000000
Primary_Producers,0.8285714285714286,0.3979680563380282,71000000
Primary_Producers,0.8285714285714286,0.3979693611111111,72000000
Primary_Producers,0.8285714285714286,0.39797191780821917,73000000
Primary_Producers,0.8285714285714286,0.3979731081081081,74000000
Primary_Producers,0.8285714285714286,0.39798042666666666,75000000
Primary_Producers,0.8285714285714286,0.3979867368421053,76000000
Primary_Producers,0.8285714285714286,0.3979836883116883,77000000
Primary_Producers,0.8285714285714286,0.3979898974358974,78000000
Primary_Producers,0.8285714285714286,0.3979846835443038,79000000
Primary_Producers,0.8285714285714286,0.397993275,80000000
Primary_Producers,0.8285714285714286,0.39799071604938274,81000000
Primary_Producers,0.8285714285714286,0.3979983536585366,82000000
Primary_Producers,0.8285714285714286,0.3979923373493976,83000000
Primary_Producers,0.8285714285714286,0.39799579761904763,84000000
Primary_Producers,0.8285714285714286,0.39798977647058825,85000000
Primary_Producers,0.8285714285714286,0.39799697674418605,86000000
Primary_Producers,0.8285714285714286,0.3979852988505747,87000000
Primary_Producers,0.8285714285714286,0.3979844318181818,88000000
Primary_Producers,0.8285714285714286,0.3979887415730337,89000000
Primary_Producers,0.8285714285714286,0.3979828222222222,90000000
Primary_Producers,0.8285714285714286,0.39798945054945056,91000000
Primary_Producers,0.8285714285714286,0.39798908695652174,92000000
Primary_Producers,0.8285714285714286,0.3979898602150538,93000000
Primary_Producers,0.8285714285714286,0.3979824893617021,94000000
Primary_Producers,0.8285714285714286,0.3979814947368421,95000000
Primary_Producers,0.8285714285714286,0.3979844791666667,96000000
Primary_Producers,0.8285714285714286,0.3979829175257732,97000000
Primary_Producers,0.8285714285714286,0.3979743571428571,98000000
Primary_Producers,0.8285714285714286,0.39797632323232324,99000000
Primary_Producers,0.8285714285714286,0.39797349,100000000
