Herbivores,0.9465201465201465,0.27179,1000000
Herbivores,0.9465201465201465,0.271846,2000000
Herbivores,0.9465201465201465,0.27200833333333335,3000000
Herbivores,0.9465201465201465,0.27198575,4000000
Herbivores,0.9465201465201465,0.2721528,5000000
Herbivores,0.9465201465201465,0.27213766666666667,6000000
Herbivores,0.9465201465201465,0.272127,7000000
Herbivores,0.9465201465201465,0.272172375,8000000
Herbivores,0.9465201465201465,0.2722008888888889,9000000
Herbivores,0.9465201465201465,0.2722675,10000000
Herbivores,0.9465201465201465,0.27224163636363635,11000000
Herbivores,0.9465201465201465,0.272215,12000000
Herbivores,0.9465201465201465,0.27222815384615384,13000000
Herbivores,0.9465201465201465,0.2722637857142857,14000000
Herbivores,0.9465201465201465,0.272264,15000000
Herbivores,0.9465201465201465,0.272229875,16000000
Herbivores,0.9465201465201465,0.2722441176470588,17000000
Herbivores,0.9465201465201465,0.2722621666666667,18000000
Herbivores,0.9465201465201465,0.2723124736842105,19000000
Herbivores,0.9465201465201465,0.27227315,20000000
Herbivores,0.9465201465201465,0.2722394285714286,21000000
Herbivores,0.9465201465201465,0.2722737727272727,22000000
Herbivores,0.9465201465201465,0.27228465217391307,23000000
Herbivores,0.9465201465201465,0.27228379166666666,24000000
Herbivores,0.9465201465201465,0.27232616,25000000
Herbivores,0.9465201465201465,0.27234511538461537,26000000
Herbivores,0.9465201465201465,0.27234888888888886,27000000
Herbivores,0.9465201465201465,0.2723824285714286,28000000
Herbivores,0.9465201465201465,0.2723860344827586,29000000
Herbivores,0.9465201465201465,0.27238296666666667,30000000
Herbivores,0.9465201465201465,0.27240506451612906,31000000
Herbivores,0.9465201465201465,0.27242625,32000000
Herbivores,0.9465201465201465,0.2724044242424242,33000000
Herbivores,0.9465201465201465,0.2724147941176471,34000000
Herbivores,0.9465201465201465,0.27240934285714286,35000000
Herbivores,0.9465201465201465,0.27242419444444443,36000000
Herbivores,0.9465201465201465,0.2724233783783784,37000000
Herbivores,0.9465201465201465,0.27244213157894737,38000000
Herbivores,0.9465201465201465,0.2724360512820513,39000000
Herbivores,0.9465201465201465,0.272415125,40000000
Herbivores,0.9465201465201465,0.27242970731707317,41000000
Herbivores,0.9465201465201465,0.27245092857142855,42000000
Herbivores,0.9465201465201465,0.27245541860465117,43000000
Herbivores,0.9465201465201465,0.272448,44000000
Herbivores,0.9465201465201465,0.272445,45000000
Herbivores,0.9465201465201465,0.2724350217391304,46000000
Herbivores,0.9465201465201465,0.272437,47000000
Herbivores,0.9465201465201465,0.27244202083333335,48000000
Herbivores,0.9465201465201465,0.2724455306122449,49000000
Herbivores,0.9465201465201465,0.27244646,50000000
Herbivores,0.9465201465201465,0.27245633333333336,51000000
Herbivores,0.9465201465201465,0.2724569230769231,52000000
Herbivores,0.9465201465201465,0.2724503962264151,53000000
Herbivores,0.9465201465201465,0.2724578148148148,54000000
Herbivores,0.9465201465201465,0.2724658181818182,55000000
Herbivores,0.9465201465201465,0.272469375,56000000
Herbivores,0.9465201465201465,0.272471649122807,57000000
Herbivores,0.9465201465201465,0.27247106896551726,58000000
Herbivores,0.9465201465201465,0.2724655084745763,59000000
Herbivores,0.9465201465201465,0.27247631666666666,60000000
Herbivores,0.9465201465201465,0.27247981967213114,61000000
Herbivores,0.9465201465201465,0.272483064516129,62000000
Herbivores,0.9465201465201465,0.2724764126984127,63000000
Herbivores,0.9465201465201465,0.27247659375,64000000
Herbivores,0.9465201465201465,0.27247507692307693,65000000
Herbivores,0.9465201465201465,0.2724699696969697,66000000
Herbivores,0.9465201465201465,0.27246801492537315,67000000
Herbivores,0.9465201465201465,0.2724673235294118,68000000
Herbivores,0.9465201465201465,0.2724666376811594,69000000
Herbivores,0.9465201465201465,0.2724656714285714,70000000
Herbivores,0.9465201465201465,0.2724691971830986,71000000
Herbivores,0.9465201465201465,0.2724678194444444,72000000
Herbivores,0.9465201465201465,0.27246597260273975,73000000
Herbivores,0.9465201465201465,0.27247535135135137,74000000
Herbivores,0.9465201465201465,0.2724724,75000000
Herbivores,0.9465201465201465,0.27247065789473685,76000000
Herbivores,0.9465201465201465,0.27247146753246754,77000000
Herbivores,0.9465201465201465,0.2724845769230769,78000000
Herbivores,0.9465201465201465,0.2724810253164557,79000000
Herbivores,0.9465201465201465,0.27247485,80000000
Herbivores,0.9465201465201465,0.27247795061728397,81000000
Herbivores,0.9465201465201465,0.27248036585365853,82000000
Herbivores,0.9465201465201465,0.2724781927710843,83000000
Herbivores,0.9465201465201465,0.2724798095238095,84000000
Herbivores,0.9465201465201465,0.2724890705882353,85000000
Herbivores,0.9465201465201465,0.2724996395348837,86000000
Herbivores,0.9465201465201465,0.27251401149425286,87000000
Herbivores,0.9465201465201465,0.2725195795454545,88000000
Herbivores,0.9465201465201465,0.2725180449438202,89000000
Herbivores,0.9465201465201465,0.2725113888888889,90000000
Herbivores,0.9465201465201465,0.27250981318681317,91000000
Herbivores,0.9465201465201465,0.27251,92000000
Herbivores,0.9465201465201465,0.27250469892473117,93000000
Herbivores,0.9465201465201465,0.2725051914893617,94000000
Herbivores,0.9465201465201465,0.27250377894736844,95000000
Herbivores,0.9465201465201465,0.27250925,96000000
Herbivores,0.9465201465201465,0.27251050515463915,97000000
Herbivores,0.9465201465201465,0.27250136734693875,98000000
Herbivores,0.9465201465201465,0.2725081414141414,99000000
Herbivores,0.9465201465201465,0.27250269,100000000
