all,0.34736842105263155,0.661637,1000000
all,0.34736842105263155,0.661452,2000000
all,0.34736842105263155,0.661127,3000000
all,0.34736842105263155,0.66113375,4000000
all,0.34736842105263155,0.6611468,5000000
all,0.34736842105263155,0.6610978333333334,6000000
all,0.34736842105263155,0.6611924285714286,7000000
all,0.34736842105263155,0.661156375,8000000
all,0.34736842105263155,0.6611214444444444,9000000
all,0.34736842105263155,0.6611651,10000000
all,0.34736842105263155,0.6611737272727273,11000000
all,0.34736842105263155,0.6611645,12000000
all,0.34736842105263155,0.6611998461538462,13000000
all,0.34736842105263155,0.6612323571428571,14000000
all,0.34736842105263155,0.6612427333333334,15000000
all,0.34736842105263155,0.6612320625,16000000
all,0.34736842105263155,0.6612115294117648,17000000
all,0.34736842105263155,0.6612378888888889,18000000
all,0.34736842105263155,0.6612480526315789,19000000
all,0.34736842105263155,0.6612188,20000000
all,0.34736842105263155,0.6612046666666667,21000000
all,0.34736842105263155,0.6611997272727272,22000000
all,0.34736842105263155,0.6611924347826087,23000000
all,0.34736842105263155,0.661182,24000000
all,0.34736842105263155,0.66119176,25000000
all,0.34736842105263155,0.6611881538461538,26000000
all,0.34736842105263155,0.6611931851851852,27000000
all,0.34736842105263155,0.6611822142857143,28000000
all,0.34736842105263155,0.6612005517241379,29000000
all,0.34736842105263155,0.6611974666666667,30000000
all,0.34736842105263155,0.6612100645161291,31000000
all,0.34736842105263155,0.66120821875,32000000
all,0.34736842105263155,0.6612382424242425,33000000
all,0.34736842105263155,0.6612531764705882,34000000
all,0.34736842105263155,0.6612636,35000000
all,0.34736842105263155,0.6612548333333333,36000000
all,0.34736842105263155,0.6612395135135135,37000000
all,0.34736842105263155,0.6612424736842105,38000000
all,0.34736842105263155,0.6612239230769231,39000000
all,0.34736842105263155,0.661228875,40000000
all,0.34736842105263155,0.6612308048780488,41000000
all,0.34736842105263155,0.6612226428571428,42000000
all,0.34736842105263155,0.6612208604651163,43000000
all,0.34736842105263155,0.6612265454545454,44000000
all,0.34736842105263155,0.6612396444444445,45000000
all,0.34736842105263155,0.6612396739130435,46000000
all,0.34736842105263155,0.6612341276595745,47000000
all,0.34736842105263155,0.6612360625,48000000
all,0.34736842105263155,0.6612259591836734,49000000
all,0.34736842105263155,0.66122312,50000000
all,0.34736842105263155,0.6612333333333333,51000000
all,0.34736842105263155,0.6612297307692308,52000000
all,0.34736842105263155,0.6612346981132076,53000000
all,0.34736842105263155,0.6612222592592593,54000000
all,0.34736842105263155,0.6612210727272727,55000000
all,0.34736842105263155,0.6612247857142857,56000000
all,0.34736842105263155,0.6612245614035088,57000000
all,0.34736842105263155,0.6612162068965517,58000000
all,0.34736842105263155,0.6612088474576271,59000000
all,0.34736842105263155,0.66121615,60000000
all,0.34736842105263155,0.6612174918032787,61000000
all,0.34736842105263155,0.6612289838709677,62000000
all,0.34736842105263155,0.661224253968254,63000000
all,0.34736842105263155,0.6612195,64000000
all,0.34736842105263155,0.6612098,65000000
all,0.34736842105263155,0.66123,66000000
all,0.34736842105263155,0.6612269701492537,67000000
all,0.34736842105263155,0.6612263235294118,68000000
all,0.34736842105263155,0.6612231449275362,69000000
all,0.34736842105263155,0.6612194571428571,70000000
all,0.34736842105263155,0.6612144507042254,71000000
all,0.34736842105263155,0.6612145416666667,72000000
all,0.34736842105263155,0.6612142739726028,73000000
all,0.34736842105263155,0.6612088648648649,74000000
all,0.34736842105263155,0.6612063066666667,75000000
all,0.34736842105263155,0.6612005263157895,76000000
all,0.34736842105263155,0.6612022337662338,77000000
all,0.34736842105263155,0.6611934871794872,78000000
all,0.34736842105263155,0.6611960126582278,79000000
all,0.34736842105263155,0.6611975125,80000000
all,0.34736842105263155,0.6611968641975309,81000000
all,0.34736842105263155,0.6611966463414635,82000000
all,0.34736842105263155,0.6612076746987952,83000000
all,0.34736842105263155,0.6612092261904762,84000000
all,0.34736842105263155,0.6612086705882353,85000000
all,0.34736842105263155,0.6612038604651163,86000000
all,0.34736842105263155,0.66121,87000000
all,0.34736842105263155,0.6612129090909091,88000000
all,0.34736842105263155,0.6612170898876405,89000000
all,0.34736842105263155,0.6612179222222222,90000000
all,0.34736842105263155,0.6612198021978022,91000000
all,0.34736842105263155,0.6612166630434783,92000000
all,0.34736842105263155,0.6612109032258064,93000000
all,0.34736842105263155,0.6612038936170213,94000000
all,0.34736842105263155,0.661206705263158,95000000
all,0.34736842105263155,0.6612031354166666,96000000
all,0.34736842105263155,0.6612042268041237,97000000
all,0.34736842105263155,0.661199224489796,98000000
all,0.34736842105263155,0.6612038787878788,99000000
all,0.34736842105263155,0.66120607,100000000
