Herbivores,0.9325842696629213,0.026443,1000000
Herbivores,0.9325842696629213,0.026352,2000000
Herbivores,0.9325842696629213,0.026383333333333335,3000000
Herbivores,0.9325842696629213,0.02639125,4000000
Herbivores,0.9325842696629213,0.0263622,5000000
Herbivores,0.9325842696629213,0.026388333333333333,6000000
Herbivores,0.9325842696629213,0.026398714285714286,7000000
Herbivores,0.9325842696629213,0.026417875,8000000
Herbivores,0.9325842696629213,0.026428666666666666,9000000
Herbivores,0.9325842696629213,0.0264258,10000000
Herbivores,0.9325842696629213,0.026422,11000000
Herbivores,0.9325842696629213,0.02641775,12000000
Herbivores,0.9325842696629213,0.026402461538461538,13000000
Herbivores,0.9325842696629213,0.026385071428571428,14000000
Herbivores,0.9325842696629213,0.0264014,15000000
Herbivores,0.9325842696629213,0.026406125,16000000
Herbivores,0.9325842696629213,0.026392529411764707,17000000
Herbivores,0.9325842696629213,0.026396,18000000
Herbivores,0.9325842696629213,0.026404894736842106,19000000
Herbivores,0.9325842696629213,0.02640505,20000000
Herbivores,0.9325842696629213,0.026399714285714287,21000000
Herbivores,0.9325842696629213,0.02639490909090909,22000000
Herbivores,0.9325842696629213,0.02639004347826087,23000000
Herbivores,0.9325842696629213,0.026384083333333332,24000000
Herbivores,0.9325842696629213,0.0263868,25000000
Herbivores,0.9325842696629213,0.026381884615384616,26000000
Herbivores,0.9325842696629213,0.026384296296296295,27000000
Herbivores,0.9325842696629213,0.02638314285714286,28000000
Herbivores,0.9325842696629213,0.026390241379310345,29000000
Herbivores,0.9325842696629213,0.026389233333333335,30000000
Herbivores,0.9325842696629213,0.02639283870967742,31000000
Herbivores,0.9325842696629213,0.02639065625,32000000
Herbivores,0.9325842696629213,0.02640239393939394,33000000
Herbivores,0.9325842696629213,0.026400558823529412,34000000
Herbivores,0.9325842696629213,0.02639997142857143,35000000
Herbivores,0.9325842696629213,0.026401638888888888,36000000
Herbivores,0.9325842696629213,0.026398864864864865,37000000
Herbivores,0.9325842696629213,0.026401184210526316,38000000
Herbivores,0.9325842696629213,0.026406128205128204,39000000
Herbivores,0.9325842696629213,0.0264071,40000000
Herbivores,0.9325842696629213,0.026408756097560975,41000000
Herbivores,0.9325842696629213,0.02641097619047619,42000000
Herbivores,0.9325842696629213,0.026408093023255814,43000000
Herbivores,0.9325842696629213,0.026403863636363635,44000000
Herbivores,0.9325842696629213,0.026406755555555557,45000000
Herbivores,0.9325842696629213,0.026409869565217393,46000000
Herbivores,0.9325842696629213,0.026406851063829787,47000000
Herbivores,0.9325842696629213,0.026403895833333333,48000000
Herbivores,0.9325842696629213,0.026397469387755102,49000000
Herbivores,0.9325842696629213,0.02639656,50000000
Herbivores,0.9325842696629213,0.026398588235294118,51000000
Herbivores,0.9325842696629213,0.02640348076923077,52000000
Herbivores,0.9325842696629213,0.026404377358490567,53000000
Herbivores,0.9325842696629213,0.02640288888888889,54000000
Herbivores,0.9325842696629213,0.026400563636363637,55000000
Herbivores,0.9325842696629213,0.026399964285714287,56000000
Herbivores,0.9325842696629213,0.02639945614035088,57000000
Herbivores,0.9325842696629213,0.026399896551724138,58000000
Herbivores,0.9325842696629213,0.026399338983050847,59000000
Herbivores,0.9325842696629213,0.02640005,60000000
Herbivores,0.9325842696629213,0.026396426229508198,61000000
Herbivores,0.9325842696629213,0.02639543548387097,62000000
Herbivores,0.9325842696629213,0.026390666666666666,63000000
Herbivores,0.9325842696629213,0.026388421875,64000000
Herbivores,0.9325842696629213,0.026392,65000000
Herbivores,0.9325842696629213,0.026394181818181817,66000000
Herbivores,0.9325842696629213,0.026394597014925372,67000000
Herbivores,0.9325842696629213,0.026391867647058823,68000000
Herbivores,0.9325842696629213,0.026387115942028985,69000000
Herbivores,0.9325842696629213,0.0263873,70000000
Herbivores,0.9325842696629213,0.026385971830985917,71000000
Herbivores,0.9325842696629213,0.026383805555555556,72000000
Herbivores,0.9325842696629213,0.026384972602739726,73000000
Herbivores,0.9325842696629213,0.02638545945945946,74000000
Herbivores,0.9325842696629213,0.02638565333333333,75000000
Herbivores,0.9325842696629213,0.02638234210526316,76000000
Herbivores,0.9325842696629213,0.0263835974025974,77000000
Herbivores,0.9325842696629213,0.026384884615384616,78000000
Herbivores,0.9325842696629213,0.02638286075949367,79000000
Herbivores,0.9325842696629213,0.0263839875,80000000
Herbivores,0.9325842696629213,0.02638358024691358,81000000
Herbivores,0.9325842696629213,0.02638620731707317,82000000
Herbivores,0.9325842696629213,0.02638924096385542,83000000
Herbivores,0.9325842696629213,0.026392404761904763,84000000
Herbivores,0.9325842696629213,0.02639023529411765,85000000
Herbivores,0.9325842696629213,0.02638989534883721,86000000
Herbivores,0.9325842696629213,0.02638867816091954,87000000
Herbivores,0.9325842696629213,0.026391204545454544,88000000
Herbivores,0.9325842696629213,0.026390932584269663,89000000
Herbivores,0.9325842696629213,0.02638988888888889,90000000
Herbivores,0.9325842696629213,0.026391362637362636,91000000
Herbivores,0.9325842696629213,0.02639379347826087,92000000
Herbivores,0.9325842696629213,0.02639162365591398,93000000
Herbivores,0.9325842696629213,0.026392659574468087,94000000
Herbivores,0.9325842696629213,0.02639198947368421,95000000
Herbivores,0.9325842696629213,0.026392760416666668,96000000
Herbivores,0.9325842696629213,0.02639281443298969,97000000
Herbivores,0.9325842696629213,0.02639323469387755,98000000
Herbivores,0.9325842696629213,0.02639171717171717,99000000
Herbivores,0.9325842696629213,0.02639037,100000000
