Primary_Producers,0.54,0.953938,1000000
Primary_Producers,0.54,0.954095,2000000
Primary_Producers,0.54,0.9540886666666667,3000000
Primary_Producers,0.54,0.95403425,4000000
Primary_Producers,0.54,0.9540432,5000000
Primary_Producers,0.54,0.9540438333333333,6000000
Primary_Producers,0.54,0.9540458571428572,7000000
Primary_Producers,0.54,0.95402875,8000000
Primary_Producers,0.54,0.9540121111111111,9000000
Primary_Producers,0.54,0.954043,10000000
Primary_Producers,0.54,0.9540670909090909,11000000
Primary_Producers,0.54,0.9540583333333333,12000000
Primary_Producers,0.54,0.9540501538461539,13000000
Primary_Producers,0.54,0.9540534285714286,14000000
Primary_Producers,0.54,0.9540383333333333,15000000
Primary_Producers,0.54,0.954022875,16000000
Primary_Producers,0.54,0.9540441764705883,17000000
Primary_Producers,0.54,0.9540388333333333,18000000
Primary_Producers,0.54,0.9540387368421053,19000000
Primary_Producers,0.54,0.9540339,20000000
Primary_Producers,0.54,0.9540389523809524,21000000
Primary_Producers,0.54,0.9540192272727273,22000000
Primary_Producers,0.54,0.9540270869565217,23000000
Primary_Producers,0.54,0.954026875,24000000
Primary_Producers,0.54,0.95402368,25000000
Primary_Producers,0.54,0.9540182692307693,26000000
Primary_Producers,0.54,0.9540111481481481,27000000
Primary_Producers,0.54,0.9539992857142857,28000000
Primary_Producers,0.54,0.9540071034482759,29000000
Primary_Producers,0.54,0.9540035,30000000
Primary_Producers,0.54,0.954003064516129,31000000
Primary_Producers,0.54,0.9540046875,32000000
Primary_Producers,0.54,0.954009606060606,33000000
Primary_Producers,0.54,0.9540194705882353,34000000
Primary_Producers,0.54,0.9540124,35000000
Primary_Producers,0.54,0.9540155555555555,36000000
Primary_Producers,0.54,0.9540172972972973,37000000
Primary_Producers,0.54,0.9540248421052632,38000000
Primary_Producers,0.54,0.9540255128205128,39000000
Primary_Producers,0.54,0.95402985,40000000
Primary_Producers,0.54,0.9540338048780488,41000000
Primary_Producers,0.54,0.9540361428571429,42000000
Primary_Producers,0.54,0.9540372325581395,43000000
Primary_Producers,0.54,0.9540470681818182,44000000
Primary_Producers,0.54,0.9540394666666666,45000000
Primary_Producers,0.54,0.9540326304347826,46000000
Primary_Producers,0.54,0.9540366808510639,47000000
Primary_Producers,0.54,0.9540377916666667,48000000
Primary_Producers,0.54,0.9540415510204082,49000000
Primary_Producers,0.54,0.95404076,50000000
Primary_Producers,0.54,0.9540426666666667,51000000
Primary_Producers,0.54,0.9540419423076923,52000000
Primary_Producers,0.54,0.9540441886792452,53000000
Primary_Producers,0.54,0.954049462962963,54000000
Primary_Producers,0.54,0.9540602545454545,55000000
Primary_Producers,0.54,0.9540609285714285,56000000
Primary_Producers,0.54,0.9540609824561403,57000000
Primary_Producers,0.54,0.9540604655172413,58000000
Primary_Producers,0.54,0.9540640677966101,59000000
Primary_Producers,0.54,0.9540615,60000000
Primary_Producers,0.54,0.9540604918032787,61000000
Primary_Producers,0.54,0.9540560967741936,62000000
Primary_Producers,0.54,0.954055507936508,63000000
Primary_Producers,0.54,0.954050421875,64000000
Primary_Producers,0.54,0.9540521538461538,65000000
Primary_Producers,0.54,0.9540569848484849,66000000
Primary_Producers,0.54,0.9540565970149254,67000000
Primary_Producers,0.54,0.954055,68000000
Primary_Producers,0.54,0.954056347826087,69000000
Primary_Producers,0.54,0.9540567714285715,70000000
Primary_Producers,0.54,0.9540576901408451,71000000
Primary_Producers,0.54,0.9540576388888888,72000000
Primary_Producers,0.54,0.9540510684931507,73000000
Primary_Producers,0.54,0.954053445945946,74000000
Primary_Producers,0.54,0.9540517333333334,75000000
Primary_Producers,0.54,0.9540516578947369,76000000
Primary_Producers,0.54,0.9540511688311688,77000000
Primary_Producers,0.54,0.9540490256410257,78000000
Primary_Producers,0.54,0.9540474430379747,79000000
Primary_Producers,0.54,0.954047275,80000000
Primary_Producers,0.54,0.9540466049382716,81000000
Primary_Producers,0.54,0.9540457926829268,82000000
Primary_Producers,0.54,0.9540480722891567,83000000
Primary_Producers,0.54,0.9540465,84000000
Primary_Producers,0.54,0.9540479294117648,85000000
Primary_Producers,0.54,0.9540457558139535,86000000
Primary_Producers,0.54,0.954048735632184,87000000
Primary_Producers,0.54,0.9540486931818182,88000000
Primary_Producers,0.54,0.954049606741573,89000000
Primary_Producers,0.54,0.9540464666666667,90000000
Primary_Producers,0.54,0.9540517912087912,91000000
Primary_Producers,0.54,0.9540535760869565,92000000
Primary_Producers,0.54,0.9540553333333334,93000000
Primary_Producers,0.54,0.9540558723404255,94000000
Primary_Producers,0.54,0.9540540315789474,95000000
Primary_Producers,0.54,0.9540558229166667,96000000
Primary_Producers,0.54,0.9540568556701031,97000000
Primary_Producers,0.54,0.9540580714285715,98000000
Primary_Producers,0.54,0.954057101010101,99000000
Primary_Producers,0.54,0.95405421,100000000
