Primary_Producers,0.9325842696629213,0.026244,1000000
Primary_Producers,0.9325842696629213,0.0264245,2000000
Primary_Producers,0.9325842696629213,0.026413,3000000
Primary_Producers,0.9325842696629213,0.02634375,4000000
Primary_Producers,0.9325842696629213,0.0263986,5000000
Primary_Producers,0.9325842696629213,0.026390166666666666,6000000
Primary_Producers,0.9325842696629213,0.026418,7000000
Primary_Producers,0.9325842696629213,0.026416375,8000000
Primary_Producers,0.9325842696629213,0.026451111111111113,9000000
Primary_Producers,0.9325842696629213,0.0264403,10000000
Primary_Producers,0.9325842696629213,0.026437181818181818,11000000
Primary_Producers,0.9325842696629213,0.026423416666666668,12000000
Primary_Producers,0.9325842696629213,0.026400846153846153,13000000
Primary_Producers,0.9325842696629213,0.026405071428571427,14000000
Primary_Producers,0.9325842696629213,0.0264132,15000000
Primary_Producers,0.9325842696629213,0.0264326875,16000000
Primary_Producers,0.9325842696629213,0.026419823529411766,17000000
Primary_Producers,0.9325842696629213,0.026427055555555554,18000000
Primary_Producers,0.9325842696629213,0.026423526315789474,19000000
Primary_Producers,0.9325842696629213,0.02642165,20000000
Primary_Producers,0.9325842696629213,0.026429285714285714,21000000
Primary_Producers,0.9325842696629213,0.026415681818181817,22000000
Primary_Producers,0.9325842696629213,0.026418130434782607,23000000
Primary_Producers,0.9325842696629213,0.0264175,24000000
Primary_Producers,0.9325842696629213,0.0264204,25000000
Primary_Producers,0.9325842696629213,0.02641326923076923,26000000
Primary_Producers,0.9325842696629213,0.026413444444444444,27000000
Primary_Producers,0.9325842696629213,0.026404607142857143,28000000
Primary_Producers,0.9325842696629213,0.026398413793103447,29000000
Primary_Producers,0.9325842696629213,0.0264127,30000000
Primary_Producers,0.9325842696629213,0.026415322580645162,31000000
Primary_Producers,0.9325842696629213,0.02641140625,32000000
Primary_Producers,0.9325842696629213,0.02640787878787879,33000000
Primary_Producers,0.9325842696629213,0.026398941176470587,34000000
Primary_Producers,0.9325842696629213,0.026394285714285714,35000000
Primary_Producers,0.9325842696629213,0.02638877777777778,36000000
Primary_Producers,0.9325842696629213,0.026382891891891892,37000000
Primary_Producers,0.9325842696629213,0.026383052631578946,38000000
Primary_Producers,0.9325842696629213,0.02637851282051282,39000000
Primary_Producers,0.9325842696629213,0.026378075,40000000
Primary_Producers,0.9325842696629213,0.026374,41000000
Primary_Producers,0.9325842696629213,0.026373809523809525,42000000
Primary_Producers,0.9325842696629213,0.026373744186046513,43000000
Primary_Producers,0.9325842696629213,0.026366136363636362,44000000
Primary_Producers,0.9325842696629213,0.026367622222222224,45000000
Primary_Producers,0.9325842696629213,0.026369434782608697,46000000
Primary_Producers,0.9325842696629213,0.026369787234042555,47000000
Primary_Producers,0.9325842696629213,0.026370979166666666,48000000
Primary_Producers,0.9325842696629213,0.026371408163265306,49000000
Primary_Producers,0.9325842696629213,0.02637584,50000000
Primary_Producers,0.9325842696629213,0.026383470588235293,51000000
Primary_Producers,0.9325842696629213,0.02638301923076923,52000000
Primary_Producers,0.9325842696629213,0.026386075471698113,53000000
Primary_Producers,0.9325842696629213,0.026384555555555557,54000000
Primary_Producers,0.9325842696629213,0.02638510909090909,55000000
Primary_Producers,0.9325842696629213,0.02638655357142857,56000000
Primary_Producers,0.9325842696629213,0.026388298245614034,57000000
Primary_Producers,0.9325842696629213,0.026385724137931034,58000000
Primary_Producers,0.9325842696629213,0.02638671186440678,59000000
Primary_Producers,0.9325842696629213,0.02638295,60000000
Primary_Producers,0.9325842696629213,0.026384426229508196,61000000
Primary_Producers,0.9325842696629213,0.026386032258064514,62000000
Primary_Producers,0.9325842696629213,0.026388460317460317,63000000
Primary_Producers,0.9325842696629213,0.02638525,64000000
Primary_Producers,0.9325842696629213,0.026388984615384616,65000000
Primary_Producers,0.9325842696629213,0.026389,66000000
Primary_Producers,0.9325842696629213,0.02639102985074627,67000000
Primary_Producers,0.9325842696629213,0.02638945588235294,68000000
Primary_Producers,0.9325842696629213,0.02638831884057971,69000000
Primary_Producers,0.9325842696629213,0.02638782857142857,70000000
Primary_Producers,0.9325842696629213,0.026386929577464788,71000000
Primary_Producers,0.9325842696629213,0.026391708333333333,72000000
Primary_Producers,0.9325842696629213,0.026391205479452055,73000000
Primary_Producers,0.9325842696629213,0.026388486486486486,74000000
Primary_Producers,0.9325842696629213,0.026390826666666665,75000000
Primary_Producers,0.9325842696629213,0.026393223684210525,76000000
Primary_Producers,0.9325842696629213,0.026394896103896105,77000000
Primary_Producers,0.9325842696629213,0.0263970641025641,78000000
Primary_Producers,0.9325842696629213,0.026396493670886076,79000000
Primary_Producers,0.9325842696629213,0.026398175,80000000
Primary_Producers,0.9325842696629213,0.026399432098765434,81000000
Primary_Producers,0.9325842696629213,0.026397597560975608,82000000
Primary_Producers,0.9325842696629213,0.026395385542168675,83000000
Primary_Producers,0.9325842696629213,0.02639754761904762,84000000
Primary_Producers,0.9325842696629213,0.026395494117647057,85000000
Primary_Producers,0.9325842696629213,0.026394604651162792,86000000
Primary_Producers,0.9325842696629213,0.026391045977011494,87000000
Primary_Producers,0.9325842696629213,0.026394079545454547,88000000
Primary_Producers,0.9325842696629213,0.02639743820224719,89000000
Primary_Producers,0.9325842696629213,0.02639676666666667,90000000
Primary_Producers,0.9325842696629213,0.026396472527472528,91000000
Primary_Producers,0.9325842696629213,0.026399684782608696,92000000
Primary_Producers,0.9325842696629213,0.026398236559139785,93000000
Primary_Producers,0.9325842696629213,0.026396797872340425,94000000
Primary_Producers,0.9325842696629213,0.026397884210526315,95000000
Primary_Producers,0.9325842696629213,0.026400458333333335,96000000
Primary_Producers,0.9325842696629213,0.026399484536082474,97000000
Primary_Producers,0.9325842696629213,0.02640130612244898,98000000
Primary_Producers,0.9325842696629213,0.026401141414141415,99000000
Primary_Producers,0.9325842696629213,0.02640244,100000000
