Consumers,0.4914169787765293,0.940745,1000000
Consumers,0.4914169787765293,0.940783,2000000
Consumers,0.4914169787765293,0.94074,3000000
Consumers,0.4914169787765293,0.940761,4000000
Consumers,0.4914169787765293,0.9407728,5000000
Consumers,0.4914169787765293,0.9407345,6000000
Consumers,0.4914169787765293,0.9407644285714286,7000000
Consumers,0.4914169787765293,0.940773125,8000000
Consumers,0.4914169787765293,0.9407768888888889,9000000
Consumers,0.4914169787765293,0.9407478,10000000
Consumers,0.4914169787765293,0.9407236363636363,11000000
Consumers,0.4914169787765293,0.9407344166666667,12000000
Consumers,0.4914169787765293,0.9407124615384616,13000000
Consumers,0.4914169787765293,0.9407472142857143,14000000
Consumers,0.4914169787765293,0.9407515333333333,15000000
Consumers,0.4914169787765293,0.9407420625,16000000
Consumers,0.4914169787765293,0.9407221764705882,17000000
Consumers,0.4914169787765293,0.9407098333333334,18000000
Consumers,0.4914169787765293,0.9406975263157895,19000000
Consumers,0.4914169787765293,0.94070155,20000000
Consumers,0.4914169787765293,0.9406982380952381,21000000
Consumers,0.4914169787765293,0.940703590909091,22000000
Consumers,0.4914169787765293,0.9407108260869566,23000000
Consumers,0.4914169787765293,0.940714625,24000000
Consumers,0.4914169787765293,0.94070108,25000000
Consumers,0.4914169787765293,0.940710076923077,26000000
Consumers,0.4914169787765293,0.9407065555555556,27000000
Consumers,0.4914169787765293,0.94071025,28000000
Consumers,0.4914169787765293,0.9407153793103449,29000000
Consumers,0.4914169787765293,0.9407051,30000000
Consumers,0.4914169787765293,0.9407118387096775,31000000
Consumers,0.4914169787765293,0.9407035,32000000
Consumers,0.4914169787765293,0.9407045454545454,33000000
Consumers,0.4914169787765293,0.9407019705882353,34000000
Consumers,0.4914169787765293,0.9407126,35000000
Consumers,0.4914169787765293,0.9407112222222223,36000000
Consumers,0.4914169787765293,0.9407163513513513,37000000
Consumers,0.4914169787765293,0.940707447368421,38000000
Consumers,0.4914169787765293,0.940715358974359,39000000
Consumers,0.4914169787765293,0.94071895,40000000
Consumers,0.4914169787765293,0.9407117804878049,41000000
Consumers,0.4914169787765293,0.9407074047619047,42000000
Consumers,0.4914169787765293,0.9407146511627907,43000000
Consumers,0.4914169787765293,0.9407111363636363,44000000
Consumers,0.4914169787765293,0.9407117555555555,45000000
Consumers,0.4914169787765293,0.9407099130434783,46000000
Consumers,0.4914169787765293,0.9407096808510639,47000000
Consumers,0.4914169787765293,0.9407074583333334,48000000
Consumers,0.4914169787765293,0.9407062653061224,49000000
Consumers,0.4914169787765293,0.9407068,50000000
Consumers,0.4914169787765293,0.9407081764705882,51000000
Consumers,0.4914169787765293,0.9407116153846153,52000000
Consumers,0.4914169787765293,0.9407138490566038,53000000
Consumers,0.4914169787765293,0.9407119074074074,54000000
Consumers,0.4914169787765293,0.9407101090909091,55000000
Consumers,0.4914169787765293,0.9407124107142857,56000000
Consumers,0.4914169787765293,0.9407142807017543,57000000
Consumers,0.4914169787765293,0.9407190344827586,58000000
Consumers,0.4914169787765293,0.9407214237288135,59000000
Consumers,0.4914169787765293,0.9407185666666666,60000000
Consumers,0.4914169787765293,0.9407160163934426,61000000
Consumers,0.4914169787765293,0.940719629032258,62000000
Consumers,0.4914169787765293,0.9407228571428572,63000000
Consumers,0.4914169787765293,0.940722171875,64000000
Consumers,0.4914169787765293,0.9407218153846154,65000000
Consumers,0.4914169787765293,0.9407266666666667,66000000
Consumers,0.4914169787765293,0.9407266268656717,67000000
Consumers,0.4914169787765293,0.9407258235294118,68000000
Consumers,0.4914169787765293,0.9407229420289855,69000000
Consumers,0.4914169787765293,0.9407181714285714,70000000
Consumers,0.4914169787765293,0.9407212394366197,71000000
Consumers,0.4914169787765293,0.9407239583333333,72000000
Consumers,0.4914169787765293,0.9407266575342466,73000000
Consumers,0.4914169787765293,0.9407260405405405,74000000
Consumers,0.4914169787765293,0.94072436,75000000
Consumers,0.4914169787765293,0.9407272631578948,76000000
Consumers,0.4914169787765293,0.9407230909090909,77000000
Consumers,0.4914169787765293,0.9407224102564102,78000000
Consumers,0.4914169787765293,0.9407213797468355,79000000
Consumers,0.4914169787765293,0.9407191375,80000000
Consumers,0.4914169787765293,0.9407148518518519,81000000
Consumers,0.4914169787765293,0.9407142195121951,82000000
Consumers,0.4914169787765293,0.9407167831325302,83000000
Consumers,0.4914169787765293,0.9407144404761905,84000000
Consumers,0.4914169787765293,0.9407180705882353,85000000
Consumers,0.4914169787765293,0.9407171162790697,86000000
Consumers,0.4914169787765293,0.9407222298850575,87000000
Consumers,0.4914169787765293,0.9407199204545454,88000000
Consumers,0.4914169787765293,0.9407203483146067,89000000
Consumers,0.4914169787765293,0.9407146666666667,90000000
Consumers,0.4914169787765293,0.9407193296703297,91000000
Consumers,0.4914169787765293,0.9407262717391305,92000000
Consumers,0.4914169787765293,0.9407275376344086,93000000
Consumers,0.4914169787765293,0.9407323404255319,94000000
Consumers,0.4914169787765293,0.9407371368421052,95000000
Consumers,0.4914169787765293,0.9407365520833333,96000000
Consumers,0.4914169787765293,0.9407353505154639,97000000
Consumers,0.4914169787765293,0.9407332959183673,98000000
Consumers,0.4914169787765293,0.940731808080808,99000000
Consumers,0.4914169787765293,0.94072956,100000000
