Parasites,0.5794319600499376,0.99993,1000000
Parasites,0.5794319600499376,0.9999255,2000000
Parasites,0.5794319600499376,0.999926,3000000
Parasites,0.5794319600499376,0.999928,4000000
Parasites,0.5794319600499376,0.9999268,5000000
Parasites,0.5794319600499376,0.9999268333333333,6000000
Parasites,0.5794319600499376,0.9999272857142857,7000000
Parasites,0.5794319600499376,0.999927625,8000000
Parasites,0.5794319600499376,0.999928,9000000
Parasites,0.5794319600499376,0.9999291,10000000
Parasites,0.5794319600499376,0.9999295454545455,11000000
Parasites,0.5794319600499376,0.9999290833333333,12000000
Parasites,0.5794319600499376,0.9999284615384615,13000000
Parasites,0.5794319600499376,0.9999283571428571,14000000
Parasites,0.5794319600499376,0.9999277333333333,15000000
Parasites,0.5794319600499376,0.999928,16000000
Parasites,0.5794319600499376,0.9999291176470588,17000000
Parasites,0.5794319600499376,0.999929,18000000
Parasites,0.5794319600499376,0.9999293157894736,19000000
Parasites,0.5794319600499376,0.9999297,20000000
Parasites,0.5794319600499376,0.9999300952380953,21000000
Parasites,0.5794319600499376,0.9999301818181818,22000000
Parasites,0.5794319600499376,0.9999305652173913,23000000
Parasites,0.5794319600499376,0.99993075,24000000
Parasites,0.5794319600499376,0.99993044,25000000
Parasites,0.5794319600499376,0.9999298461538462,26000000
Parasites,0.5794319600499376,0.9999297777777778,27000000
Parasites,0.5794319600499376,0.9999298214285715,28000000
Parasites,0.5794319600499376,0.9999292413793104,29000000
Parasites,0.5794319600499376,0.9999292333333333,30000000
Parasites,0.5794319600499376,0.9999291612903226,31000000
Parasites,0.5794319600499376,0.99992928125,32000000
Parasites,0.5794319600499376,0.9999295454545455,33000000
Parasites,0.5794319600499376,0.9999292058823529,34000000
Parasites,0.5794319600499376,0.9999292285714285,35000000
Parasites,0.5794319600499376,0.9999294722222222,36000000
Parasites,0.5794319600499376,0.9999295945945946,37000000
Parasites,0.5794319600499376,0.9999294736842105,38000000
Parasites,0.5794319600499376,0.9999296666666667,39000000
Parasites,0.5794319600499376,0.9999296,40000000
Parasites,0.5794319600499376,0.9999297073170732,41000000
Parasites,0.5794319600499376,0.9999298333333333,42000000
Parasites,0.5794319600499376,0.9999299302325582,43000000
Parasites,0.5794319600499376,0.9999298863636363,44000000
Parasites,0.5794319600499376,0.9999298666666666,45000000
Parasites,0.5794319600499376,0.9999297608695652,46000000
Parasites,0.5794319600499376,0.9999299574468085,47000000
Parasites,0.5794319600499376,0.9999298333333333,48000000
Parasites,0.5794319600499376,0.9999299387755102,49000000
Parasites,0.5794319600499376,0.99992982,50000000
Parasites,0.5794319600499376,0.9999300196078431,51000000
Parasites,0.5794319600499376,0.9999300769230769,52000000
Parasites,0.5794319600499376,0.9999302075471698,53000000
Parasites,0.5794319600499376,0.9999303148148149,54000000
Parasites,0.5794319600499376,0.9999304,55000000
Parasites,0.5794319600499376,0.9999303928571428,56000000
Parasites,0.5794319600499376,0.999930350877193,57000000
Parasites,0.5794319600499376,0.9999305,58000000
Parasites,0.5794319600499376,0.9999306271186441,59000000
Parasites,0.5794319600499376,0.9999306666666666,60000000
Parasites,0.5794319600499376,0.9999305901639344,61000000
Parasites,0.5794319600499376,0.9999308548387097,62000000
Parasites,0.5794319600499376,0.9999309206349206,63000000
Parasites,0.5794319600499376,0.999931015625,64000000
Parasites,0.5794319600499376,0.9999310615384616,65000000
Parasites,0.5794319600499376,0.9999308484848485,66000000
Parasites,0.5794319600499376,0.9999309552238806,67000000
Parasites,0.5794319600499376,0.9999308676470589,68000000
Parasites,0.5794319600499376,0.9999309130434783,69000000
Parasites,0.5794319600499376,0.9999309,70000000
Parasites,0.5794319600499376,0.9999310281690141,71000000
Parasites,0.5794319600499376,0.9999310138888889,72000000
Parasites,0.5794319600499376,0.9999311095890411,73000000
Parasites,0.5794319600499376,0.9999311351351351,74000000
Parasites,0.5794319600499376,0.99993104,75000000
Parasites,0.5794319600499376,0.99993125,76000000
Parasites,0.5794319600499376,0.9999314675324675,77000000
Parasites,0.5794319600499376,0.999931641025641,78000000
Parasites,0.5794319600499376,0.9999315063291139,79000000
Parasites,0.5794319600499376,0.9999315375,80000000
Parasites,0.5794319600499376,0.9999315802469135,81000000
Parasites,0.5794319600499376,0.9999314268292683,82000000
Parasites,0.5794319600499376,0.9999316024096385,83000000
Parasites,0.5794319600499376,0.9999318095238096,84000000
Parasites,0.5794319600499376,0.999931894117647,85000000
Parasites,0.5794319600499376,0.9999317790697675,86000000
Parasites,0.5794319600499376,0.999931908045977,87000000
Parasites,0.5794319600499376,0.9999320340909091,88000000
Parasites,0.5794319600499376,0.9999319213483147,89000000
Parasites,0.5794319600499376,0.9999319333333333,90000000
Parasites,0.5794319600499376,0.9999318021978022,91000000
Parasites,0.5794319600499376,0.9999317282608695,92000000
Parasites,0.5794319600499376,0.9999317956989248,93000000
Parasites,0.5794319600499376,0.9999317872340425,94000000
Parasites,0.5794319600499376,0.9999318105263157,95000000
Parasites,0.5794319600499376,0.9999318333333334,96000000
Parasites,0.5794319600499376,0.9999317010309279,97000000
Parasites,0.5794319600499376,0.9999316326530612,98000000
Parasites,0.5794319600499376,0.9999315454545454,99000000
Parasites,0.5794319600499376,0.99993158,100000000
