Herbivores,0.9723087573554864,0.888601,1000000
Herbivores,0.9723087573554864,0.888578,2000000
Herbivores,0.9723087573554864,0.8886763333333333,3000000
Herbivores,0.9723087573554864,0.88876975,4000000
Herbivores,0.9723087573554864,0.888862,5000000
Herbivores,0.9723087573554864,0.8888063333333334,6000000
Herbivores,0.9723087573554864,0.8887798571428571,7000000
Herbivores,0.9723087573554864,0.888862375,8000000
Herbivores,0.9723087573554864,0.8889358888888889,9000000
Herbivores,0.9723087573554864,0.888894,10000000
Herbivores,0.9723087573554864,0.8888488181818182,11000000
Herbivores,0.9723087573554864,0.8887815833333333,12000000
Herbivores,0.9723087573554864,0.8887916923076923,13000000
Herbivores,0.9723087573554864,0.8887681428571429,14000000
Herbivores,0.9723087573554864,0.8887702666666667,15000000
Herbivores,0.9723087573554864,0.8887430625,16000000
Herbivores,0.9723087573554864,0.8887581176470588,17000000
Herbivores,0.9723087573554864,0.8887325555555555,18000000
Herbivores,0.9723087573554864,0.8887746315789473,19000000
Herbivores,0.9723087573554864,0.88876815,20000000
Herbivores,0.9723087573554864,0.888778,21000000
Herbivores,0.9723087573554864,0.8887944090909091,22000000
Herbivores,0.9723087573554864,0.8888067826086956,23000000
Herbivores,0.9723087573554864,0.88880625,24000000
Herbivores,0.9723087573554864,0.88880212,25000000
Herbivores,0.9723087573554864,0.8887932307692308,26000000
Herbivores,0.9723087573554864,0.8887919629629629,27000000
Herbivores,0.9723087573554864,0.8888132857142858,28000000
Herbivores,0.9723087573554864,0.8888147586206897,29000000
Herbivores,0.9723087573554864,0.8888204333333334,30000000
Herbivores,0.9723087573554864,0.8888365483870968,31000000
Herbivores,0.9723087573554864,0.88884003125,32000000
Herbivores,0.9723087573554864,0.8888375151515151,33000000
Herbivores,0.9723087573554864,0.888846205882353,34000000
Herbivores,0.9723087573554864,0.8888501714285715,35000000
Herbivores,0.9723087573554864,0.8888577222222223,36000000
Herbivores,0.9723087573554864,0.888859,37000000
Herbivores,0.9723087573554864,0.8888568947368422,38000000
Herbivores,0.9723087573554864,0.8888712820512821,39000000
Herbivores,0.9723087573554864,0.88887475,40000000
Herbivores,0.9723087573554864,0.8888841463414634,41000000
Herbivores,0.9723087573554864,0.8888927857142858,42000000
Herbivores,0.9723087573554864,0.8888755581395349,43000000
Herbivores,0.9723087573554864,0.8888737954545455,44000000
Herbivores,0.9723087573554864,0.8888647555555556,45000000
Herbivores,0.9723087573554864,0.8888690652173913,46000000
Herbivores,0.9723087573554864,0.8888597659574468,47000000
Herbivores,0.9723087573554864,0.8888583333333333,48000000
Herbivores,0.9723087573554864,0.8888494489795918,49000000
Herbivores,0.9723087573554864,0.88884778,50000000
Herbivores,0.9723087573554864,0.8888481176470588,51000000
Herbivores,0.9723087573554864,0.8888477884615384,52000000
Herbivores,0.9723087573554864,0.8888507547169812,53000000
Herbivores,0.9723087573554864,0.8888532222222222,54000000
Herbivores,0.9723087573554864,0.8888682181818182,55000000
Herbivores,0.9723087573554864,0.8888656071428571,56000000
Herbivores,0.9723087573554864,0.8888652456140351,57000000
Herbivores,0.9723087573554864,0.8888691724137932,58000000
Herbivores,0.9723087573554864,0.8888624915254237,59000000
Herbivores,0.9723087573554864,0.8888711833333334,60000000
Herbivores,0.9723087573554864,0.8888651803278689,61000000
Herbivores,0.9723087573554864,0.8888711774193548,62000000
Herbivores,0.9723087573554864,0.8888657460317461,63000000
Herbivores,0.9723087573554864,0.888859265625,64000000
Herbivores,0.9723087573554864,0.888864,65000000
Herbivores,0.9723087573554864,0.8888677272727272,66000000
Herbivores,0.9723087573554864,0.8888678805970149,67000000
Herbivores,0.9723087573554864,0.8888796470588235,68000000
Herbivores,0.9723087573554864,0.8888809130434783,69000000
Herbivores,0.9723087573554864,0.8888830142857143,70000000
Herbivores,0.9723087573554864,0.8888811126760563,71000000
Herbivores,0.9723087573554864,0.8888736388888889,72000000
Herbivores,0.9723087573554864,0.8888756712328767,73000000
Herbivores,0.9723087573554864,0.8888706216216217,74000000
Herbivores,0.9723087573554864,0.8888712,75000000
Herbivores,0.9723087573554864,0.8888669342105263,76000000
Herbivores,0.9723087573554864,0.8888667272727273,77000000
Herbivores,0.9723087573554864,0.8888746153846154,78000000
Herbivores,0.9723087573554864,0.8888742405063291,79000000
Herbivores,0.9723087573554864,0.8888753625,80000000
Herbivores,0.9723087573554864,0.8888737283950617,81000000
Herbivores,0.9723087573554864,0.8888804268292683,82000000
Herbivores,0.9723087573554864,0.8888797108433735,83000000
Herbivores,0.9723087573554864,0.8888769642857143,84000000
Herbivores,0.9723087573554864,0.8888815058823529,85000000
Herbivores,0.9723087573554864,0.8888827209302326,86000000
Herbivores,0.9723087573554864,0.8888884827586206,87000000
Herbivores,0.9723087573554864,0.8888918068181818,88000000
Herbivores,0.9723087573554864,0.8888958314606742,89000000
Herbivores,0.9723087573554864,0.8888901777777778,90000000
Herbivores,0.9723087573554864,0.8888893296703296,91000000
Herbivores,0.9723087573554864,0.8888872717391304,92000000
Herbivores,0.9723087573554864,0.8888930107526881,93000000
Herbivores,0.9723087573554864,0.8888924361702127,94000000
Herbivores,0.9723087573554864,0.8888917894736842,95000000
Herbivores,0.9723087573554864,0.888896875,96000000
Herbivores,0.9723087573554864,0.8888983608247423,97000000
Herbivores,0.9723087573554864,0.8888958979591837,98000000
Herbivores,0.9723087573554864,0.888897494949495,99000000
Herbivores,0.9723087573554864,0.88888862,100000000
