Herbivores,0.9271380055572708,0.097864,1000000
Herbivores,0.9271380055572708,0.097934,2000000
Herbivores,0.9271380055572708,0.097921,3000000
Herbivores,0.9271380055572708,0.097969,4000000
Herbivores,0.9271380055572708,0.0979428,5000000
Herbivores,0.9271380055572708,0.09790383333333333,6000000
Herbivores,0.9271380055572708,0.09790914285714286,7000000
Herbivores,0.9271380055572708,0.097893875,8000000
Herbivores,0.9271380055572708,0.09787433333333333,9000000
Herbivores,0.9271380055572708,0.0978822,10000000
Herbivores,0.9271380055572708,0.09791272727272728,11000000
Herbivores,0.9271380055572708,0.09789083333333333,12000000
Herbivores,0.9271380055572708,0.09792915384615385,13000000
Herbivores,0.9271380055572708,0.09793242857142857,14000000
Herbivores,0.9271380055572708,0.09792266666666667,15000000
Herbivores,0.9271380055572708,0.0979188125,16000000
Herbivores,0.9271380055572708,0.09792476470588235,17000000
Herbivores,0.9271380055572708,0.09792794444444444,18000000
Herbivores,0.9271380055572708,0.09791968421052631,19000000
Herbivores,0.9271380055572708,0.09793795,20000000
Herbivores,0.9271380055572708,0.09792795238095238,21000000
Herbivores,0.9271380055572708,0.09792172727272727,22000000
Herbivores,0.9271380055572708,0.09792395652173913,23000000
Herbivores,0.9271380055572708,0.09792975,24000000
Herbivores,0.9271380055572708,0.09793504,25000000
Herbivores,0.9271380055572708,0.09793815384615384,26000000
Herbivores,0.9271380055572708,0.09791914814814814,27000000
Herbivores,0.9271380055572708,0.097916,28000000
Herbivores,0.9271380055572708,0.09792855172413793,29000000
Herbivores,0.9271380055572708,0.0979516,30000000
Herbivores,0.9271380055572708,0.09795896774193548,31000000
Herbivores,0.9271380055572708,0.0979721875,32000000
Herbivores,0.9271380055572708,0.09797536363636364,33000000
Herbivores,0.9271380055572708,0.09796347058823529,34000000
Herbivores,0.9271380055572708,0.09795965714285715,35000000
Herbivores,0.9271380055572708,0.09795058333333333,36000000
Herbivores,0.9271380055572708,0.09795748648648649,37000000
Herbivores,0.9271380055572708,0.0979442894736842,38000000
Herbivores,0.9271380055572708,0.09794833333333333,39000000
Herbivores,0.9271380055572708,0.09793375,40000000
Herbivores,0.9271380055572708,0.09793107317073171,41000000
Herbivores,0.9271380055572708,0.09793061904761904,42000000
Herbivores,0.9271380055572708,0.09793481395348837,43000000
Herbivores,0.9271380055572708,0.09793113636363636,44000000
Herbivores,0.9271380055572708,0.09793402222222222,45000000
Herbivores,0.9271380055572708,0.09794473913043478,46000000
Herbivores,0.9271380055572708,0.09794734042553191,47000000
Herbivores,0.9271380055572708,0.0979424375,48000000
Herbivores,0.9271380055572708,0.09794151020408164,49000000
Herbivores,0.9271380055572708,0.0979461,50000000
Herbivores,0.9271380055572708,0.09794503921568627,51000000
Herbivores,0.9271380055572708,0.09793788461538462,52000000
Herbivores,0.9271380055572708,0.09794162264150943,53000000
Herbivores,0.9271380055572708,0.09794662962962963,54000000
Herbivores,0.9271380055572708,0.09794163636363637,55000000
Herbivores,0.9271380055572708,0.09794667857142857,56000000
Herbivores,0.9271380055572708,0.09795263157894737,57000000
Herbivores,0.9271380055572708,0.09795606896551724,58000000
Herbivores,0.9271380055572708,0.09795161016949153,59000000
Herbivores,0.9271380055572708,0.09794783333333333,60000000
Herbivores,0.9271380055572708,0.09794178688524591,61000000
Herbivores,0.9271380055572708,0.09794779032258065,62000000
Herbivores,0.9271380055572708,0.09794736507936508,63000000
Herbivores,0.9271380055572708,0.09795315625,64000000
Herbivores,0.9271380055572708,0.09795047692307693,65000000
Herbivores,0.9271380055572708,0.09793874242424243,66000000
Herbivores,0.9271380055572708,0.09793202985074627,67000000
Herbivores,0.9271380055572708,0.09793192647058824,68000000
Herbivores,0.9271380055572708,0.0979286231884058,69000000
Herbivores,0.9271380055572708,0.09792774285714285,70000000
Herbivores,0.9271380055572708,0.09793049295774647,71000000
Herbivores,0.9271380055572708,0.09792831944444444,72000000
Herbivores,0.9271380055572708,0.09793234246575343,73000000
Herbivores,0.9271380055572708,0.09792782432432433,74000000
Herbivores,0.9271380055572708,0.09791968,75000000
Herbivores,0.9271380055572708,0.09792196052631578,76000000
Herbivores,0.9271380055572708,0.0979187922077922,77000000
Herbivores,0.9271380055572708,0.09791730769230769,78000000
Herbivores,0.9271380055572708,0.09791732911392405,79000000
Herbivores,0.9271380055572708,0.0979196375,80000000
Herbivores,0.9271380055572708,0.09792654320987654,81000000
Herbivores,0.9271380055572708,0.09792657317073171,82000000
Herbivores,0.9271380055572708,0.09792679518072289,83000000
Herbivores,0.9271380055572708,0.09792386904761904,84000000
Herbivores,0.9271380055572708,0.09792771764705882,85000000
Herbivores,0.9271380055572708,0.09792431395348837,86000000
Herbivores,0.9271380055572708,0.09792309195402299,87000000
Herbivores,0.9271380055572708,0.09791879545454546,88000000
Herbivores,0.9271380055572708,0.09791593258426966,89000000
Herbivores,0.9271380055572708,0.09791457777777778,90000000
Herbivores,0.9271380055572708,0.09791049450549451,91000000
Herbivores,0.9271380055572708,0.09790852173913044,92000000
Herbivores,0.9271380055572708,0.0979110752688172,93000000
Herbivores,0.9271380055572708,0.09790912765957446,94000000
Herbivores,0.9271380055572708,0.09790877894736842,95000000
Herbivores,0.9271380055572708,0.09790927083333334,96000000
Herbivores,0.9271380055572708,0.09791276288659793,97000000
Herbivores,0.9271380055572708,0.0979141224489796,98000000
Herbivores,0.9271380055572708,0.09791528282828282,99000000
Herbivores,0.9271380055572708,0.09791386,100000000
