Consumers,0.4762893734856351,0.998679,1000000
Consumers,0.4762893734856351,0.998692,2000000
Consumers,0.4762893734856351,0.9986736666666667,3000000
Consumers,0.4762893734856351,0.99866625,4000000
Consumers,0.4762893734856351,0.9986728,5000000
Consumers,0.4762893734856351,0.9986726666666667,6000000
Consumers,0.4762893734856351,0.9986747142857143,7000000
Consumers,0.4762893734856351,0.998666375,8000000
Consumers,0.4762893734856351,0.9986732222222222,9000000
Consumers,0.4762893734856351,0.9986606,10000000
Consumers,0.4762893734856351,0.99866,11000000
Consumers,0.4762893734856351,0.99865525,12000000
Consumers,0.4762893734856351,0.9986529230769231,13000000
Consumers,0.4762893734856351,0.9986587142857143,14000000
Consumers,0.4762893734856351,0.9986620666666667,15000000
Consumers,0.4762893734856351,0.9986618125,16000000
Consumers,0.4762893734856351,0.9986607647058824,17000000
Consumers,0.4762893734856351,0.9986598888888889,18000000
Consumers,0.4762893734856351,0.9986607894736842,19000000
Consumers,0.4762893734856351,0.9986629,20000000
Consumers,0.4762893734856351,0.9986637142857143,21000000
Consumers,0.4762893734856351,0.9986625454545455,22000000
Consumers,0.4762893734856351,0.9986625217391304,23000000
Consumers,0.4762893734856351,0.9986628333333334,24000000
Consumers,0.4762893734856351,0.9986616,25000000
Consumers,0.4762893734856351,0.9986609615384615,26000000
Consumers,0.4762893734856351,0.9986590740740741,27000000
Consumers,0.4762893734856351,0.9986604642857143,28000000
Consumers,0.4762893734856351,0.998656,29000000
Consumers,0.4762893734856351,0.9986574,30000000
Consumers,0.4762893734856351,0.9986564838709677,31000000
Consumers,0.4762893734856351,0.99865621875,32000000
Consumers,0.4762893734856351,0.9986567878787879,33000000
Consumers,0.4762893734856351,0.9986568529411765,34000000
Consumers,0.4762893734856351,0.9986560571428571,35000000
Consumers,0.4762893734856351,0.9986568888888889,36000000
Consumers,0.4762893734856351,0.9986562162162163,37000000
Consumers,0.4762893734856351,0.9986581315789473,38000000
Consumers,0.4762893734856351,0.9986585384615385,39000000
Consumers,0.4762893734856351,0.9986569,40000000
Consumers,0.4762893734856351,0.9986560731707317,41000000
Consumers,0.4762893734856351,0.9986559285714286,42000000
Consumers,0.4762893734856351,0.9986545348837209,43000000
Consumers,0.4762893734856351,0.9986547727272728,44000000
Consumers,0.4762893734856351,0.9986548222222222,45000000
Consumers,0.4762893734856351,0.9986556304347826,46000000
Consumers,0.4762893734856351,0.9986543829787234,47000000
Consumers,0.4762893734856351,0.9986540625,48000000
Consumers,0.4762893734856351,0.998653612244898,49000000
Consumers,0.4762893734856351,0.99865276,50000000
Consumers,0.4762893734856351,0.998652862745098,51000000
Consumers,0.4762893734856351,0.9986540961538461,52000000
Consumers,0.4762893734856351,0.9986550188679245,53000000
Consumers,0.4762893734856351,0.9986548703703704,54000000
Consumers,0.4762893734856351,0.9986536,55000000
Consumers,0.4762893734856351,0.9986534464285715,56000000
Consumers,0.4762893734856351,0.9986534561403508,57000000
Consumers,0.4762893734856351,0.9986522241379311,58000000
Consumers,0.4762893734856351,0.9986522372881356,59000000
Consumers,0.4762893734856351,0.9986522,60000000
Consumers,0.4762893734856351,0.9986511639344262,61000000
Consumers,0.4762893734856351,0.9986508548387096,62000000
Consumers,0.4762893734856351,0.9986506507936508,63000000
Consumers,0.4762893734856351,0.998649703125,64000000
Consumers,0.4762893734856351,0.9986499846153846,65000000
Consumers,0.4762893734856351,0.9986516515151516,66000000
Consumers,0.4762893734856351,0.9986514029850746,67000000
Consumers,0.4762893734856351,0.9986511470588235,68000000
Consumers,0.4762893734856351,0.998651,69000000
Consumers,0.4762893734856351,0.9986507285714286,70000000
Consumers,0.4762893734856351,0.9986513521126761,71000000
Consumers,0.4762893734856351,0.9986509583333333,72000000
Consumers,0.4762893734856351,0.9986508219178082,73000000
Consumers,0.4762893734856351,0.9986513108108108,74000000
Consumers,0.4762893734856351,0.99865184,75000000
Consumers,0.4762893734856351,0.998652802631579,76000000
Consumers,0.4762893734856351,0.9986536493506494,77000000
Consumers,0.4762893734856351,0.9986534871794872,78000000
Consumers,0.4762893734856351,0.9986534050632911,79000000
Consumers,0.4762893734856351,0.9986535625,80000000
Consumers,0.4762893734856351,0.9986528271604939,81000000
Consumers,0.4762893734856351,0.9986526219512195,82000000
Consumers,0.4762893734856351,0.9986533855421686,83000000
Consumers,0.4762893734856351,0.9986529285714286,84000000
Consumers,0.4762893734856351,0.9986528823529411,85000000
Consumers,0.4762893734856351,0.9986528720930232,86000000
Consumers,0.4762893734856351,0.9986524482758621,87000000
Consumers,0.4762893734856351,0.9986528636363636,88000000
Consumers,0.4762893734856351,0.998653404494382,89000000
Consumers,0.4762893734856351,0.9986529666666667,90000000
Consumers,0.4762893734856351,0.9986532197802198,91000000
Consumers,0.4762893734856351,0.9986535760869565,92000000
Consumers,0.4762893734856351,0.9986537419354838,93000000
Consumers,0.4762893734856351,0.998654255319149,94000000
Consumers,0.4762893734856351,0.9986544105263158,95000000
Consumers,0.4762893734856351,0.9986542708333334,96000000
Consumers,0.4762893734856351,0.9986541855670104,97000000
Consumers,0.4762893734856351,0.9986539285714285,98000000
Consumers,0.4762893734856351,0.998654,99000000
Consumers,0.4762893734856351,0.99865377,100000000
