Primary_Producers,0.9285714285714286,0.029457,1000000
Primary_Producers,0.9285714285714286,0.0293995,2000000
Primary_Producers,0.9285714285714286,0.029423,3000000
Primary_Producers,0.9285714285714286,0.02937075,4000000
Primary_Producers,0.9285714285714286,0.0294096,5000000
Primary_Producers,0.9285714285714286,0.02946,6000000
Primary_Producers,0.9285714285714286,0.029445714285714287,7000000
Primary_Producers,0.9285714285714286,0.029448125,8000000
Primary_Producers,0.9285714285714286,0.029442444444444445,9000000
Primary_Producers,0.9285714285714286,0.0294463,10000000
Primary_Producers,0.9285714285714286,0.029456909090909093,11000000
Primary_Producers,0.9285714285714286,0.029463916666666666,12000000
Primary_Producers,0.9285714285714286,0.029475,13000000
Primary_Producers,0.9285714285714286,0.029486571428571428,14000000
Primary_Producers,0.9285714285714286,0.029474866666666665,15000000
Primary_Producers,0.9285714285714286,0.029484,16000000
Primary_Producers,0.9285714285714286,0.02947841176470588,17000000
Primary_Producers,0.9285714285714286,0.029501944444444445,18000000
Primary_Producers,0.9285714285714286,0.029497105263157894,19000000
Primary_Producers,0.9285714285714286,0.02950165,20000000
Primary_Producers,0.9285714285714286,0.029492095238095237,21000000
Primary_Producers,0.9285714285714286,0.02950359090909091,22000000
Primary_Producers,0.9285714285714286,0.02950795652173913,23000000
Primary_Producers,0.9285714285714286,0.029518666666666665,24000000
Primary_Producers,0.9285714285714286,0.02951504,25000000
Primary_Producers,0.9285714285714286,0.02950623076923077,26000000
Primary_Producers,0.9285714285714286,0.02949351851851852,27000000
Primary_Producers,0.9285714285714286,0.029488214285714284,28000000
Primary_Producers,0.9285714285714286,0.029486413793103447,29000000
Primary_Producers,0.9285714285714286,0.029486533333333332,30000000
Primary_Producers,0.9285714285714286,0.02947767741935484,31000000
Primary_Producers,0.9285714285714286,0.02947875,32000000
Primary_Producers,0.9285714285714286,0.029489454545454544,33000000
Primary_Producers,0.9285714285714286,0.029484058823529412,34000000
Primary_Producers,0.9285714285714286,0.029486571428571428,35000000
Primary_Producers,0.9285714285714286,0.029482611111111112,36000000
Primary_Producers,0.9285714285714286,0.02948283783783784,37000000
Primary_Producers,0.9285714285714286,0.029485894736842107,38000000
Primary_Producers,0.9285714285714286,0.029474615384615384,39000000
Primary_Producers,0.9285714285714286,0.02947565,40000000
Primary_Producers,0.9285714285714286,0.029476658536585366,41000000
Primary_Producers,0.9285714285714286,0.029474285714285713,42000000
Primary_Producers,0.9285714285714286,0.02947353488372093,43000000
Primary_Producers,0.9285714285714286,0.029471863636363636,44000000
Primary_Producers,0.9285714285714286,0.02946411111111111,45000000
Primary_Producers,0.9285714285714286,0.02946245652173913,46000000
Primary_Producers,0.9285714285714286,0.02945904255319149,47000000
Primary_Producers,0.9285714285714286,0.029459541666666665,48000000
Primary_Producers,0.9285714285714286,0.02946230612244898,49000000
Primary_Producers,0.9285714285714286,0.0294603,50000000
Primary_Producers,0.9285714285714286,0.029461254901960783,51000000
Primary_Producers,0.9285714285714286,0.029460096153846153,52000000
Primary_Producers,0.9285714285714286,0.029458830188679244,53000000
Primary_Producers,0.9285714285714286,0.029457185185185183,54000000
Primary_Producers,0.9285714285714286,0.029457218181818182,55000000
Primary_Producers,0.9285714285714286,0.029457232142857143,56000000
Primary_Producers,0.9285714285714286,0.02946398245614035,57000000
Primary_Producers,0.9285714285714286,0.029464551724137932,58000000
Primary_Producers,0.9285714285714286,0.029462762711864408,59000000
Primary_Producers,0.9285714285714286,0.029463966666666667,60000000
Primary_Producers,0.9285714285714286,0.02946288524590164,61000000
Primary_Producers,0.9285714285714286,0.0294625,62000000
Primary_Producers,0.9285714285714286,0.029459952380952382,63000000
Primary_Producers,0.9285714285714286,0.029461609375,64000000
Primary_Producers,0.9285714285714286,0.02946073846153846,65000000
Primary_Producers,0.9285714285714286,0.029463969696969697,66000000
Primary_Producers,0.9285714285714286,0.029464746268656715,67000000
Primary_Producers,0.9285714285714286,0.029466279411764707,68000000
Primary_Producers,0.9285714285714286,0.029467971014492753,69000000
Primary_Producers,0.9285714285714286,0.029465185714285715,70000000
Primary_Producers,0.9285714285714286,0.029464549295774647,71000000
Primary_Producers,0.9285714285714286,0.029466097222222223,72000000
Primary_Producers,0.9285714285714286,0.029465931506849317,73000000
Primary_Producers,0.9285714285714286,0.02946466216216216,74000000
Primary_Producers,0.9285714285714286,0.02946748,75000000
Primary_Producers,0.9285714285714286,0.029467947368421052,76000000
Primary_Producers,0.9285714285714286,0.029465389610389612,77000000
Primary_Producers,0.9285714285714286,0.0294664358974359,78000000
Primary_Producers,0.9285714285714286,0.029469177215189872,79000000
Primary_Producers,0.9285714285714286,0.0294684375,80000000
Primary_Producers,0.9285714285714286,0.029470037037037038,81000000
Primary_Producers,0.9285714285714286,0.029470048780487805,82000000
Primary_Producers,0.9285714285714286,0.029470168674698795,83000000
Primary_Producers,0.9285714285714286,0.02946742857142857,84000000
Primary_Producers,0.9285714285714286,0.02946584705882353,85000000
Primary_Producers,0.9285714285714286,0.029465302325581394,86000000
Primary_Producers,0.9285714285714286,0.029469436781609196,87000000
Primary_Producers,0.9285714285714286,0.029468556818181817,88000000
Primary_Producers,0.9285714285714286,0.029471314606741572,89000000
Primary_Producers,0.9285714285714286,0.029469044444444443,90000000
Primary_Producers,0.9285714285714286,0.02946997802197802,91000000
Primary_Producers,0.9285714285714286,0.029471021739130434,92000000
Primary_Producers,0.9285714285714286,0.029469139784946235,93000000
Primary_Producers,0.9285714285714286,0.029470148936170212,94000000
Primary_Producers,0.9285714285714286,0.029469757894736843,95000000
Primary_Producers,0.9285714285714286,0.02947309375,96000000
Primary_Producers,0.9285714285714286,0.02947216494845361,97000000
Primary_Producers,0.9285714285714286,0.02946992857142857,98000000
Primary_Producers,0.9285714285714286,0.029468626262626262,99000000
Primary_Producers,0.9285714285714286,0.0294685,100000000
