Parasites,0.4702407996365289,0.155118,1000000
Parasites,0.4702407996365289,0.155516,2000000
Parasites,0.4702407996365289,0.155496,3000000
Parasites,0.4702407996365289,0.1556305,4000000
Parasites,0.4702407996365289,0.155674,5000000
Parasites,0.4702407996365289,0.155701,6000000
Parasites,0.4702407996365289,0.15571142857142858,7000000
Parasites,0.4702407996365289,0.15574275,8000000
Parasites,0.4702407996365289,0.15578666666666666,9000000
Parasites,0.4702407996365289,0.1557553,10000000
Parasites,0.4702407996365289,0.155701,11000000
Parasites,0.4702407996365289,0.15569025,12000000
Parasites,0.4702407996365289,0.15570823076923077,13000000
Parasites,0.4702407996365289,0.1556857857142857,14000000
Parasites,0.4702407996365289,0.15570666666666666,15000000
Parasites,0.4702407996365289,0.155711875,16000000
Parasites,0.4702407996365289,0.15572964705882353,17000000
Parasites,0.4702407996365289,0.15569905555555555,18000000
Parasites,0.4702407996365289,0.15568236842105262,19000000
Parasites,0.4702407996365289,0.15568905,20000000
Parasites,0.4702407996365289,0.15567457142857144,21000000
Parasites,0.4702407996365289,0.15565086363636363,22000000
Parasites,0.4702407996365289,0.1556503043478261,23000000
Parasites,0.4702407996365289,0.1556395,24000000
Parasites,0.4702407996365289,0.15562424,25000000
Parasites,0.4702407996365289,0.1556148846153846,26000000
Parasites,0.4702407996365289,0.15561785185185184,27000000
Parasites,0.4702407996365289,0.15562232142857144,28000000
Parasites,0.4702407996365289,0.15564327586206897,29000000
Parasites,0.4702407996365289,0.155645,30000000
Parasites,0.4702407996365289,0.15564525806451612,31000000
Parasites,0.4702407996365289,0.155642,32000000
Parasites,0.4702407996365289,0.15564009090909092,33000000
Parasites,0.4702407996365289,0.15564776470588235,34000000
Parasites,0.4702407996365289,0.15565982857142857,35000000
Parasites,0.4702407996365289,0.15566688888888888,36000000
Parasites,0.4702407996365289,0.15566775675675676,37000000
Parasites,0.4702407996365289,0.1556717894736842,38000000
Parasites,0.4702407996365289,0.15566584615384615,39000000
Parasites,0.4702407996365289,0.15565825,40000000
Parasites,0.4702407996365289,0.15564270731707316,41000000
Parasites,0.4702407996365289,0.15563878571428572,42000000
Parasites,0.4702407996365289,0.15563837209302325,43000000
Parasites,0.4702407996365289,0.1556394090909091,44000000
Parasites,0.4702407996365289,0.15562615555555556,45000000
Parasites,0.4702407996365289,0.15562578260869564,46000000
Parasites,0.4702407996365289,0.1556312340425532,47000000
Parasites,0.4702407996365289,0.15562595833333334,48000000
Parasites,0.4702407996365289,0.15561589795918368,49000000
Parasites,0.4702407996365289,0.15561132,50000000
Parasites,0.4702407996365289,0.1556083725490196,51000000
Parasites,0.4702407996365289,0.15560978846153847,52000000
Parasites,0.4702407996365289,0.15561083018867924,53000000
Parasites,0.4702407996365289,0.15560705555555557,54000000
Parasites,0.4702407996365289,0.155614,55000000
Parasites,0.4702407996365289,0.15561094642857143,56000000
Parasites,0.4702407996365289,0.15561240350877192,57000000
Parasites,0.4702407996365289,0.1556074655172414,58000000
Parasites,0.4702407996365289,0.1556211186440678,59000000
Parasites,0.4702407996365289,0.15562816666666668,60000000
Parasites,0.4702407996365289,0.1556259180327869,61000000
Parasites,0.4702407996365289,0.15562664516129032,62000000
Parasites,0.4702407996365289,0.15563215873015873,63000000
Parasites,0.4702407996365289,0.155628140625,64000000
Parasites,0.4702407996365289,0.15561823076923076,65000000
Parasites,0.4702407996365289,0.15561690909090908,66000000
Parasites,0.4702407996365289,0.1556153880597015,67000000
Parasites,0.4702407996365289,0.1556184117647059,68000000
Parasites,0.4702407996365289,0.15561952173913043,69000000
Parasites,0.4702407996365289,0.15561805714285715,70000000
Parasites,0.4702407996365289,0.1556200985915493,71000000
Parasites,0.4702407996365289,0.1556245138888889,72000000
Parasites,0.4702407996365289,0.15563206849315067,73000000
Parasites,0.4702407996365289,0.1556258243243243,74000000
Parasites,0.4702407996365289,0.15563545333333334,75000000
Parasites,0.4702407996365289,0.15564507894736843,76000000
Parasites,0.4702407996365289,0.1556448961038961,77000000
Parasites,0.4702407996365289,0.1556450641025641,78000000
Parasites,0.4702407996365289,0.155642,79000000
Parasites,0.4702407996365289,0.155647025,80000000
Parasites,0.4702407996365289,0.15564880246913582,81000000
Parasites,0.4702407996365289,0.1556515,82000000
Parasites,0.4702407996365289,0.15565455421686747,83000000
Parasites,0.4702407996365289,0.15565669047619046,84000000
Parasites,0.4702407996365289,0.15565337647058824,85000000
Parasites,0.4702407996365289,0.1556518488372093,86000000
Parasites,0.4702407996365289,0.1556469540229885,87000000
Parasites,0.4702407996365289,0.15565035227272728,88000000
Parasites,0.4702407996365289,0.15565260674157302,89000000
Parasites,0.4702407996365289,0.1556546,90000000
Parasites,0.4702407996365289,0.15565745054945054,91000000
Parasites,0.4702407996365289,0.15565351086956522,92000000
Parasites,0.4702407996365289,0.15565813978494625,93000000
Parasites,0.4702407996365289,0.15565186170212766,94000000
Parasites,0.4702407996365289,0.15565972631578948,95000000
Parasites,0.4702407996365289,0.15565653125,96000000
Parasites,0.4702407996365289,0.15566250515463917,97000000
Parasites,0.4702407996365289,0.15566248979591837,98000000
Parasites,0.4702407996365289,0.1556628585858586,99000000
Parasites,0.4702407996365289,0.15566279,100000000
