Parasites,0.5434782608695652,0.0,1000000
Parasites,0.5434782608695652,0.0,2000000
Parasites,0.5434782608695652,0.0,3000000
Parasites,0.5434782608695652,0.0,4000000
Parasites,0.5434782608695652,0.0,5000000
Parasites,0.5434782608695652,0.0,6000000
Parasites,0.5434782608695652,1.4285714285714285e-7,7000000
Parasites,0.5434782608695652,1.25e-7,8000000
Parasites,0.5434782608695652,1.1111111111111111e-7,9000000
Parasites,0.5434782608695652,1.0e-7,10000000
Parasites,0.5434782608695652,9.090909090909091e-8,11000000
Parasites,0.5434782608695652,8.333333333333334e-8,12000000
Parasites,0.5434782608695652,7.692307692307692e-8,13000000
Parasites,0.5434782608695652,7.142857142857142e-8,14000000
Parasites,0.5434782608695652,6.666666666666667e-8,15000000
Parasites,0.5434782608695652,6.25e-8,16000000
Parasites,0.5434782608695652,5.882352941176471e-8,17000000
Parasites,0.5434782608695652,5.5555555555555555e-8,18000000
Parasites,0.5434782608695652,5.263157894736842e-8,19000000
Parasites,0.5434782608695652,5.0e-8,20000000
Parasites,0.5434782608695652,4.761904761904762e-8,21000000
Parasites,0.5434782608695652,4.545454545454546e-8,22000000
Parasites,0.5434782608695652,4.347826086956522e-8,23000000
Parasites,0.5434782608695652,4.166666666666667e-8,24000000
Parasites,0.5434782608695652,4.0e-8,25000000
Parasites,0.5434782608695652,3.846153846153846e-8,26000000
Parasites,0.5434782608695652,3.7037037037037036e-8,27000000
Parasites,0.5434782608695652,3.571428571428571e-8,28000000
Parasites,0.5434782608695652,3.448275862068966e-8,29000000
Parasites,0.5434782608695652,3.3333333333333334e-8,30000000
Parasites,0.5434782608695652,3.2258064516129035e-8,31000000
Parasites,0.5434782608695652,3.125e-8,32000000
Parasites,0.5434782608695652,3.0303030303030305e-8,33000000
Parasites,0.5434782608695652,2.9411764705882354e-8,34000000
Parasites,0.5434782608695652,2.8571428571428572e-8,35000000
Parasites,0.5434782608695652,2.7777777777777777e-8,36000000
Parasites,0.5434782608695652,5.4054054054054056e-8,37000000
Parasites,0.5434782608695652,5.263157894736842e-8,38000000
Parasites,0.5434782608695652,5.128205128205128e-8,39000000
Parasites,0.5434782608695652,7.5e-8,40000000
Parasites,0.5434782608695652,7.317073170731708e-8,41000000
Parasites,0.5434782608695652,7.142857142857142e-8,42000000
Parasites,0.5434782608695652,6.976744186046512e-8,43000000
Parasites,0.5434782608695652,6.818181818181819e-8,44000000
Parasites,0.5434782608695652,6.666666666666667e-8,45000000
Parasites,0.5434782608695652,6.521739130434783e-8,46000000
Parasites,0.5434782608695652,6.382978723404255e-8,47000000
Parasites,0.5434782608695652,6.25e-8,48000000
Parasites,0.5434782608695652,6.122448979591837e-8,49000000
Parasites,0.5434782608695652,6.0e-8,50000000
Parasites,0.5434782608695652,5.882352941176471e-8,51000000
Parasites,0.5434782608695652,5.7692307692307695e-8,52000000
Parasites,0.5434782608695652,5.6603773584905664e-8,53000000
Parasites,0.5434782608695652,5.5555555555555555e-8,54000000
Parasites,0.5434782608695652,5.4545454545454545e-8,55000000
Parasites,0.5434782608695652,5.357142857142857e-8,56000000
Parasites,0.5434782608695652,5.263157894736842e-8,57000000
Parasites,0.5434782608695652,5.172413793103448e-8,58000000
Parasites,0.5434782608695652,6.779661016949153e-8,59000000
Parasites,0.5434782608695652,6.666666666666667e-8,60000000
Parasites,0.5434782608695652,6.557377049180328e-8,61000000
Parasites,0.5434782608695652,6.451612903225807e-8,62000000
Parasites,0.5434782608695652,6.349206349206349e-8,63000000
Parasites,0.5434782608695652,6.25e-8,64000000
Parasites,0.5434782608695652,6.153846153846154e-8,65000000
Parasites,0.5434782608695652,6.060606060606061e-8,66000000
Parasites,0.5434782608695652,5.970149253731343e-8,67000000
Parasites,0.5434782608695652,5.882352941176471e-8,68000000
Parasites,0.5434782608695652,5.797101449275362e-8,69000000
Parasites,0.5434782608695652,5.7142857142857144e-8,70000000
Parasites,0.5434782608695652,5.633802816901408e-8,71000000
Parasites,0.5434782608695652,5.5555555555555555e-8,72000000
Parasites,0.5434782608695652,5.4794520547945204e-8,73000000
Parasites,0.5434782608695652,5.4054054054054056e-8,74000000
Parasites,0.5434782608695652,5.3333333333333334e-8,75000000
Parasites,0.5434782608695652,5.263157894736842e-8,76000000
Parasites,0.5434782608695652,5.1948051948051946e-8,77000000
Parasites,0.5434782608695652,5.128205128205128e-8,78000000
Parasites,0.5434782608695652,5.063291139240506e-8,79000000
Parasites,0.5434782608695652,6.25e-8,80000000
Parasites,0.5434782608695652,6.17283950617284e-8,81000000
Parasites,0.5434782608695652,6.097560975609756e-8,82000000
Parasites,0.5434782608695652,6.024096385542168e-8,83000000
Parasites,0.5434782608695652,5.952380952380952e-8,84000000
Parasites,0.5434782608695652,5.882352941176471e-8,85000000
Parasites,0.5434782608695652,5.813953488372093e-8,86000000
Parasites,0.5434782608695652,5.7471264367816094e-8,87000000
Parasites,0.5434782608695652,5.6818181818181815e-8,88000000
Parasites,0.5434782608695652,5.617977528089888e-8,89000000
Parasites,0.5434782608695652,5.5555555555555555e-8,90000000
Parasites,0.5434782608695652,5.4945054945054946e-8,91000000
Parasites,0.5434782608695652,5.4347826086956524e-8,92000000
Parasites,0.5434782608695652,6.451612903225807e-8,93000000
Parasites,0.5434782608695652,6.382978723404255e-8,94000000
Parasites,0.5434782608695652,6.31578947368421e-8,95000000
Parasites,0.5434782608695652,6.25e-8,96000000
Parasites,0.5434782608695652,6.185567010309278e-8,97000000
Parasites,0.5434782608695652,6.122448979591837e-8,98000000
Parasites,0.5434782608695652,6.060606060606061e-8,99000000
Parasites,0.5434782608695652,6.0e-8,100000000
