Herbivores,0.5138573375738301,0.995788,1000000
Herbivores,0.5138573375738301,0.995765,2000000
Herbivores,0.5138573375738301,0.9957936666666667,3000000
Herbivores,0.5138573375738301,0.99579775,4000000
Herbivores,0.5138573375738301,0.9958022,5000000
Herbivores,0.5138573375738301,0.995791,6000000
Herbivores,0.5138573375738301,0.9957941428571428,7000000
Herbivores,0.5138573375738301,0.99578875,8000000
Herbivores,0.5138573375738301,0.9958063333333333,9000000
Herbivores,0.5138573375738301,0.9958185,10000000
Herbivores,0.5138573375738301,0.9958299090909091,11000000
Herbivores,0.5138573375738301,0.9958234166666666,12000000
Herbivores,0.5138573375738301,0.9958163076923077,13000000
Herbivores,0.5138573375738301,0.9958136428571429,14000000
Herbivores,0.5138573375738301,0.9958142666666666,15000000
Herbivores,0.5138573375738301,0.9958155625,16000000
Herbivores,0.5138573375738301,0.9958151176470589,17000000
Herbivores,0.5138573375738301,0.9958105,18000000
Herbivores,0.5138573375738301,0.9958135263157895,19000000
Herbivores,0.5138573375738301,0.9958082,20000000
Herbivores,0.5138573375738301,0.9958063333333333,21000000
Herbivores,0.5138573375738301,0.995804,22000000
Herbivores,0.5138573375738301,0.9958063913043478,23000000
Herbivores,0.5138573375738301,0.9958042916666666,24000000
Herbivores,0.5138573375738301,0.99580284,25000000
Herbivores,0.5138573375738301,0.9958065,26000000
Herbivores,0.5138573375738301,0.9958086296296297,27000000
Herbivores,0.5138573375738301,0.9958061071428571,28000000
Herbivores,0.5138573375738301,0.9958068965517242,29000000
Herbivores,0.5138573375738301,0.9958082333333333,30000000
Herbivores,0.5138573375738301,0.995804129032258,31000000
Herbivores,0.5138573375738301,0.99580403125,32000000
Herbivores,0.5138573375738301,0.995803,33000000
Herbivores,0.5138573375738301,0.9958021764705882,34000000
Herbivores,0.5138573375738301,0.9958006571428571,35000000
Herbivores,0.5138573375738301,0.9958025,36000000
Herbivores,0.5138573375738301,0.9958002432432432,37000000
Herbivores,0.5138573375738301,0.9958004210526316,38000000
Herbivores,0.5138573375738301,0.9957990769230769,39000000
Herbivores,0.5138573375738301,0.995800175,40000000
Herbivores,0.5138573375738301,0.9958008292682927,41000000
Herbivores,0.5138573375738301,0.9958013571428571,42000000
Herbivores,0.5138573375738301,0.9958041162790697,43000000
Herbivores,0.5138573375738301,0.9958050909090909,44000000
Herbivores,0.5138573375738301,0.9958076888888889,45000000
Herbivores,0.5138573375738301,0.9958069782608696,46000000
Herbivores,0.5138573375738301,0.9958074680851063,47000000
Herbivores,0.5138573375738301,0.9958071666666667,48000000
Herbivores,0.5138573375738301,0.9958061836734694,49000000
Herbivores,0.5138573375738301,0.99580674,50000000
Herbivores,0.5138573375738301,0.995806274509804,51000000
Herbivores,0.5138573375738301,0.9958051730769231,52000000
Herbivores,0.5138573375738301,0.9958063773584905,53000000
Herbivores,0.5138573375738301,0.9958067222222222,54000000
Herbivores,0.5138573375738301,0.9958065818181818,55000000
Herbivores,0.5138573375738301,0.9958065714285714,56000000
Herbivores,0.5138573375738301,0.9958074385964912,57000000
Herbivores,0.5138573375738301,0.9958083620689655,58000000
Herbivores,0.5138573375738301,0.9958091694915254,59000000
Herbivores,0.5138573375738301,0.9958089166666667,60000000
Herbivores,0.5138573375738301,0.9958087868852459,61000000
Herbivores,0.5138573375738301,0.9958069193548387,62000000
Herbivores,0.5138573375738301,0.9958078571428571,63000000
Herbivores,0.5138573375738301,0.9958085625,64000000
Herbivores,0.5138573375738301,0.9958086615384616,65000000
Herbivores,0.5138573375738301,0.9958102121212121,66000000
Herbivores,0.5138573375738301,0.9958108507462686,67000000
Herbivores,0.5138573375738301,0.9958101470588235,68000000
Herbivores,0.5138573375738301,0.9958095217391304,69000000
Herbivores,0.5138573375738301,0.9958101714285714,70000000
Herbivores,0.5138573375738301,0.9958110563380281,71000000
Herbivores,0.5138573375738301,0.9958106805555555,72000000
Herbivores,0.5138573375738301,0.995811602739726,73000000
Herbivores,0.5138573375738301,0.9958124594594595,74000000
Herbivores,0.5138573375738301,0.99581308,75000000
Herbivores,0.5138573375738301,0.9958135131578948,76000000
Herbivores,0.5138573375738301,0.9958133116883117,77000000
Herbivores,0.5138573375738301,0.995813564102564,78000000
Herbivores,0.5138573375738301,0.9958144050632911,79000000
Herbivores,0.5138573375738301,0.995813225,80000000
Herbivores,0.5138573375738301,0.9958134938271604,81000000
Herbivores,0.5138573375738301,0.9958126097560975,82000000
Herbivores,0.5138573375738301,0.9958122289156627,83000000
Herbivores,0.5138573375738301,0.9958124047619048,84000000
Herbivores,0.5138573375738301,0.9958132705882353,85000000
Herbivores,0.5138573375738301,0.995813523255814,86000000
Herbivores,0.5138573375738301,0.995812632183908,87000000
Herbivores,0.5138573375738301,0.9958122272727272,88000000
Herbivores,0.5138573375738301,0.9958115393258427,89000000
Herbivores,0.5138573375738301,0.9958113888888889,90000000
Herbivores,0.5138573375738301,0.995811065934066,91000000
Herbivores,0.5138573375738301,0.9958116630434782,92000000
Herbivores,0.5138573375738301,0.995811623655914,93000000
Herbivores,0.5138573375738301,0.9958113191489362,94000000
Herbivores,0.5138573375738301,0.9958118842105264,95000000
Herbivores,0.5138573375738301,0.9958116770833333,96000000
Herbivores,0.5138573375738301,0.9958122164948454,97000000
Herbivores,0.5138573375738301,0.9958116224489796,98000000
Herbivores,0.5138573375738301,0.9958104545454546,99000000
Herbivores,0.5138573375738301,0.99581016,100000000
