Primary_Producers,0.8994082840236687,0.80859,1000000
Primary_Producers,0.8994082840236687,0.808709,2000000
Primary_Producers,0.8994082840236687,0.8087283333333334,3000000
Primary_Producers,0.8994082840236687,0.8086975,4000000
Primary_Producers,0.8994082840236687,0.808526,5000000
Primary_Producers,0.8994082840236687,0.8085915,6000000
Primary_Producers,0.8994082840236687,0.8085887142857143,7000000
Primary_Producers,0.8994082840236687,0.808607125,8000000
Primary_Producers,0.8994082840236687,0.8085947777777778,9000000
Primary_Producers,0.8994082840236687,0.8085693,10000000
Primary_Producers,0.8994082840236687,0.8085780909090909,11000000
Primary_Producers,0.8994082840236687,0.80858175,12000000
Primary_Producers,0.8994082840236687,0.8084818461538461,13000000
Primary_Producers,0.8994082840236687,0.8084867142857143,14000000
Primary_Producers,0.8994082840236687,0.8084211333333333,15000000
Primary_Producers,0.8994082840236687,0.8084323125,16000000
Primary_Producers,0.8994082840236687,0.8084045294117647,17000000
Primary_Producers,0.8994082840236687,0.8084252777777777,18000000
Primary_Producers,0.8994082840236687,0.8084302105263158,19000000
Primary_Producers,0.8994082840236687,0.8084429,20000000
Primary_Producers,0.8994082840236687,0.8084433333333333,21000000
Primary_Producers,0.8994082840236687,0.8084478636363637,22000000
Primary_Producers,0.8994082840236687,0.8084341304347826,23000000
Primary_Producers,0.8994082840236687,0.8084440416666666,24000000
Primary_Producers,0.8994082840236687,0.8084456,25000000
Primary_Producers,0.8994082840236687,0.8084452692307692,26000000
Primary_Producers,0.8994082840236687,0.808432962962963,27000000
Primary_Producers,0.8994082840236687,0.8083977142857143,28000000
Primary_Producers,0.8994082840236687,0.8083848275862069,29000000
Primary_Producers,0.8994082840236687,0.8083823666666666,30000000
Primary_Producers,0.8994082840236687,0.808386935483871,31000000
Primary_Producers,0.8994082840236687,0.80839390625,32000000
Primary_Producers,0.8994082840236687,0.8084072727272728,33000000
Primary_Producers,0.8994082840236687,0.8083995294117647,34000000
Primary_Producers,0.8994082840236687,0.808399,35000000
Primary_Producers,0.8994082840236687,0.8084008611111111,36000000
Primary_Producers,0.8994082840236687,0.808404972972973,37000000
Primary_Producers,0.8994082840236687,0.8084066315789473,38000000
Primary_Producers,0.8994082840236687,0.8084013846153846,39000000
Primary_Producers,0.8994082840236687,0.80841195,40000000
Primary_Producers,0.8994082840236687,0.8084101707317073,41000000
Primary_Producers,0.8994082840236687,0.8084163095238095,42000000
Primary_Producers,0.8994082840236687,0.8084181395348837,43000000
Primary_Producers,0.8994082840236687,0.8084206363636364,44000000
Primary_Producers,0.8994082840236687,0.8084256444444444,45000000
Primary_Producers,0.8994082840236687,0.808421652173913,46000000
Primary_Producers,0.8994082840236687,0.8084185319148937,47000000
Primary_Producers,0.8994082840236687,0.8084196041666667,48000000
Primary_Producers,0.8994082840236687,0.8084337346938776,49000000
Primary_Producers,0.8994082840236687,0.80842248,50000000
Primary_Producers,0.8994082840236687,0.8084114117647059,51000000
Primary_Producers,0.8994082840236687,0.80842475,52000000
Primary_Producers,0.8994082840236687,0.8084133773584906,53000000
Primary_Producers,0.8994082840236687,0.8084070185185185,54000000
Primary_Producers,0.8994082840236687,0.8084136727272727,55000000
Primary_Producers,0.8994082840236687,0.8084105714285714,56000000
Primary_Producers,0.8994082840236687,0.8084107368421053,57000000
Primary_Producers,0.8994082840236687,0.8084274137931035,58000000
Primary_Producers,0.8994082840236687,0.8084298474576271,59000000
Primary_Producers,0.8994082840236687,0.80843025,60000000
Primary_Producers,0.8994082840236687,0.8084164098360656,61000000
Primary_Producers,0.8994082840236687,0.8084098225806452,62000000
Primary_Producers,0.8994082840236687,0.8084072380952381,63000000
Primary_Producers,0.8994082840236687,0.80841059375,64000000
Primary_Producers,0.8994082840236687,0.8084051538461539,65000000
Primary_Producers,0.8994082840236687,0.8084017575757576,66000000
Primary_Producers,0.8994082840236687,0.808385223880597,67000000
Primary_Producers,0.8994082840236687,0.8083971911764706,68000000
Primary_Producers,0.8994082840236687,0.8083969855072464,69000000
Primary_Producers,0.8994082840236687,0.8084004857142857,70000000
Primary_Producers,0.8994082840236687,0.8084051126760563,71000000
Primary_Producers,0.8994082840236687,0.8083935972222223,72000000
Primary_Producers,0.8994082840236687,0.8083952328767123,73000000
Primary_Producers,0.8994082840236687,0.8083928783783784,74000000
Primary_Producers,0.8994082840236687,0.8083892133333334,75000000
Primary_Producers,0.8994082840236687,0.8083861052631579,76000000
Primary_Producers,0.8994082840236687,0.8083845584415584,77000000
Primary_Producers,0.8994082840236687,0.8083836538461538,78000000
Primary_Producers,0.8994082840236687,0.8083933544303797,79000000
Primary_Producers,0.8994082840236687,0.8083897625,80000000
Primary_Producers,0.8994082840236687,0.8083858888888888,81000000
Primary_Producers,0.8994082840236687,0.8083855609756098,82000000
Primary_Producers,0.8994082840236687,0.8084012771084337,83000000
Primary_Producers,0.8994082840236687,0.8083996428571428,84000000
Primary_Producers,0.8994082840236687,0.8084014470588236,85000000
Primary_Producers,0.8994082840236687,0.8083944651162791,86000000
Primary_Producers,0.8994082840236687,0.8083943333333333,87000000
Primary_Producers,0.8994082840236687,0.8083885909090909,88000000
Primary_Producers,0.8994082840236687,0.8083813820224719,89000000
Primary_Producers,0.8994082840236687,0.8083780333333334,90000000
Primary_Producers,0.8994082840236687,0.8083768131868132,91000000
Primary_Producers,0.8994082840236687,0.808379847826087,92000000
Primary_Producers,0.8994082840236687,0.8083738064516129,93000000
Primary_Producers,0.8994082840236687,0.808379829787234,94000000
Primary_Producers,0.8994082840236687,0.8083811368421052,95000000
Primary_Producers,0.8994082840236687,0.80838365625,96000000
Primary_Producers,0.8994082840236687,0.808378556701031,97000000
Primary_Producers,0.8994082840236687,0.8083764897959184,98000000
Primary_Producers,0.8994082840236687,0.8083818484848485,99000000
Primary_Producers,0.8994082840236687,0.80837939,100000000
