Primary_Producers,0.8532921810699587,0.709431,1000000
Primary_Producers,0.8532921810699587,0.7097015,2000000
Primary_Producers,0.8532921810699587,0.7097903333333333,3000000
Primary_Producers,0.8532921810699587,0.709649,4000000
Primary_Producers,0.8532921810699587,0.7097774,5000000
Primary_Producers,0.8532921810699587,0.7096881666666667,6000000
Primary_Producers,0.8532921810699587,0.7095927142857142,7000000
Primary_Producers,0.8532921810699587,0.70968225,8000000
Primary_Producers,0.8532921810699587,0.7096825555555556,9000000
Primary_Producers,0.8532921810699587,0.709671,10000000
Primary_Producers,0.8532921810699587,0.7096861818181818,11000000
Primary_Producers,0.8532921810699587,0.7097365833333333,12000000
Primary_Producers,0.8532921810699587,0.709747923076923,13000000
Primary_Producers,0.8532921810699587,0.7097035,14000000
Primary_Producers,0.8532921810699587,0.709702,15000000
Primary_Producers,0.8532921810699587,0.709702125,16000000
Primary_Producers,0.8532921810699587,0.7097068823529412,17000000
Primary_Producers,0.8532921810699587,0.7096858333333333,18000000
Primary_Producers,0.8532921810699587,0.7096818421052632,19000000
Primary_Producers,0.8532921810699587,0.70968785,20000000
Primary_Producers,0.8532921810699587,0.7096729523809524,21000000
Primary_Producers,0.8532921810699587,0.7096482727272727,22000000
Primary_Producers,0.8532921810699587,0.7096530434782609,23000000
Primary_Producers,0.8532921810699587,0.7096423333333334,24000000
Primary_Producers,0.8532921810699587,0.70963924,25000000
Primary_Producers,0.8532921810699587,0.7096450769230769,26000000
Primary_Producers,0.8532921810699587,0.7096448888888889,27000000
Primary_Producers,0.8532921810699587,0.7096505357142857,28000000
Primary_Producers,0.8532921810699587,0.7096343103448276,29000000
Primary_Producers,0.8532921810699587,0.7096319333333333,30000000
Primary_Producers,0.8532921810699587,0.7096414193548387,31000000
Primary_Producers,0.8532921810699587,0.70963021875,32000000
Primary_Producers,0.8532921810699587,0.7095981212121212,33000000
Primary_Producers,0.8532921810699587,0.7096050882352941,34000000
Primary_Producers,0.8532921810699587,0.7095813428571428,35000000
Primary_Producers,0.8532921810699587,0.7095801944444444,36000000
Primary_Producers,0.8532921810699587,0.7095924054054054,37000000
Primary_Producers,0.8532921810699587,0.7095823947368421,38000000
Primary_Producers,0.8532921810699587,0.7095681538461538,39000000
Primary_Producers,0.8532921810699587,0.709564325,40000000
Primary_Producers,0.8532921810699587,0.7095555365853659,41000000
Primary_Producers,0.8532921810699587,0.7095396904761905,42000000
Primary_Producers,0.8532921810699587,0.7095493023255814,43000000
Primary_Producers,0.8532921810699587,0.7095506590909091,44000000
Primary_Producers,0.8532921810699587,0.7095530222222223,45000000
Primary_Producers,0.8532921810699587,0.7095494347826087,46000000
Primary_Producers,0.8532921810699587,0.7095577234042553,47000000
Primary_Producers,0.8532921810699587,0.7095626875,48000000
Primary_Producers,0.8532921810699587,0.709572775510204,49000000
Primary_Producers,0.8532921810699587,0.70959104,50000000
Primary_Producers,0.8532921810699587,0.7095988823529412,51000000
Primary_Producers,0.8532921810699587,0.7095965384615385,52000000
Primary_Producers,0.8532921810699587,0.7096117924528302,53000000
Primary_Producers,0.8532921810699587,0.7096119074074074,54000000
Primary_Producers,0.8532921810699587,0.7096030909090909,55000000
Primary_Producers,0.8532921810699587,0.7095921428571429,56000000
Primary_Producers,0.8532921810699587,0.7096070350877193,57000000
Primary_Producers,0.8532921810699587,0.7096115862068966,58000000
Primary_Producers,0.8532921810699587,0.709607,59000000
Primary_Producers,0.8532921810699587,0.7096042333333333,60000000
Primary_Producers,0.8532921810699587,0.7095939180327869,61000000
Primary_Producers,0.8532921810699587,0.7095802096774193,62000000
Primary_Producers,0.8532921810699587,0.7095870476190477,63000000
Primary_Producers,0.8532921810699587,0.709587296875,64000000
Primary_Producers,0.8532921810699587,0.7095853692307692,65000000
Primary_Producers,0.8532921810699587,0.7095889393939394,66000000
Primary_Producers,0.8532921810699587,0.7095828358208955,67000000
Primary_Producers,0.8532921810699587,0.7095817941176471,68000000
Primary_Producers,0.8532921810699587,0.7095771884057971,69000000
Primary_Producers,0.8532921810699587,0.7095797285714286,70000000
Primary_Producers,0.8532921810699587,0.7095855774647888,71000000
Primary_Producers,0.8532921810699587,0.7095799166666666,72000000
Primary_Producers,0.8532921810699587,0.7095940410958904,73000000
Primary_Producers,0.8532921810699587,0.7095797162162162,74000000
Primary_Producers,0.8532921810699587,0.70958436,75000000
Primary_Producers,0.8532921810699587,0.7095831842105264,76000000
Primary_Producers,0.8532921810699587,0.7095912597402597,77000000
Primary_Producers,0.8532921810699587,0.7095850256410257,78000000
Primary_Producers,0.8532921810699587,0.7095851265822785,79000000
Primary_Producers,0.8532921810699587,0.70958655,80000000
Primary_Producers,0.8532921810699587,0.7095896049382716,81000000
Primary_Producers,0.8532921810699587,0.7096049146341463,82000000
Primary_Producers,0.8532921810699587,0.709600686746988,83000000
Primary_Producers,0.8532921810699587,0.709602130952381,84000000
Primary_Producers,0.8532921810699587,0.7095943647058823,85000000
Primary_Producers,0.8532921810699587,0.7095875930232558,86000000
Primary_Producers,0.8532921810699587,0.709587459770115,87000000
Primary_Producers,0.8532921810699587,0.7095868636363636,88000000
Primary_Producers,0.8532921810699587,0.7095901460674158,89000000
Primary_Producers,0.8532921810699587,0.7095833,90000000
Primary_Producers,0.8532921810699587,0.7095803296703297,91000000
Primary_Producers,0.8532921810699587,0.7095745869565218,92000000
Primary_Producers,0.8532921810699587,0.7095781505376344,93000000
Primary_Producers,0.8532921810699587,0.7095810638297873,94000000
Primary_Producers,0.8532921810699587,0.7095769263157895,95000000
Primary_Producers,0.8532921810699587,0.709582375,96000000
Primary_Producers,0.8532921810699587,0.7095865154639175,97000000
Primary_Producers,0.8532921810699587,0.7095803061224489,98000000
Primary_Producers,0.8532921810699587,0.7095849393939394,99000000
Primary_Producers,0.8532921810699587,0.7095864,100000000
