Primary_Producers,0.9565217391304348,0.223861,1000000
Primary_Producers,0.9565217391304348,0.2241995,2000000
Primary_Producers,0.9565217391304348,0.22442333333333334,3000000
Primary_Producers,0.9565217391304348,0.2241755,4000000
Primary_Producers,0.9565217391304348,0.2240204,5000000
Primary_Producers,0.9565217391304348,0.224036,6000000
Primary_Producers,0.9565217391304348,0.22413342857142857,7000000
Primary_Producers,0.9565217391304348,0.224181375,8000000
Primary_Producers,0.9565217391304348,0.22417,9000000
Primary_Producers,0.9565217391304348,0.224115,10000000
Primary_Producers,0.9565217391304348,0.2242151818181818,11000000
Primary_Producers,0.9565217391304348,0.22417841666666666,12000000
Primary_Producers,0.9565217391304348,0.22411284615384616,13000000
Primary_Producers,0.9565217391304348,0.22415114285714285,14000000
Primary_Producers,0.9565217391304348,0.22415886666666668,15000000
Primary_Producers,0.9565217391304348,0.224190125,16000000
Primary_Producers,0.9565217391304348,0.22411123529411764,17000000
Primary_Producers,0.9565217391304348,0.22415544444444443,18000000
Primary_Producers,0.9565217391304348,0.22416915789473685,19000000
Primary_Producers,0.9565217391304348,0.2241916,20000000
Primary_Producers,0.9565217391304348,0.22416771428571428,21000000
Primary_Producers,0.9565217391304348,0.22417781818181817,22000000
Primary_Producers,0.9565217391304348,0.22420460869565217,23000000
Primary_Producers,0.9565217391304348,0.22421566666666667,24000000
Primary_Producers,0.9565217391304348,0.22421312,25000000
Primary_Producers,0.9565217391304348,0.2241996923076923,26000000
Primary_Producers,0.9565217391304348,0.2242061111111111,27000000
Primary_Producers,0.9565217391304348,0.22422282142857142,28000000
Primary_Producers,0.9565217391304348,0.22422279310344828,29000000
Primary_Producers,0.9565217391304348,0.22422166666666668,30000000
Primary_Producers,0.9565217391304348,0.2241951935483871,31000000
Primary_Producers,0.9565217391304348,0.22421303125,32000000
Primary_Producers,0.9565217391304348,0.22422560606060607,33000000
Primary_Producers,0.9565217391304348,0.22421167647058823,34000000
Primary_Producers,0.9565217391304348,0.22421522857142856,35000000
Primary_Producers,0.9565217391304348,0.22420616666666668,36000000
Primary_Producers,0.9565217391304348,0.22420843243243244,37000000
Primary_Producers,0.9565217391304348,0.2242245789473684,38000000
Primary_Producers,0.9565217391304348,0.22422892307692308,39000000
Primary_Producers,0.9565217391304348,0.224237625,40000000
Primary_Producers,0.9565217391304348,0.2242420243902439,41000000
Primary_Producers,0.9565217391304348,0.22423954761904763,42000000
Primary_Producers,0.9565217391304348,0.22423246511627906,43000000
Primary_Producers,0.9565217391304348,0.22421884090909092,44000000
Primary_Producers,0.9565217391304348,0.22421988888888889,45000000
Primary_Producers,0.9565217391304348,0.22421315217391305,46000000
Primary_Producers,0.9565217391304348,0.22421672340425533,47000000
Primary_Producers,0.9565217391304348,0.224227625,48000000
Primary_Producers,0.9565217391304348,0.224231693877551,49000000
Primary_Producers,0.9565217391304348,0.22423814,50000000
Primary_Producers,0.9565217391304348,0.224233,51000000
Primary_Producers,0.9565217391304348,0.22424596153846155,52000000
Primary_Producers,0.9565217391304348,0.22424332075471698,53000000
Primary_Producers,0.9565217391304348,0.22423844444444443,54000000
Primary_Producers,0.9565217391304348,0.2242453090909091,55000000
Primary_Producers,0.9565217391304348,0.2242411607142857,56000000
Primary_Producers,0.9565217391304348,0.22425364912280701,57000000
Primary_Producers,0.9565217391304348,0.22424620689655173,58000000
Primary_Producers,0.9565217391304348,0.2242513220338983,59000000
Primary_Producers,0.9565217391304348,0.22424743333333333,60000000
Primary_Producers,0.9565217391304348,0.22425473770491802,61000000
Primary_Producers,0.9565217391304348,0.22424558064516129,62000000
Primary_Producers,0.9565217391304348,0.22425031746031746,63000000
Primary_Producers,0.9565217391304348,0.224251140625,64000000
Primary_Producers,0.9565217391304348,0.2242505076923077,65000000
Primary_Producers,0.9565217391304348,0.22425078787878788,66000000
Primary_Producers,0.9565217391304348,0.22424913432835822,67000000
Primary_Producers,0.9565217391304348,0.2242509705882353,68000000
Primary_Producers,0.9565217391304348,0.22424628985507247,69000000
Primary_Producers,0.9565217391304348,0.22423727142857142,70000000
Primary_Producers,0.9565217391304348,0.22424305633802816,71000000
Primary_Producers,0.9565217391304348,0.22424331944444445,72000000
Primary_Producers,0.9565217391304348,0.2242387808219178,73000000
Primary_Producers,0.9565217391304348,0.22423067567567567,74000000
Primary_Producers,0.9565217391304348,0.22423852,75000000
Primary_Producers,0.9565217391304348,0.22423596052631578,76000000
Primary_Producers,0.9565217391304348,0.22423133766233766,77000000
Primary_Producers,0.9565217391304348,0.22423001282051283,78000000
Primary_Producers,0.9565217391304348,0.22423398734177216,79000000
Primary_Producers,0.9565217391304348,0.2242301875,80000000
Primary_Producers,0.9565217391304348,0.22423569135802468,81000000
Primary_Producers,0.9565217391304348,0.22422958536585366,82000000
Primary_Producers,0.9565217391304348,0.22421893975903615,83000000
Primary_Producers,0.9565217391304348,0.2242272857142857,84000000
Primary_Producers,0.9565217391304348,0.22422451764705884,85000000
Primary_Producers,0.9565217391304348,0.22422552325581396,86000000
Primary_Producers,0.9565217391304348,0.22423141379310343,87000000
Primary_Producers,0.9565217391304348,0.22422232954545454,88000000
Primary_Producers,0.9565217391304348,0.22422149438202246,89000000
Primary_Producers,0.9565217391304348,0.22422106666666666,90000000
Primary_Producers,0.9565217391304348,0.22421656043956045,91000000
Primary_Producers,0.9565217391304348,0.22421725,92000000
Primary_Producers,0.9565217391304348,0.22421167741935483,93000000
Primary_Producers,0.9565217391304348,0.22421897872340427,94000000
Primary_Producers,0.9565217391304348,0.22421823157894738,95000000
Primary_Producers,0.9565217391304348,0.22422053125,96000000
Primary_Producers,0.9565217391304348,0.22421659793814433,97000000
Primary_Producers,0.9565217391304348,0.22421367346938775,98000000
Primary_Producers,0.9565217391304348,0.22421388888888888,99000000
Primary_Producers,0.9565217391304348,0.22420836,100000000
