Primary_Producers,0.819047619047619,0.883874,1000000
Primary_Producers,0.819047619047619,0.8839525,2000000
Primary_Producers,0.819047619047619,0.884099,3000000
Primary_Producers,0.819047619047619,0.88398475,4000000
Primary_Producers,0.819047619047619,0.8839254,5000000
Primary_Producers,0.819047619047619,0.8839518333333334,6000000
Primary_Producers,0.819047619047619,0.8839581428571428,7000000
Primary_Producers,0.819047619047619,0.88399475,8000000
Primary_Producers,0.819047619047619,0.8839826666666667,9000000
Primary_Producers,0.819047619047619,0.8839834,10000000
Primary_Producers,0.819047619047619,0.8839811818181819,11000000
Primary_Producers,0.819047619047619,0.8839558333333334,12000000
Primary_Producers,0.819047619047619,0.883939,13000000
Primary_Producers,0.819047619047619,0.8839211428571428,14000000
Primary_Producers,0.819047619047619,0.8839468666666667,15000000
Primary_Producers,0.819047619047619,0.8839468125,16000000
Primary_Producers,0.819047619047619,0.8839798235294117,17000000
Primary_Producers,0.819047619047619,0.8839911111111111,18000000
Primary_Producers,0.819047619047619,0.8839904736842106,19000000
Primary_Producers,0.819047619047619,0.8839839,20000000
Primary_Producers,0.819047619047619,0.8839829047619048,21000000
Primary_Producers,0.819047619047619,0.8839849090909091,22000000
Primary_Producers,0.819047619047619,0.8840006086956522,23000000
Primary_Producers,0.819047619047619,0.8840006666666667,24000000
Primary_Producers,0.819047619047619,0.88399624,25000000
Primary_Producers,0.819047619047619,0.8839963076923076,26000000
Primary_Producers,0.819047619047619,0.8840001111111111,27000000
Primary_Producers,0.819047619047619,0.8840059642857143,28000000
Primary_Producers,0.819047619047619,0.8839913793103449,29000000
Primary_Producers,0.819047619047619,0.8839982333333334,30000000
Primary_Producers,0.819047619047619,0.8840024193548387,31000000
Primary_Producers,0.819047619047619,0.8839844375,32000000
Primary_Producers,0.819047619047619,0.8839821515151515,33000000
Primary_Producers,0.819047619047619,0.8839877352941177,34000000
Primary_Producers,0.819047619047619,0.8839807714285715,35000000
Primary_Producers,0.819047619047619,0.8839779444444444,36000000
Primary_Producers,0.819047619047619,0.8839898108108108,37000000
Primary_Producers,0.819047619047619,0.8840063947368421,38000000
Primary_Producers,0.819047619047619,0.8839923846153847,39000000
Primary_Producers,0.819047619047619,0.88399,40000000
Primary_Producers,0.819047619047619,0.8839927804878048,41000000
Primary_Producers,0.819047619047619,0.8839946666666667,42000000
Primary_Producers,0.819047619047619,0.8839821395348837,43000000
Primary_Producers,0.819047619047619,0.8839844318181819,44000000
Primary_Producers,0.819047619047619,0.8839802,45000000
Primary_Producers,0.819047619047619,0.8839741521739131,46000000
Primary_Producers,0.819047619047619,0.8839807021276596,47000000
Primary_Producers,0.819047619047619,0.8839792916666667,48000000
Primary_Producers,0.819047619047619,0.8839917959183673,49000000
Primary_Producers,0.819047619047619,0.88399406,50000000
Primary_Producers,0.819047619047619,0.8839878235294117,51000000
Primary_Producers,0.819047619047619,0.8839821730769231,52000000
Primary_Producers,0.819047619047619,0.8839846226415095,53000000
Primary_Producers,0.819047619047619,0.8839873333333333,54000000
Primary_Producers,0.819047619047619,0.8839855818181818,55000000
Primary_Producers,0.819047619047619,0.8839813928571428,56000000
Primary_Producers,0.819047619047619,0.8839815087719298,57000000
Primary_Producers,0.819047619047619,0.8839925517241379,58000000
Primary_Producers,0.819047619047619,0.883985593220339,59000000
Primary_Producers,0.819047619047619,0.8839821333333333,60000000
Primary_Producers,0.819047619047619,0.8839817704918033,61000000
Primary_Producers,0.819047619047619,0.8839807580645161,62000000
Primary_Producers,0.819047619047619,0.8839791746031747,63000000
Primary_Producers,0.819047619047619,0.883974109375,64000000
Primary_Producers,0.819047619047619,0.8839717846153846,65000000
Primary_Producers,0.819047619047619,0.8839718939393939,66000000
Primary_Producers,0.819047619047619,0.8839774328358209,67000000
Primary_Producers,0.819047619047619,0.8839720147058824,68000000
Primary_Producers,0.819047619047619,0.8839622898550724,69000000
Primary_Producers,0.819047619047619,0.8839638428571429,70000000
Primary_Producers,0.819047619047619,0.8839681267605634,71000000
Primary_Producers,0.819047619047619,0.883969875,72000000
Primary_Producers,0.819047619047619,0.883973602739726,73000000
Primary_Producers,0.819047619047619,0.8839677972972972,74000000
Primary_Producers,0.819047619047619,0.8839659333333333,75000000
Primary_Producers,0.819047619047619,0.8839616842105263,76000000
Primary_Producers,0.819047619047619,0.8839618311688312,77000000
Primary_Producers,0.819047619047619,0.8839638461538462,78000000
Primary_Producers,0.819047619047619,0.8839647341772152,79000000
Primary_Producers,0.819047619047619,0.8839677125,80000000
Primary_Producers,0.819047619047619,0.8839695061728395,81000000
Primary_Producers,0.819047619047619,0.8839771463414634,82000000
Primary_Producers,0.819047619047619,0.8839730602409639,83000000
Primary_Producers,0.819047619047619,0.8839674285714286,84000000
Primary_Producers,0.819047619047619,0.883968,85000000
Primary_Producers,0.819047619047619,0.883970511627907,86000000
Primary_Producers,0.819047619047619,0.8839717011494252,87000000
Primary_Producers,0.819047619047619,0.8839665568181818,88000000
Primary_Producers,0.819047619047619,0.8839740449438203,89000000
Primary_Producers,0.819047619047619,0.883971,90000000
Primary_Producers,0.819047619047619,0.8839676923076923,91000000
Primary_Producers,0.819047619047619,0.8839687173913043,92000000
Primary_Producers,0.819047619047619,0.8839695698924731,93000000
Primary_Producers,0.819047619047619,0.8839691170212766,94000000
Primary_Producers,0.819047619047619,0.8839645157894737,95000000
Primary_Producers,0.819047619047619,0.8839645729166666,96000000
Primary_Producers,0.819047619047619,0.8839632474226804,97000000
Primary_Producers,0.819047619047619,0.8839554489795919,98000000
Primary_Producers,0.819047619047619,0.8839556464646464,99000000
Primary_Producers,0.819047619047619,0.88395346,100000000
