Primary_Producers,0.939819004524887,0.945574,1000000
Primary_Producers,0.939819004524887,0.945706,2000000
Primary_Producers,0.939819004524887,0.9458516666666666,3000000
Primary_Producers,0.939819004524887,0.945841,4000000
Primary_Producers,0.939819004524887,0.945816,5000000
Primary_Producers,0.939819004524887,0.945801,6000000
Primary_Producers,0.939819004524887,0.9457728571428572,7000000
Primary_Producers,0.939819004524887,0.945798375,8000000
Primary_Producers,0.939819004524887,0.9457648888888889,9000000
Primary_Producers,0.939819004524887,0.9457441,10000000
Primary_Producers,0.939819004524887,0.9457681818181818,11000000
Primary_Producers,0.939819004524887,0.9457774166666667,12000000
Primary_Producers,0.939819004524887,0.9457545384615385,13000000
Primary_Producers,0.939819004524887,0.9457602142857143,14000000
Primary_Producers,0.939819004524887,0.9457342666666667,15000000
Primary_Producers,0.939819004524887,0.9457275,16000000
Primary_Producers,0.939819004524887,0.9457354117647059,17000000
Primary_Producers,0.939819004524887,0.9457348888888889,18000000
Primary_Producers,0.939819004524887,0.9457341578947368,19000000
Primary_Producers,0.939819004524887,0.9457243,20000000
Primary_Producers,0.939819004524887,0.9456998571428571,21000000
Primary_Producers,0.939819004524887,0.9456889545454545,22000000
Primary_Producers,0.939819004524887,0.945684,23000000
Primary_Producers,0.939819004524887,0.9456919166666666,24000000
Primary_Producers,0.939819004524887,0.94571608,25000000
Primary_Producers,0.939819004524887,0.945715,26000000
Primary_Producers,0.939819004524887,0.9457088518518518,27000000
Primary_Producers,0.939819004524887,0.9457107857142857,28000000
Primary_Producers,0.939819004524887,0.9457136896551724,29000000
Primary_Producers,0.939819004524887,0.9457063,30000000
Primary_Producers,0.939819004524887,0.9457110967741935,31000000
Primary_Producers,0.939819004524887,0.94571509375,32000000
Primary_Producers,0.939819004524887,0.9457039090909091,33000000
Primary_Producers,0.939819004524887,0.9457023235294117,34000000
Primary_Producers,0.939819004524887,0.9457001714285714,35000000
Primary_Producers,0.939819004524887,0.9457005833333333,36000000
Primary_Producers,0.939819004524887,0.9457016486486487,37000000
Primary_Producers,0.939819004524887,0.9457077105263157,38000000
Primary_Producers,0.939819004524887,0.9457045128205128,39000000
Primary_Producers,0.939819004524887,0.945697975,40000000
Primary_Producers,0.939819004524887,0.9457036585365853,41000000
Primary_Producers,0.939819004524887,0.9456997857142857,42000000
Primary_Producers,0.939819004524887,0.9456975813953489,43000000
Primary_Producers,0.939819004524887,0.9456956590909091,44000000
Primary_Producers,0.939819004524887,0.9456878222222223,45000000
Primary_Producers,0.939819004524887,0.9456866086956521,46000000
Primary_Producers,0.939819004524887,0.9456848723404255,47000000
Primary_Producers,0.939819004524887,0.9456851875,48000000
Primary_Producers,0.939819004524887,0.9456934285714286,49000000
Primary_Producers,0.939819004524887,0.94569564,50000000
Primary_Producers,0.939819004524887,0.9456860196078432,51000000
Primary_Producers,0.939819004524887,0.9456919038461539,52000000
Primary_Producers,0.939819004524887,0.9456892830188679,53000000
Primary_Producers,0.939819004524887,0.9456963333333334,54000000
Primary_Producers,0.939819004524887,0.9456938363636364,55000000
Primary_Producers,0.939819004524887,0.9456952678571429,56000000
Primary_Producers,0.939819004524887,0.9456977368421052,57000000
Primary_Producers,0.939819004524887,0.9456980689655172,58000000
Primary_Producers,0.939819004524887,0.9456969322033898,59000000
Primary_Producers,0.939819004524887,0.9456920833333333,60000000
Primary_Producers,0.939819004524887,0.9456877049180328,61000000
Primary_Producers,0.939819004524887,0.945683435483871,62000000
Primary_Producers,0.939819004524887,0.9456844285714285,63000000
Primary_Producers,0.939819004524887,0.94568421875,64000000
Primary_Producers,0.939819004524887,0.9456810615384615,65000000
Primary_Producers,0.939819004524887,0.9456824848484848,66000000
Primary_Producers,0.939819004524887,0.9456831940298508,67000000
Primary_Producers,0.939819004524887,0.9456814117647059,68000000
Primary_Producers,0.939819004524887,0.9456753768115942,69000000
Primary_Producers,0.939819004524887,0.9456761142857143,70000000
Primary_Producers,0.939819004524887,0.9456798873239437,71000000
Primary_Producers,0.939819004524887,0.9456808611111112,72000000
Primary_Producers,0.939819004524887,0.9456852191780822,73000000
Primary_Producers,0.939819004524887,0.9456830540540541,74000000
Primary_Producers,0.939819004524887,0.94568316,75000000
Primary_Producers,0.939819004524887,0.9456807236842105,76000000
Primary_Producers,0.939819004524887,0.9456826363636364,77000000
Primary_Producers,0.939819004524887,0.9456823333333333,78000000
Primary_Producers,0.939819004524887,0.9456821518987342,79000000
Primary_Producers,0.939819004524887,0.9456804,80000000
Primary_Producers,0.939819004524887,0.945678049382716,81000000
Primary_Producers,0.939819004524887,0.9456803902439025,82000000
Primary_Producers,0.939819004524887,0.9456761927710844,83000000
Primary_Producers,0.939819004524887,0.9456730595238095,84000000
Primary_Producers,0.939819004524887,0.9456717294117647,85000000
Primary_Producers,0.939819004524887,0.9456755232558139,86000000
Primary_Producers,0.939819004524887,0.9456760229885057,87000000
Primary_Producers,0.939819004524887,0.9456761136363636,88000000
Primary_Producers,0.939819004524887,0.9456808876404494,89000000
Primary_Producers,0.939819004524887,0.9456825111111111,90000000
Primary_Producers,0.939819004524887,0.945673967032967,91000000
Primary_Producers,0.939819004524887,0.9456742391304348,92000000
Primary_Producers,0.939819004524887,0.945674064516129,93000000
Primary_Producers,0.939819004524887,0.9456750531914894,94000000
Primary_Producers,0.939819004524887,0.9456730736842105,95000000
Primary_Producers,0.939819004524887,0.9456749166666667,96000000
Primary_Producers,0.939819004524887,0.9456726597938144,97000000
Primary_Producers,0.939819004524887,0.945673581632653,98000000
Primary_Producers,0.939819004524887,0.9456775555555555,99000000
Primary_Producers,0.939819004524887,0.94567907,100000000
