Primary_Producers,0.7637600494743352,0.091103,1000000
Primary_Producers,0.7637600494743352,0.0911285,2000000
Primary_Producers,0.7637600494743352,0.09135166666666666,3000000
Primary_Producers,0.7637600494743352,0.09129275,4000000
Primary_Producers,0.7637600494743352,0.0913136,5000000
Primary_Producers,0.7637600494743352,0.0913315,6000000
Primary_Producers,0.7637600494743352,0.09142628571428571,7000000
Primary_Producers,0.7637600494743352,0.091429,8000000
Primary_Producers,0.7637600494743352,0.0915138888888889,9000000
Primary_Producers,0.7637600494743352,0.091501,10000000
Primary_Producers,0.7637600494743352,0.09145545454545455,11000000
Primary_Producers,0.7637600494743352,0.091467,12000000
Primary_Producers,0.7637600494743352,0.09146592307692308,13000000
Primary_Producers,0.7637600494743352,0.09145785714285715,14000000
Primary_Producers,0.7637600494743352,0.09143786666666667,15000000
Primary_Producers,0.7637600494743352,0.0914618125,16000000
Primary_Producers,0.7637600494743352,0.09146570588235294,17000000
Primary_Producers,0.7637600494743352,0.09146272222222222,18000000
Primary_Producers,0.7637600494743352,0.091477,19000000
Primary_Producers,0.7637600494743352,0.091464,20000000
Primary_Producers,0.7637600494743352,0.09143933333333333,21000000
Primary_Producers,0.7637600494743352,0.09145227272727273,22000000
Primary_Producers,0.7637600494743352,0.09146965217391305,23000000
Primary_Producers,0.7637600494743352,0.09148470833333333,24000000
Primary_Producers,0.7637600494743352,0.0914864,25000000
Primary_Producers,0.7637600494743352,0.09148546153846154,26000000
Primary_Producers,0.7637600494743352,0.09148507407407408,27000000
Primary_Producers,0.7637600494743352,0.09149775,28000000
Primary_Producers,0.7637600494743352,0.09149848275862069,29000000
Primary_Producers,0.7637600494743352,0.0914856,30000000
Primary_Producers,0.7637600494743352,0.09149748387096775,31000000
Primary_Producers,0.7637600494743352,0.091490375,32000000
Primary_Producers,0.7637600494743352,0.09147563636363637,33000000
Primary_Producers,0.7637600494743352,0.09148261764705883,34000000
Primary_Producers,0.7637600494743352,0.09148394285714286,35000000
Primary_Producers,0.7637600494743352,0.09147727777777778,36000000
Primary_Producers,0.7637600494743352,0.09147513513513514,37000000
Primary_Producers,0.7637600494743352,0.09148286842105263,38000000
Primary_Producers,0.7637600494743352,0.09147538461538461,39000000
Primary_Producers,0.7637600494743352,0.0914681,40000000
Primary_Producers,0.7637600494743352,0.09147151219512195,41000000
Primary_Producers,0.7637600494743352,0.091477,42000000
Primary_Producers,0.7637600494743352,0.09147248837209303,43000000
Primary_Producers,0.7637600494743352,0.0914745,44000000
Primary_Producers,0.7637600494743352,0.09147377777777778,45000000
Primary_Producers,0.7637600494743352,0.09147236956521738,46000000
Primary_Producers,0.7637600494743352,0.09146434042553192,47000000
Primary_Producers,0.7637600494743352,0.0914781875,48000000
Primary_Producers,0.7637600494743352,0.09148430612244898,49000000
Primary_Producers,0.7637600494743352,0.09147726,50000000
Primary_Producers,0.7637600494743352,0.09147329411764706,51000000
Primary_Producers,0.7637600494743352,0.09146651923076923,52000000
Primary_Producers,0.7637600494743352,0.09146830188679245,53000000
Primary_Producers,0.7637600494743352,0.09146731481481482,54000000
Primary_Producers,0.7637600494743352,0.09146303636363637,55000000
Primary_Producers,0.7637600494743352,0.09146792857142858,56000000
Primary_Producers,0.7637600494743352,0.09147938596491229,57000000
Primary_Producers,0.7637600494743352,0.09148629310344827,58000000
Primary_Producers,0.7637600494743352,0.091481,59000000
Primary_Producers,0.7637600494743352,0.09148265,60000000
Primary_Producers,0.7637600494743352,0.09147660655737705,61000000
Primary_Producers,0.7637600494743352,0.09147003225806452,62000000
Primary_Producers,0.7637600494743352,0.09146561904761905,63000000
Primary_Producers,0.7637600494743352,0.091473,64000000
Primary_Producers,0.7637600494743352,0.0914744923076923,65000000
Primary_Producers,0.7637600494743352,0.09146724242424242,66000000
Primary_Producers,0.7637600494743352,0.091462,67000000
Primary_Producers,0.7637600494743352,0.09146213235294118,68000000
Primary_Producers,0.7637600494743352,0.09146239130434783,69000000
Primary_Producers,0.7637600494743352,0.09145757142857143,70000000
Primary_Producers,0.7637600494743352,0.09145978873239437,71000000
Primary_Producers,0.7637600494743352,0.09146179166666667,72000000
Primary_Producers,0.7637600494743352,0.0914647397260274,73000000
Primary_Producers,0.7637600494743352,0.09145898648648648,74000000
Primary_Producers,0.7637600494743352,0.09146710666666667,75000000
Primary_Producers,0.7637600494743352,0.09145834210526316,76000000
Primary_Producers,0.7637600494743352,0.09145862337662337,77000000
Primary_Producers,0.7637600494743352,0.0914544358974359,78000000
Primary_Producers,0.7637600494743352,0.09145545569620253,79000000
Primary_Producers,0.7637600494743352,0.0914566125,80000000
Primary_Producers,0.7637600494743352,0.09145917283950618,81000000
Primary_Producers,0.7637600494743352,0.09145860975609756,82000000
Primary_Producers,0.7637600494743352,0.0914551686746988,83000000
Primary_Producers,0.7637600494743352,0.09145760714285714,84000000
Primary_Producers,0.7637600494743352,0.09146434117647059,85000000
Primary_Producers,0.7637600494743352,0.09146638372093023,86000000
Primary_Producers,0.7637600494743352,0.09146901149425288,87000000
Primary_Producers,0.7637600494743352,0.09146589772727273,88000000
Primary_Producers,0.7637600494743352,0.09147106741573034,89000000
Primary_Producers,0.7637600494743352,0.09147297777777778,90000000
Primary_Producers,0.7637600494743352,0.09147476923076923,91000000
Primary_Producers,0.7637600494743352,0.09147251086956522,92000000
Primary_Producers,0.7637600494743352,0.09147077419354839,93000000
Primary_Producers,0.7637600494743352,0.0914746914893617,94000000
Primary_Producers,0.7637600494743352,0.09146973684210526,95000000
Primary_Producers,0.7637600494743352,0.09147078125,96000000
Primary_Producers,0.7637600494743352,0.09146851546391753,97000000
Primary_Producers,0.7637600494743352,0.09146567346938775,98000000
Primary_Producers,0.7637600494743352,0.09146251515151516,99000000
Primary_Producers,0.7637600494743352,0.09146489,100000000
