Herbivores,0.4791666666666667,0.972758,1000000
Herbivores,0.4791666666666667,0.972758,2000000
Herbivores,0.4791666666666667,0.972709,3000000
Herbivores,0.4791666666666667,0.97274225,4000000
Herbivores,0.4791666666666667,0.9727512,5000000
Herbivores,0.4791666666666667,0.9727698333333333,6000000
Herbivores,0.4791666666666667,0.9727208571428572,7000000
Herbivores,0.4791666666666667,0.97273975,8000000
Herbivores,0.4791666666666667,0.9727256666666667,9000000
Herbivores,0.4791666666666667,0.9727353,10000000
Herbivores,0.4791666666666667,0.9727348181818182,11000000
Herbivores,0.4791666666666667,0.9727334166666667,12000000
Herbivores,0.4791666666666667,0.9726927692307692,13000000
Herbivores,0.4791666666666667,0.9727017142857143,14000000
Herbivores,0.4791666666666667,0.9727083333333333,15000000
Herbivores,0.4791666666666667,0.972713875,16000000
Herbivores,0.4791666666666667,0.9727221176470588,17000000
Herbivores,0.4791666666666667,0.9727116111111112,18000000
Herbivores,0.4791666666666667,0.9727202105263157,19000000
Herbivores,0.4791666666666667,0.9727092,20000000
Herbivores,0.4791666666666667,0.9727152380952381,21000000
Herbivores,0.4791666666666667,0.9727132272727272,22000000
Herbivores,0.4791666666666667,0.9727305652173913,23000000
Herbivores,0.4791666666666667,0.9727410416666666,24000000
Herbivores,0.4791666666666667,0.97273536,25000000
Herbivores,0.4791666666666667,0.9727351153846154,26000000
Herbivores,0.4791666666666667,0.9727433703703704,27000000
Herbivores,0.4791666666666667,0.9727494642857143,28000000
Herbivores,0.4791666666666667,0.9727492068965518,29000000
Herbivores,0.4791666666666667,0.9727442333333334,30000000
Herbivores,0.4791666666666667,0.9727493548387097,31000000
Herbivores,0.4791666666666667,0.9727535,32000000
Herbivores,0.4791666666666667,0.9727575757575757,33000000
Herbivores,0.4791666666666667,0.9727604705882353,34000000
Herbivores,0.4791666666666667,0.972764,35000000
Herbivores,0.4791666666666667,0.9727666666666667,36000000
Herbivores,0.4791666666666667,0.9727654324324324,37000000
Herbivores,0.4791666666666667,0.9727615789473684,38000000
Herbivores,0.4791666666666667,0.9727576153846154,39000000
Herbivores,0.4791666666666667,0.972761875,40000000
Herbivores,0.4791666666666667,0.9727660731707317,41000000
Herbivores,0.4791666666666667,0.9727675952380952,42000000
Herbivores,0.4791666666666667,0.9727697209302325,43000000
Herbivores,0.4791666666666667,0.9727709545454546,44000000
Herbivores,0.4791666666666667,0.9727694,45000000
Herbivores,0.4791666666666667,0.9727660434782609,46000000
Herbivores,0.4791666666666667,0.9727641276595744,47000000
Herbivores,0.4791666666666667,0.9727633333333333,48000000
Herbivores,0.4791666666666667,0.972758918367347,49000000
Herbivores,0.4791666666666667,0.97275608,50000000
Herbivores,0.4791666666666667,0.9727630784313726,51000000
Herbivores,0.4791666666666667,0.9727625576923077,52000000
Herbivores,0.4791666666666667,0.9727566981132075,53000000
Herbivores,0.4791666666666667,0.9727533518518519,54000000
Herbivores,0.4791666666666667,0.9727565272727273,55000000
Herbivores,0.4791666666666667,0.9727545714285715,56000000
Herbivores,0.4791666666666667,0.9727571578947368,57000000
Herbivores,0.4791666666666667,0.9727603793103449,58000000
Herbivores,0.4791666666666667,0.9727607457627119,59000000
Herbivores,0.4791666666666667,0.9727597333333333,60000000
Herbivores,0.4791666666666667,0.9727587868852459,61000000
Herbivores,0.4791666666666667,0.9727626612903226,62000000
Herbivores,0.4791666666666667,0.9727613015873016,63000000
Herbivores,0.4791666666666667,0.97276346875,64000000
Herbivores,0.4791666666666667,0.9727631538461539,65000000
Herbivores,0.4791666666666667,0.9727631666666666,66000000
Herbivores,0.4791666666666667,0.9727616119402985,67000000
Herbivores,0.4791666666666667,0.9727631617647059,68000000
Herbivores,0.4791666666666667,0.9727682173913044,69000000
Herbivores,0.4791666666666667,0.9727664428571429,70000000
Herbivores,0.4791666666666667,0.9727676760563381,71000000
Herbivores,0.4791666666666667,0.9727654861111111,72000000
Herbivores,0.4791666666666667,0.972760698630137,73000000
Herbivores,0.4791666666666667,0.9727593513513514,74000000
Herbivores,0.4791666666666667,0.9727600666666667,75000000
Herbivores,0.4791666666666667,0.9727637105263158,76000000
Herbivores,0.4791666666666667,0.9727585974025974,77000000
Herbivores,0.4791666666666667,0.9727597692307692,78000000
Herbivores,0.4791666666666667,0.9727586582278481,79000000
Herbivores,0.4791666666666667,0.9727607375,80000000
Herbivores,0.4791666666666667,0.9727612469135802,81000000
Herbivores,0.4791666666666667,0.9727600975609756,82000000
Herbivores,0.4791666666666667,0.9727615421686747,83000000
Herbivores,0.4791666666666667,0.9727617142857143,84000000
Herbivores,0.4791666666666667,0.9727647764705882,85000000
Herbivores,0.4791666666666667,0.9727652441860465,86000000
Herbivores,0.4791666666666667,0.9727647701149426,87000000
Herbivores,0.4791666666666667,0.9727638295454546,88000000
Herbivores,0.4791666666666667,0.9727629775280899,89000000
Herbivores,0.4791666666666667,0.9727586333333333,90000000
Herbivores,0.4791666666666667,0.9727575274725275,91000000
Herbivores,0.4791666666666667,0.9727567173913043,92000000
Herbivores,0.4791666666666667,0.9727556129032258,93000000
Herbivores,0.4791666666666667,0.9727563085106383,94000000
Herbivores,0.4791666666666667,0.9727545157894737,95000000
Herbivores,0.4791666666666667,0.9727560520833334,96000000
Herbivores,0.4791666666666667,0.9727563402061856,97000000
Herbivores,0.4791666666666667,0.9727554795918367,98000000
Herbivores,0.4791666666666667,0.9727558585858586,99000000
Herbivores,0.4791666666666667,0.9727542,100000000
