Parasites,0.4479638009049774,0.99959,1000000
Parasites,0.4479638009049774,0.999603,2000000
Parasites,0.4479638009049774,0.999618,3000000
Parasites,0.4479638009049774,0.9996205,4000000
Parasites,0.4479638009049774,0.9996168,5000000
Parasites,0.4479638009049774,0.9996141666666667,6000000
Parasites,0.4479638009049774,0.9996122857142857,7000000
Parasites,0.4479638009049774,0.9996105,8000000
Parasites,0.4479638009049774,0.999613,9000000
Parasites,0.4479638009049774,0.9996173,10000000
Parasites,0.4479638009049774,0.9996160909090909,11000000
Parasites,0.4479638009049774,0.9996175833333333,12000000
Parasites,0.4479638009049774,0.9996209230769231,13000000
Parasites,0.4479638009049774,0.9996213571428572,14000000
Parasites,0.4479638009049774,0.9996223333333333,15000000
Parasites,0.4479638009049774,0.999621875,16000000
Parasites,0.4479638009049774,0.9996218823529411,17000000
Parasites,0.4479638009049774,0.9996213888888889,18000000
Parasites,0.4479638009049774,0.9996212631578948,19000000
Parasites,0.4479638009049774,0.9996218,20000000
Parasites,0.4479638009049774,0.9996207619047619,21000000
Parasites,0.4479638009049774,0.9996215454545454,22000000
Parasites,0.4479638009049774,0.9996217826086956,23000000
Parasites,0.4479638009049774,0.99962175,24000000
Parasites,0.4479638009049774,0.99962228,25000000
Parasites,0.4479638009049774,0.9996223846153847,26000000
Parasites,0.4479638009049774,0.9996232962962963,27000000
Parasites,0.4479638009049774,0.9996238571428572,28000000
Parasites,0.4479638009049774,0.9996242068965517,29000000
Parasites,0.4479638009049774,0.9996242,30000000
Parasites,0.4479638009049774,0.9996230967741936,31000000
Parasites,0.4479638009049774,0.9996229375,32000000
Parasites,0.4479638009049774,0.9996221212121212,33000000
Parasites,0.4479638009049774,0.9996218529411764,34000000
Parasites,0.4479638009049774,0.9996224,35000000
Parasites,0.4479638009049774,0.9996226944444444,36000000
Parasites,0.4479638009049774,0.9996222972972973,37000000
Parasites,0.4479638009049774,0.9996227894736842,38000000
Parasites,0.4479638009049774,0.9996226666666667,39000000
Parasites,0.4479638009049774,0.999623125,40000000
Parasites,0.4479638009049774,0.999622756097561,41000000
Parasites,0.4479638009049774,0.9996234285714286,42000000
Parasites,0.4479638009049774,0.9996244186046511,43000000
Parasites,0.4479638009049774,0.9996244772727273,44000000
Parasites,0.4479638009049774,0.9996240444444444,45000000
Parasites,0.4479638009049774,0.9996248043478261,46000000
Parasites,0.4479638009049774,0.9996248510638298,47000000
Parasites,0.4479638009049774,0.9996247708333333,48000000
Parasites,0.4479638009049774,0.999625612244898,49000000
Parasites,0.4479638009049774,0.9996252,50000000
Parasites,0.4479638009049774,0.9996247647058824,51000000
Parasites,0.4479638009049774,0.9996249038461539,52000000
Parasites,0.4479638009049774,0.9996242264150943,53000000
Parasites,0.4479638009049774,0.9996237962962963,54000000
Parasites,0.4479638009049774,0.9996236727272727,55000000
Parasites,0.4479638009049774,0.9996232321428571,56000000
Parasites,0.4479638009049774,0.9996232105263158,57000000
Parasites,0.4479638009049774,0.9996231379310345,58000000
Parasites,0.4479638009049774,0.9996223898305084,59000000
Parasites,0.4479638009049774,0.99962305,60000000
Parasites,0.4479638009049774,0.9996230491803278,61000000
Parasites,0.4479638009049774,0.9996229193548387,62000000
Parasites,0.4479638009049774,0.9996227460317461,63000000
Parasites,0.4479638009049774,0.999623234375,64000000
Parasites,0.4479638009049774,0.9996231692307692,65000000
Parasites,0.4479638009049774,0.9996229696969697,66000000
Parasites,0.4479638009049774,0.9996227313432836,67000000
Parasites,0.4479638009049774,0.9996226764705882,68000000
Parasites,0.4479638009049774,0.999623347826087,69000000
Parasites,0.4479638009049774,0.9996235571428571,70000000
Parasites,0.4479638009049774,0.9996234788732394,71000000
Parasites,0.4479638009049774,0.9996231944444445,72000000
Parasites,0.4479638009049774,0.9996232465753425,73000000
Parasites,0.4479638009049774,0.9996228378378378,74000000
Parasites,0.4479638009049774,0.99962268,75000000
Parasites,0.4479638009049774,0.9996227368421052,76000000
Parasites,0.4479638009049774,0.9996225974025974,77000000
Parasites,0.4479638009049774,0.9996226666666667,78000000
Parasites,0.4479638009049774,0.999622835443038,79000000
Parasites,0.4479638009049774,0.9996235625,80000000
Parasites,0.4479638009049774,0.9996231604938272,81000000
Parasites,0.4479638009049774,0.9996233170731708,82000000
Parasites,0.4479638009049774,0.9996232168674699,83000000
Parasites,0.4479638009049774,0.9996229642857143,84000000
Parasites,0.4479638009049774,0.9996229176470588,85000000
Parasites,0.4479638009049774,0.9996231860465117,86000000
Parasites,0.4479638009049774,0.9996235977011494,87000000
Parasites,0.4479638009049774,0.9996234772727273,88000000
Parasites,0.4479638009049774,0.9996233820224719,89000000
Parasites,0.4479638009049774,0.9996231111111111,90000000
Parasites,0.4479638009049774,0.9996232527472527,91000000
Parasites,0.4479638009049774,0.9996234673913044,92000000
Parasites,0.4479638009049774,0.9996233978494624,93000000
Parasites,0.4479638009049774,0.9996231276595745,94000000
Parasites,0.4479638009049774,0.9996232210526316,95000000
Parasites,0.4479638009049774,0.9996231458333333,96000000
Parasites,0.4479638009049774,0.9996231855670104,97000000
Parasites,0.4479638009049774,0.9996232653061224,98000000
Parasites,0.4479638009049774,0.9996231616161616,99000000
Parasites,0.4479638009049774,0.99962325,100000000
