Primary_Producers,0.8555555555555555,0.309603,1000000
Primary_Producers,0.8555555555555555,0.309377,2000000
Primary_Producers,0.8555555555555555,0.30914366666666665,3000000
Primary_Producers,0.8555555555555555,0.308938,4000000
Primary_Producers,0.8555555555555555,0.3087848,5000000
Primary_Producers,0.8555555555555555,0.3088646666666667,6000000
Primary_Producers,0.8555555555555555,0.30880471428571427,7000000
Primary_Producers,0.8555555555555555,0.30877175,8000000
Primary_Producers,0.8555555555555555,0.30880855555555553,9000000
Primary_Producers,0.8555555555555555,0.3087959,10000000
Primary_Producers,0.8555555555555555,0.3087968181818182,11000000
Primary_Producers,0.8555555555555555,0.30883808333333335,12000000
Primary_Producers,0.8555555555555555,0.30884776923076923,13000000
Primary_Producers,0.8555555555555555,0.30886071428571427,14000000
Primary_Producers,0.8555555555555555,0.30883953333333336,15000000
Primary_Producers,0.8555555555555555,0.3088821875,16000000
Primary_Producers,0.8555555555555555,0.3088958823529412,17000000
Primary_Producers,0.8555555555555555,0.3088818888888889,18000000
Primary_Producers,0.8555555555555555,0.3088976315789474,19000000
Primary_Producers,0.8555555555555555,0.30893565,20000000
Primary_Producers,0.8555555555555555,0.30894961904761903,21000000
Primary_Producers,0.8555555555555555,0.3089520909090909,22000000
Primary_Producers,0.8555555555555555,0.3089249565217391,23000000
Primary_Producers,0.8555555555555555,0.30892379166666667,24000000
Primary_Producers,0.8555555555555555,0.30892996,25000000
Primary_Producers,0.8555555555555555,0.3089371923076923,26000000
Primary_Producers,0.8555555555555555,0.30894448148148146,27000000
Primary_Producers,0.8555555555555555,0.3089370714285714,28000000
Primary_Producers,0.8555555555555555,0.3089184827586207,29000000
Primary_Producers,0.8555555555555555,0.30893576666666667,30000000
Primary_Producers,0.8555555555555555,0.3089366129032258,31000000
Primary_Producers,0.8555555555555555,0.308952875,32000000
Primary_Producers,0.8555555555555555,0.3089440606060606,33000000
Primary_Producers,0.8555555555555555,0.3089265882352941,34000000
Primary_Producers,0.8555555555555555,0.30893,35000000
Primary_Producers,0.8555555555555555,0.308924,36000000
Primary_Producers,0.8555555555555555,0.3089344054054054,37000000
Primary_Producers,0.8555555555555555,0.30894273684210527,38000000
Primary_Producers,0.8555555555555555,0.3089448974358974,39000000
Primary_Producers,0.8555555555555555,0.3089614,40000000
Primary_Producers,0.8555555555555555,0.30896468292682927,41000000
Primary_Producers,0.8555555555555555,0.3089706428571429,42000000
Primary_Producers,0.8555555555555555,0.3089667906976744,43000000
Primary_Producers,0.8555555555555555,0.30895975,44000000
Primary_Producers,0.8555555555555555,0.3089715777777778,45000000
Primary_Producers,0.8555555555555555,0.3089525,46000000
Primary_Producers,0.8555555555555555,0.3089532765957447,47000000
Primary_Producers,0.8555555555555555,0.3089526458333333,48000000
Primary_Producers,0.8555555555555555,0.3089485306122449,49000000
Primary_Producers,0.8555555555555555,0.30894178,50000000
Primary_Producers,0.8555555555555555,0.30893311764705883,51000000
Primary_Producers,0.8555555555555555,0.3089288076923077,52000000
Primary_Producers,0.8555555555555555,0.30892430188679243,53000000
Primary_Producers,0.8555555555555555,0.30892053703703704,54000000
Primary_Producers,0.8555555555555555,0.30891012727272726,55000000
Primary_Producers,0.8555555555555555,0.30891217857142855,56000000
Primary_Producers,0.8555555555555555,0.30890908771929826,57000000
Primary_Producers,0.8555555555555555,0.3089134827586207,58000000
Primary_Producers,0.8555555555555555,0.30891628813559324,59000000
Primary_Producers,0.8555555555555555,0.30889938333333333,60000000
Primary_Producers,0.8555555555555555,0.30889118032786883,61000000
Primary_Producers,0.8555555555555555,0.30888548387096776,62000000
Primary_Producers,0.8555555555555555,0.30889287301587304,63000000
Primary_Producers,0.8555555555555555,0.308899140625,64000000
Primary_Producers,0.8555555555555555,0.3088948615384615,65000000
Primary_Producers,0.8555555555555555,0.30888848484848486,66000000
Primary_Producers,0.8555555555555555,0.3088795223880597,67000000
Primary_Producers,0.8555555555555555,0.30887845588235296,68000000
Primary_Producers,0.8555555555555555,0.30888891304347826,69000000
Primary_Producers,0.8555555555555555,0.30889784285714283,70000000
Primary_Producers,0.8555555555555555,0.3088883943661972,71000000
Primary_Producers,0.8555555555555555,0.30888716666666666,72000000
Primary_Producers,0.8555555555555555,0.3088743835616438,73000000
Primary_Producers,0.8555555555555555,0.30887012162162164,74000000
Primary_Producers,0.8555555555555555,0.30886128,75000000
Primary_Producers,0.8555555555555555,0.3088521842105263,76000000
Primary_Producers,0.8555555555555555,0.3088543766233766,77000000
Primary_Producers,0.8555555555555555,0.3088604487179487,78000000
Primary_Producers,0.8555555555555555,0.3088663670886076,79000000
Primary_Producers,0.8555555555555555,0.308859,80000000
Primary_Producers,0.8555555555555555,0.30885729629629627,81000000
Primary_Producers,0.8555555555555555,0.3088514512195122,82000000
Primary_Producers,0.8555555555555555,0.3088567108433735,83000000
Primary_Producers,0.8555555555555555,0.30885267857142856,84000000
Primary_Producers,0.8555555555555555,0.3088460470588235,85000000
Primary_Producers,0.8555555555555555,0.3088401511627907,86000000
Primary_Producers,0.8555555555555555,0.30885077011494255,87000000
Primary_Producers,0.8555555555555555,0.3088475909090909,88000000
Primary_Producers,0.8555555555555555,0.3088594157303371,89000000
Primary_Producers,0.8555555555555555,0.30885583333333333,90000000
Primary_Producers,0.8555555555555555,0.30885123076923077,91000000
Primary_Producers,0.8555555555555555,0.30885225,92000000
Primary_Producers,0.8555555555555555,0.30885418279569893,93000000
Primary_Producers,0.8555555555555555,0.3088563085106383,94000000
Primary_Producers,0.8555555555555555,0.3088534210526316,95000000
Primary_Producers,0.8555555555555555,0.3088573958333333,96000000
Primary_Producers,0.8555555555555555,0.3088641237113402,97000000
Primary_Producers,0.8555555555555555,0.3088663367346939,98000000
Primary_Producers,0.8555555555555555,0.3088646666666667,99000000
Primary_Producers,0.8555555555555555,0.30886654,100000000
