all,0.2483108108108108,0.000196,1000000
all,0.2483108108108108,0.000188,2000000
all,0.2483108108108108,0.00019033333333333334,3000000
all,0.2483108108108108,0.00019075,4000000
all,0.2483108108108108,0.0001862,5000000
all,0.2483108108108108,0.00018783333333333334,6000000
all,0.2483108108108108,0.00018957142857142857,7000000
all,0.2483108108108108,0.000188625,8000000
all,0.2483108108108108,0.00018855555555555555,9000000
all,0.2483108108108108,0.0001871,10000000
all,0.2483108108108108,0.0001859090909090909,11000000
all,0.2483108108108108,0.00018666666666666666,12000000
all,0.2483108108108108,0.00018576923076923078,13000000
all,0.2483108108108108,0.00018678571428571428,14000000
all,0.2483108108108108,0.0001852,15000000
all,0.2483108108108108,0.0001848125,16000000
all,0.2483108108108108,0.0001854705882352941,17000000
all,0.2483108108108108,0.0001868888888888889,18000000
all,0.2483108108108108,0.00018757894736842106,19000000
all,0.2483108108108108,0.00018835,20000000
all,0.2483108108108108,0.00018652380952380952,21000000
all,0.2483108108108108,0.000186,22000000
all,0.2483108108108108,0.00018608695652173914,23000000
all,0.2483108108108108,0.00018595833333333333,24000000
all,0.2483108108108108,0.00018604,25000000
all,0.2483108108108108,0.00018553846153846154,26000000
all,0.2483108108108108,0.0001858888888888889,27000000
all,0.2483108108108108,0.00018575,28000000
all,0.2483108108108108,0.0001856551724137931,29000000
all,0.2483108108108108,0.00018653333333333333,30000000
all,0.2483108108108108,0.00018651612903225806,31000000
all,0.2483108108108108,0.00018671875,32000000
all,0.2483108108108108,0.00018663636363636365,33000000
all,0.2483108108108108,0.00018652941176470588,34000000
all,0.2483108108108108,0.00018591428571428572,35000000
all,0.2483108108108108,0.00018580555555555557,36000000
all,0.2483108108108108,0.0001863783783783784,37000000
all,0.2483108108108108,0.00018592105263157894,38000000
all,0.2483108108108108,0.00018564102564102563,39000000
all,0.2483108108108108,0.000185975,40000000
all,0.2483108108108108,0.00018614634146341463,41000000
all,0.2483108108108108,0.00018671428571428571,42000000
all,0.2483108108108108,0.00018672093023255814,43000000
all,0.2483108108108108,0.00018640909090909092,44000000
all,0.2483108108108108,0.00018668888888888889,45000000
all,0.2483108108108108,0.00018713043478260868,46000000
all,0.2483108108108108,0.00018702127659574468,47000000
all,0.2483108108108108,0.000187375,48000000
all,0.2483108108108108,0.00018718367346938776,49000000
all,0.2483108108108108,0.00018696,50000000
all,0.2483108108108108,0.00018688235294117648,51000000
all,0.2483108108108108,0.00018678846153846154,52000000
all,0.2483108108108108,0.0001869811320754717,53000000
all,0.2483108108108108,0.00018692592592592591,54000000
all,0.2483108108108108,0.00018721818181818183,55000000
all,0.2483108108108108,0.00018725,56000000
all,0.2483108108108108,0.00018782456140350876,57000000
all,0.2483108108108108,0.00018760344827586207,58000000
all,0.2483108108108108,0.00018771186440677965,59000000
all,0.2483108108108108,0.00018781666666666666,60000000
all,0.2483108108108108,0.0001878688524590164,61000000
all,0.2483108108108108,0.0001878548387096774,62000000
all,0.2483108108108108,0.000188015873015873,63000000
all,0.2483108108108108,0.000187796875,64000000
all,0.2483108108108108,0.00018775384615384616,65000000
all,0.2483108108108108,0.0001876060606060606,66000000
all,0.2483108108108108,0.0001877313432835821,67000000
all,0.2483108108108108,0.00018739705882352942,68000000
all,0.2483108108108108,0.00018733333333333332,69000000
all,0.2483108108108108,0.0001872,70000000
all,0.2483108108108108,0.00018728169014084508,71000000
all,0.2483108108108108,0.00018720833333333333,72000000
all,0.2483108108108108,0.00018716438356164384,73000000
all,0.2483108108108108,0.00018741891891891892,74000000
all,0.2483108108108108,0.00018732,75000000
all,0.2483108108108108,0.0001875,76000000
all,0.2483108108108108,0.00018745454545454545,77000000
all,0.2483108108108108,0.00018752564102564103,78000000
all,0.2483108108108108,0.00018740506329113923,79000000
all,0.2483108108108108,0.0001874,80000000
all,0.2483108108108108,0.00018708641975308642,81000000
all,0.2483108108108108,0.0001873780487804878,82000000
all,0.2483108108108108,0.00018716867469879519,83000000
all,0.2483108108108108,0.0001872857142857143,84000000
all,0.2483108108108108,0.00018714117647058824,85000000
all,0.2483108108108108,0.000187,86000000
all,0.2483108108108108,0.00018664367816091955,87000000
all,0.2483108108108108,0.00018673863636363636,88000000
all,0.2483108108108108,0.00018695505617977528,89000000
all,0.2483108108108108,0.0001868111111111111,90000000
all,0.2483108108108108,0.00018675824175824177,91000000
all,0.2483108108108108,0.00018675,92000000
all,0.2483108108108108,0.00018670967741935484,93000000
all,0.2483108108108108,0.00018659574468085107,94000000
all,0.2483108108108108,0.00018652631578947368,95000000
all,0.2483108108108108,0.00018659375,96000000
all,0.2483108108108108,0.00018662886597938145,97000000
all,0.2483108108108108,0.00018661224489795918,98000000
all,0.2483108108108108,0.0001867979797979798,99000000
all,0.2483108108108108,0.00018687,100000000
