Parasites,0.5625,0.0,1000000
Parasites,0.5625,0.0,2000000
Parasites,0.5625,0.0,3000000
Parasites,0.5625,0.0,4000000
Parasites,0.5625,0.0,5000000
Parasites,0.5625,0.0,6000000
Parasites,0.5625,0.0,7000000
Parasites,0.5625,0.0,8000000
Parasites,0.5625,0.0,9000000
Parasites,0.5625,0.0,10000000
Parasites,0.5625,0.0,11000000
Parasites,0.5625,0.0,12000000
Parasites,0.5625,0.0,13000000
Parasites,0.5625,0.0,14000000
Parasites,0.5625,0.0,15000000
Parasites,0.5625,0.0,16000000
Parasites,0.5625,0.0,17000000
Parasites,0.5625,0.0,18000000
Parasites,0.5625,0.0,19000000
Parasites,0.5625,0.0,20000000
Parasites,0.5625,0.0,21000000
Parasites,0.5625,0.0,22000000
Parasites,0.5625,0.0,23000000
Parasites,0.5625,0.0,24000000
Parasites,0.5625,0.0,25000000
Parasites,0.5625,0.0,26000000
Parasites,0.5625,0.0,27000000
Parasites,0.5625,0.0,28000000
Parasites,0.5625,0.0,29000000
Parasites,0.5625,0.0,30000000
Parasites,0.5625,0.0,31000000
Parasites,0.5625,0.0,32000000
Parasites,0.5625,0.0,33000000
Parasites,0.5625,0.0,34000000
Parasites,0.5625,0.0,35000000
Parasites,0.5625,0.0,36000000
Parasites,0.5625,0.0,37000000
Parasites,0.5625,0.0,38000000
Parasites,0.5625,0.0,39000000
Parasites,0.5625,0.0,40000000
Parasites,0.5625,0.0,41000000
Parasites,0.5625,0.0,42000000
Parasites,0.5625,0.0,43000000
Parasites,0.5625,0.0,44000000
Parasites,0.5625,0.0,45000000
Parasites,0.5625,0.0,46000000
Parasites,0.5625,0.0,47000000
Parasites,0.5625,0.0,48000000
Parasites,0.5625,0.0,49000000
Parasites,0.5625,0.0,50000000
Parasites,0.5625,0.0,51000000
Parasites,0.5625,0.0,52000000
Parasites,0.5625,0.0,53000000
Parasites,0.5625,0.0,54000000
Parasites,0.5625,0.0,55000000
Parasites,0.5625,0.0,56000000
Parasites,0.5625,0.0,57000000
Parasites,0.5625,0.0,58000000
Parasites,0.5625,0.0,59000000
Parasites,0.5625,0.0,60000000
Parasites,0.5625,0.0,61000000
Parasites,0.5625,1.6129032258064518e-8,62000000
Parasites,0.5625,1.5873015873015872e-8,63000000
Parasites,0.5625,1.5625e-8,64000000
Parasites,0.5625,1.5384615384615385e-8,65000000
Parasites,0.5625,1.5151515151515152e-8,66000000
Parasites,0.5625,1.4925373134328357e-8,67000000
Parasites,0.5625,1.4705882352941177e-8,68000000
Parasites,0.5625,2.898550724637681e-8,69000000
Parasites,0.5625,2.8571428571428572e-8,70000000
Parasites,0.5625,2.816901408450704e-8,71000000
Parasites,0.5625,2.7777777777777777e-8,72000000
Parasites,0.5625,2.7397260273972602e-8,73000000
Parasites,0.5625,2.7027027027027028e-8,74000000
Parasites,0.5625,2.6666666666666667e-8,75000000
Parasites,0.5625,2.631578947368421e-8,76000000
Parasites,0.5625,2.5974025974025973e-8,77000000
Parasites,0.5625,2.564102564102564e-8,78000000
Parasites,0.5625,3.79746835443038e-8,79000000
Parasites,0.5625,3.75e-8,80000000
Parasites,0.5625,3.7037037037037036e-8,81000000
Parasites,0.5625,3.658536585365854e-8,82000000
Parasites,0.5625,3.6144578313253015e-8,83000000
Parasites,0.5625,3.571428571428571e-8,84000000
Parasites,0.5625,3.5294117647058824e-8,85000000
Parasites,0.5625,3.488372093023256e-8,86000000
Parasites,0.5625,3.448275862068966e-8,87000000
Parasites,0.5625,3.409090909090909e-8,88000000
Parasites,0.5625,3.370786516853933e-8,89000000
Parasites,0.5625,3.3333333333333334e-8,90000000
Parasites,0.5625,3.296703296703297e-8,91000000
Parasites,0.5625,3.2608695652173914e-8,92000000
Parasites,0.5625,3.2258064516129035e-8,93000000
Parasites,0.5625,3.191489361702128e-8,94000000
Parasites,0.5625,3.157894736842105e-8,95000000
Parasites,0.5625,3.125e-8,96000000
Parasites,0.5625,3.092783505154639e-8,97000000
Parasites,0.5625,3.0612244897959183e-8,98000000
Parasites,0.5625,3.0303030303030305e-8,99000000
Parasites,0.5625,3.0e-8,100000000
