Herbivores,0.4764705882352941,1.0e-6,1000000
Herbivores,0.4764705882352941,5.0e-7,2000000
Herbivores,0.4764705882352941,3.3333333333333335e-7,3000000
Herbivores,0.4764705882352941,2.5e-7,4000000
Herbivores,0.4764705882352941,2.0e-7,5000000
Herbivores,0.4764705882352941,1.6666666666666668e-7,6000000
Herbivores,0.4764705882352941,1.4285714285714285e-7,7000000
Herbivores,0.4764705882352941,1.25e-7,8000000
Herbivores,0.4764705882352941,1.1111111111111111e-7,9000000
Herbivores,0.4764705882352941,1.0e-7,10000000
Herbivores,0.4764705882352941,9.090909090909091e-8,11000000
Herbivores,0.4764705882352941,8.333333333333334e-8,12000000
Herbivores,0.4764705882352941,7.692307692307692e-8,13000000
Herbivores,0.4764705882352941,7.142857142857142e-8,14000000
Herbivores,0.4764705882352941,1.3333333333333334e-7,15000000
Herbivores,0.4764705882352941,1.25e-7,16000000
Herbivores,0.4764705882352941,1.1764705882352942e-7,17000000
Herbivores,0.4764705882352941,1.1111111111111111e-7,18000000
Herbivores,0.4764705882352941,1.0526315789473685e-7,19000000
Herbivores,0.4764705882352941,1.0e-7,20000000
Herbivores,0.4764705882352941,1.4285714285714285e-7,21000000
Herbivores,0.4764705882352941,1.3636363636363637e-7,22000000
Herbivores,0.4764705882352941,1.3043478260869566e-7,23000000
Herbivores,0.4764705882352941,1.25e-7,24000000
Herbivores,0.4764705882352941,1.2e-7,25000000
Herbivores,0.4764705882352941,1.1538461538461539e-7,26000000
Herbivores,0.4764705882352941,1.1111111111111111e-7,27000000
Herbivores,0.4764705882352941,1.4285714285714285e-7,28000000
Herbivores,0.4764705882352941,1.3793103448275863e-7,29000000
Herbivores,0.4764705882352941,1.3333333333333334e-7,30000000
Herbivores,0.4764705882352941,1.2903225806451614e-7,31000000
Herbivores,0.4764705882352941,1.25e-7,32000000
Herbivores,0.4764705882352941,1.2121212121212122e-7,33000000
Herbivores,0.4764705882352941,1.1764705882352942e-7,34000000
Herbivores,0.4764705882352941,1.1428571428571429e-7,35000000
Herbivores,0.4764705882352941,1.1111111111111111e-7,36000000
Herbivores,0.4764705882352941,1.0810810810810811e-7,37000000
Herbivores,0.4764705882352941,1.0526315789473685e-7,38000000
Herbivores,0.4764705882352941,1.0256410256410256e-7,39000000
Herbivores,0.4764705882352941,1.0e-7,40000000
Herbivores,0.4764705882352941,9.75609756097561e-8,41000000
Herbivores,0.4764705882352941,9.523809523809524e-8,42000000
Herbivores,0.4764705882352941,9.302325581395349e-8,43000000
Herbivores,0.4764705882352941,9.090909090909091e-8,44000000
Herbivores,0.4764705882352941,8.88888888888889e-8,45000000
Herbivores,0.4764705882352941,8.695652173913044e-8,46000000
Herbivores,0.4764705882352941,8.51063829787234e-8,47000000
Herbivores,0.4764705882352941,8.333333333333334e-8,48000000
Herbivores,0.4764705882352941,8.16326530612245e-8,49000000
Herbivores,0.4764705882352941,8.0e-8,50000000
Herbivores,0.4764705882352941,7.843137254901961e-8,51000000
Herbivores,0.4764705882352941,9.615384615384616e-8,52000000
Herbivores,0.4764705882352941,9.433962264150943e-8,53000000
Herbivores,0.4764705882352941,9.259259259259259e-8,54000000
Herbivores,0.4764705882352941,9.090909090909091e-8,55000000
Herbivores,0.4764705882352941,8.928571428571429e-8,56000000
Herbivores,0.4764705882352941,8.771929824561404e-8,57000000
Herbivores,0.4764705882352941,8.620689655172414e-8,58000000
Herbivores,0.4764705882352941,8.47457627118644e-8,59000000
Herbivores,0.4764705882352941,8.333333333333334e-8,60000000
Herbivores,0.4764705882352941,8.196721311475409e-8,61000000
Herbivores,0.4764705882352941,8.064516129032257e-8,62000000
Herbivores,0.4764705882352941,7.936507936507937e-8,63000000
Herbivores,0.4764705882352941,7.8125e-8,64000000
Herbivores,0.4764705882352941,7.692307692307692e-8,65000000
Herbivores,0.4764705882352941,7.575757575757576e-8,66000000
Herbivores,0.4764705882352941,7.462686567164179e-8,67000000
Herbivores,0.4764705882352941,7.352941176470588e-8,68000000
Herbivores,0.4764705882352941,7.246376811594203e-8,69000000
Herbivores,0.4764705882352941,7.142857142857142e-8,70000000
Herbivores,0.4764705882352941,7.042253521126761e-8,71000000
Herbivores,0.4764705882352941,8.333333333333334e-8,72000000
Herbivores,0.4764705882352941,8.219178082191781e-8,73000000
Herbivores,0.4764705882352941,8.108108108108108e-8,74000000
Herbivores,0.4764705882352941,8.0e-8,75000000
Herbivores,0.4764705882352941,7.894736842105264e-8,76000000
Herbivores,0.4764705882352941,7.792207792207792e-8,77000000
Herbivores,0.4764705882352941,7.692307692307692e-8,78000000
Herbivores,0.4764705882352941,7.59493670886076e-8,79000000
Herbivores,0.4764705882352941,7.5e-8,80000000
Herbivores,0.4764705882352941,7.407407407407407e-8,81000000
Herbivores,0.4764705882352941,7.317073170731708e-8,82000000
Herbivores,0.4764705882352941,7.228915662650603e-8,83000000
Herbivores,0.4764705882352941,7.142857142857142e-8,84000000
Herbivores,0.4764705882352941,7.058823529411765e-8,85000000
Herbivores,0.4764705882352941,6.976744186046512e-8,86000000
Herbivores,0.4764705882352941,6.896551724137931e-8,87000000
Herbivores,0.4764705882352941,6.818181818181819e-8,88000000
Herbivores,0.4764705882352941,6.741573033707865e-8,89000000
Herbivores,0.4764705882352941,6.666666666666667e-8,90000000
Herbivores,0.4764705882352941,6.593406593406594e-8,91000000
Herbivores,0.4764705882352941,6.521739130434783e-8,92000000
Herbivores,0.4764705882352941,6.451612903225807e-8,93000000
Herbivores,0.4764705882352941,6.382978723404255e-8,94000000
Herbivores,0.4764705882352941,6.31578947368421e-8,95000000
Herbivores,0.4764705882352941,6.25e-8,96000000
Herbivores,0.4764705882352941,6.185567010309278e-8,97000000
Herbivores,0.4764705882352941,6.122448979591837e-8,98000000
Herbivores,0.4764705882352941,6.060606060606061e-8,99000000
Herbivores,0.4764705882352941,6.0e-8,100000000
