Consumers,0.2553359683794466,0.0,1000000
Consumers,0.2553359683794466,0.0,2000000
Consumers,0.2553359683794466,0.0,3000000
Consumers,0.2553359683794466,2.5e-7,4000000
Consumers,0.2553359683794466,2.0e-7,5000000
Consumers,0.2553359683794466,1.6666666666666668e-7,6000000
Consumers,0.2553359683794466,1.4285714285714285e-7,7000000
Consumers,0.2553359683794466,1.25e-7,8000000
Consumers,0.2553359683794466,1.1111111111111111e-7,9000000
Consumers,0.2553359683794466,1.0e-7,10000000
Consumers,0.2553359683794466,9.090909090909091e-8,11000000
Consumers,0.2553359683794466,8.333333333333334e-8,12000000
Consumers,0.2553359683794466,7.692307692307692e-8,13000000
Consumers,0.2553359683794466,7.142857142857142e-8,14000000
Consumers,0.2553359683794466,6.666666666666667e-8,15000000
Consumers,0.2553359683794466,6.25e-8,16000000
Consumers,0.2553359683794466,5.882352941176471e-8,17000000
Consumers,0.2553359683794466,5.5555555555555555e-8,18000000
Consumers,0.2553359683794466,5.263157894736842e-8,19000000
Consumers,0.2553359683794466,5.0e-8,20000000
Consumers,0.2553359683794466,4.761904761904762e-8,21000000
Consumers,0.2553359683794466,4.545454545454546e-8,22000000
Consumers,0.2553359683794466,4.347826086956522e-8,23000000
Consumers,0.2553359683794466,4.166666666666667e-8,24000000
Consumers,0.2553359683794466,4.0e-8,25000000
Consumers,0.2553359683794466,3.846153846153846e-8,26000000
Consumers,0.2553359683794466,3.7037037037037036e-8,27000000
Consumers,0.2553359683794466,3.571428571428571e-8,28000000
Consumers,0.2553359683794466,3.448275862068966e-8,29000000
Consumers,0.2553359683794466,3.3333333333333334e-8,30000000
Consumers,0.2553359683794466,3.2258064516129035e-8,31000000
Consumers,0.2553359683794466,3.125e-8,32000000
Consumers,0.2553359683794466,3.0303030303030305e-8,33000000
Consumers,0.2553359683794466,2.9411764705882354e-8,34000000
Consumers,0.2553359683794466,2.8571428571428572e-8,35000000
Consumers,0.2553359683794466,2.7777777777777777e-8,36000000
Consumers,0.2553359683794466,2.7027027027027028e-8,37000000
Consumers,0.2553359683794466,2.631578947368421e-8,38000000
Consumers,0.2553359683794466,2.564102564102564e-8,39000000
Consumers,0.2553359683794466,2.5e-8,40000000
Consumers,0.2553359683794466,2.4390243902439023e-8,41000000
Consumers,0.2553359683794466,2.380952380952381e-8,42000000
Consumers,0.2553359683794466,2.3255813953488372e-8,43000000
Consumers,0.2553359683794466,2.272727272727273e-8,44000000
Consumers,0.2553359683794466,2.2222222222222224e-8,45000000
Consumers,0.2553359683794466,2.173913043478261e-8,46000000
Consumers,0.2553359683794466,2.127659574468085e-8,47000000
Consumers,0.2553359683794466,2.0833333333333335e-8,48000000
Consumers,0.2553359683794466,2.0408163265306123e-8,49000000
Consumers,0.2553359683794466,2.0e-8,50000000
Consumers,0.2553359683794466,1.9607843137254902e-8,51000000
Consumers,0.2553359683794466,1.923076923076923e-8,52000000
Consumers,0.2553359683794466,1.8867924528301887e-8,53000000
Consumers,0.2553359683794466,1.8518518518518518e-8,54000000
Consumers,0.2553359683794466,1.818181818181818e-8,55000000
Consumers,0.2553359683794466,1.7857142857142856e-8,56000000
Consumers,0.2553359683794466,1.754385964912281e-8,57000000
Consumers,0.2553359683794466,1.724137931034483e-8,58000000
Consumers,0.2553359683794466,3.3898305084745764e-8,59000000
Consumers,0.2553359683794466,3.3333333333333334e-8,60000000
Consumers,0.2553359683794466,3.278688524590164e-8,61000000
Consumers,0.2553359683794466,3.2258064516129035e-8,62000000
Consumers,0.2553359683794466,3.1746031746031744e-8,63000000
Consumers,0.2553359683794466,3.125e-8,64000000
Consumers,0.2553359683794466,3.076923076923077e-8,65000000
Consumers,0.2553359683794466,3.0303030303030305e-8,66000000
Consumers,0.2553359683794466,2.9850746268656714e-8,67000000
Consumers,0.2553359683794466,2.9411764705882354e-8,68000000
Consumers,0.2553359683794466,2.898550724637681e-8,69000000
Consumers,0.2553359683794466,2.8571428571428572e-8,70000000
Consumers,0.2553359683794466,2.816901408450704e-8,71000000
Consumers,0.2553359683794466,2.7777777777777777e-8,72000000
Consumers,0.2553359683794466,2.7397260273972602e-8,73000000
Consumers,0.2553359683794466,2.7027027027027028e-8,74000000
Consumers,0.2553359683794466,2.6666666666666667e-8,75000000
Consumers,0.2553359683794466,2.631578947368421e-8,76000000
Consumers,0.2553359683794466,2.5974025974025973e-8,77000000
Consumers,0.2553359683794466,2.564102564102564e-8,78000000
Consumers,0.2553359683794466,2.531645569620253e-8,79000000
Consumers,0.2553359683794466,2.5e-8,80000000
Consumers,0.2553359683794466,2.469135802469136e-8,81000000
Consumers,0.2553359683794466,2.4390243902439023e-8,82000000
Consumers,0.2553359683794466,2.4096385542168673e-8,83000000
Consumers,0.2553359683794466,2.380952380952381e-8,84000000
Consumers,0.2553359683794466,2.352941176470588e-8,85000000
Consumers,0.2553359683794466,2.3255813953488372e-8,86000000
Consumers,0.2553359683794466,2.2988505747126436e-8,87000000
Consumers,0.2553359683794466,2.272727272727273e-8,88000000
Consumers,0.2553359683794466,2.247191011235955e-8,89000000
Consumers,0.2553359683794466,2.2222222222222224e-8,90000000
Consumers,0.2553359683794466,2.1978021978021977e-8,91000000
Consumers,0.2553359683794466,2.173913043478261e-8,92000000
Consumers,0.2553359683794466,2.1505376344086022e-8,93000000
Consumers,0.2553359683794466,2.127659574468085e-8,94000000
Consumers,0.2553359683794466,2.1052631578947368e-8,95000000
Consumers,0.2553359683794466,2.0833333333333335e-8,96000000
Consumers,0.2553359683794466,2.061855670103093e-8,97000000
Consumers,0.2553359683794466,2.0408163265306123e-8,98000000
Consumers,0.2553359683794466,2.02020202020202e-8,99000000
Consumers,0.2553359683794466,2.0e-8,100000000
