Herbivores,0.4968325791855204,1.0,1000000
Herbivores,0.4968325791855204,0.999999,2000000
Herbivores,0.4968325791855204,0.999999,3000000
Herbivores,0.4968325791855204,0.999999,4000000
Herbivores,0.4968325791855204,0.9999988,5000000
Herbivores,0.4968325791855204,0.9999986666666667,6000000
Herbivores,0.4968325791855204,0.9999987142857143,7000000
Herbivores,0.4968325791855204,0.999998875,8000000
Herbivores,0.4968325791855204,0.9999988888888889,9000000
Herbivores,0.4968325791855204,0.9999989,10000000
Herbivores,0.4968325791855204,0.999998909090909,11000000
Herbivores,0.4968325791855204,0.9999988333333333,12000000
Herbivores,0.4968325791855204,0.9999986923076923,13000000
Herbivores,0.4968325791855204,0.9999986428571429,14000000
Herbivores,0.4968325791855204,0.9999987333333333,15000000
Herbivores,0.4968325791855204,0.99999875,16000000
Herbivores,0.4968325791855204,0.9999987647058823,17000000
Herbivores,0.4968325791855204,0.9999988333333333,18000000
Herbivores,0.4968325791855204,0.9999988947368421,19000000
Herbivores,0.4968325791855204,0.99999885,20000000
Herbivores,0.4968325791855204,0.9999988095238095,21000000
Herbivores,0.4968325791855204,0.9999987727272728,22000000
Herbivores,0.4968325791855204,0.9999987826086957,23000000
Herbivores,0.4968325791855204,0.9999988333333333,24000000
Herbivores,0.4968325791855204,0.99999884,25000000
Herbivores,0.4968325791855204,0.9999988076923076,26000000
Herbivores,0.4968325791855204,0.9999987777777778,27000000
Herbivores,0.4968325791855204,0.9999988214285714,28000000
Herbivores,0.4968325791855204,0.9999988620689655,29000000
Herbivores,0.4968325791855204,0.9999989,30000000
Herbivores,0.4968325791855204,0.9999989032258064,31000000
Herbivores,0.4968325791855204,0.9999989375,32000000
Herbivores,0.4968325791855204,0.9999989696969697,33000000
Herbivores,0.4968325791855204,0.999999,34000000
Herbivores,0.4968325791855204,0.9999990285714285,35000000
Herbivores,0.4968325791855204,0.9999990277777778,36000000
Herbivores,0.4968325791855204,0.9999990540540541,37000000
Herbivores,0.4968325791855204,0.9999990263157895,38000000
Herbivores,0.4968325791855204,0.9999989743589743,39000000
Herbivores,0.4968325791855204,0.999998925,40000000
Herbivores,0.4968325791855204,0.9999989024390243,41000000
Herbivores,0.4968325791855204,0.9999989285714286,42000000
Herbivores,0.4968325791855204,0.9999989534883721,43000000
Herbivores,0.4968325791855204,0.9999989772727272,44000000
Herbivores,0.4968325791855204,0.999999,45000000
Herbivores,0.4968325791855204,0.9999990217391305,46000000
Herbivores,0.4968325791855204,0.9999990212765958,47000000
Herbivores,0.4968325791855204,0.9999990416666666,48000000
Herbivores,0.4968325791855204,0.9999990408163265,49000000
Herbivores,0.4968325791855204,0.99999906,50000000
Herbivores,0.4968325791855204,0.9999990784313726,51000000
Herbivores,0.4968325791855204,0.9999990769230769,52000000
Herbivores,0.4968325791855204,0.9999990754716981,53000000
Herbivores,0.4968325791855204,0.9999990740740741,54000000
Herbivores,0.4968325791855204,0.9999990545454546,55000000
Herbivores,0.4968325791855204,0.9999990714285715,56000000
Herbivores,0.4968325791855204,0.9999990877192982,57000000
Herbivores,0.4968325791855204,0.9999990862068966,58000000
Herbivores,0.4968325791855204,0.9999991016949152,59000000
Herbivores,0.4968325791855204,0.9999991166666666,60000000
Herbivores,0.4968325791855204,0.9999990983606557,61000000
Herbivores,0.4968325791855204,0.9999990806451613,62000000
Herbivores,0.4968325791855204,0.9999990793650794,63000000
Herbivores,0.4968325791855204,0.999999046875,64000000
Herbivores,0.4968325791855204,0.9999990461538462,65000000
Herbivores,0.4968325791855204,0.9999990606060606,66000000
Herbivores,0.4968325791855204,0.9999990597014925,67000000
Herbivores,0.4968325791855204,0.9999990735294118,68000000
Herbivores,0.4968325791855204,0.9999990724637681,69000000
Herbivores,0.4968325791855204,0.9999990571428572,70000000
Herbivores,0.4968325791855204,0.9999990422535211,71000000
Herbivores,0.4968325791855204,0.9999990555555556,72000000
Herbivores,0.4968325791855204,0.9999990547945206,73000000
Herbivores,0.4968325791855204,0.9999990540540541,74000000
Herbivores,0.4968325791855204,0.99999904,75000000
Herbivores,0.4968325791855204,0.9999990263157895,76000000
Herbivores,0.4968325791855204,0.9999990389610389,77000000
Herbivores,0.4968325791855204,0.9999990512820512,78000000
Herbivores,0.4968325791855204,0.9999990379746836,79000000
Herbivores,0.4968325791855204,0.9999990375,80000000
Herbivores,0.4968325791855204,0.999999049382716,81000000
Herbivores,0.4968325791855204,0.9999990487804878,82000000
Herbivores,0.4968325791855204,0.9999990240963855,83000000
Herbivores,0.4968325791855204,0.9999990357142857,84000000
Herbivores,0.4968325791855204,0.9999990470588235,85000000
Herbivores,0.4968325791855204,0.9999990581395349,86000000
Herbivores,0.4968325791855204,0.9999990574712644,87000000
Herbivores,0.4968325791855204,0.9999990568181818,88000000
Herbivores,0.4968325791855204,0.9999990449438202,89000000
Herbivores,0.4968325791855204,0.9999990222222223,90000000
Herbivores,0.4968325791855204,0.999999010989011,91000000
Herbivores,0.4968325791855204,0.9999989891304348,92000000
Herbivores,0.4968325791855204,0.9999989892473118,93000000
Herbivores,0.4968325791855204,0.999999,94000000
Herbivores,0.4968325791855204,0.999999,95000000
Herbivores,0.4968325791855204,0.9999990104166666,96000000
Herbivores,0.4968325791855204,0.9999990206185567,97000000
Herbivores,0.4968325791855204,0.9999990204081632,98000000
Herbivores,0.4968325791855204,0.9999990202020203,99000000
Herbivores,0.4968325791855204,0.99999903,100000000
