Primary_Producers,0.926829268292683,0.001806,1000000
Primary_Producers,0.926829268292683,0.001819,2000000
Primary_Producers,0.926829268292683,0.001818,3000000
Primary_Producers,0.926829268292683,0.00182,4000000
Primary_Producers,0.926829268292683,0.0018116,5000000
Primary_Producers,0.926829268292683,0.0018101666666666667,6000000
Primary_Producers,0.926829268292683,0.0018118571428571428,7000000
Primary_Producers,0.926829268292683,0.001802625,8000000
Primary_Producers,0.926829268292683,0.0017997777777777777,9000000
Primary_Producers,0.926829268292683,0.0017974,10000000
Primary_Producers,0.926829268292683,0.0017916363636363637,11000000
Primary_Producers,0.926829268292683,0.0017908333333333333,12000000
Primary_Producers,0.926829268292683,0.0017888461538461539,13000000
Primary_Producers,0.926829268292683,0.0017915714285714286,14000000
Primary_Producers,0.926829268292683,0.0017897333333333333,15000000
Primary_Producers,0.926829268292683,0.001791375,16000000
Primary_Producers,0.926829268292683,0.0017918235294117648,17000000
Primary_Producers,0.926829268292683,0.0017932777777777778,18000000
Primary_Producers,0.926829268292683,0.0017937368421052631,19000000
Primary_Producers,0.926829268292683,0.0017951,20000000
Primary_Producers,0.926829268292683,0.0017931904761904762,21000000
Primary_Producers,0.926829268292683,0.0017950454545454545,22000000
Primary_Producers,0.926829268292683,0.0017965217391304347,23000000
Primary_Producers,0.926829268292683,0.0017979166666666666,24000000
Primary_Producers,0.926829268292683,0.00179756,25000000
Primary_Producers,0.926829268292683,0.001798423076923077,26000000
Primary_Producers,0.926829268292683,0.0017989259259259258,27000000
Primary_Producers,0.926829268292683,0.001798107142857143,28000000
Primary_Producers,0.926829268292683,0.0017956206896551723,29000000
Primary_Producers,0.926829268292683,0.0017937333333333334,30000000
Primary_Producers,0.926829268292683,0.0017944838709677419,31000000
Primary_Producers,0.926829268292683,0.00179609375,32000000
Primary_Producers,0.926829268292683,0.001795969696969697,33000000
Primary_Producers,0.926829268292683,0.0017977647058823529,34000000
Primary_Producers,0.926829268292683,0.0017962857142857142,35000000
Primary_Producers,0.926829268292683,0.0017963611111111112,36000000
Primary_Producers,0.926829268292683,0.001796945945945946,37000000
Primary_Producers,0.926829268292683,0.001797078947368421,38000000
Primary_Producers,0.926829268292683,0.0017963846153846155,39000000
Primary_Producers,0.926829268292683,0.0017961,40000000
Primary_Producers,0.926829268292683,0.001794658536585366,41000000
Primary_Producers,0.926829268292683,0.0017947142857142858,42000000
Primary_Producers,0.926829268292683,0.0017945813953488372,43000000
Primary_Producers,0.926829268292683,0.001791318181818182,44000000
Primary_Producers,0.926829268292683,0.0017912666666666667,45000000
Primary_Producers,0.926829268292683,0.0017907826086956521,46000000
Primary_Producers,0.926829268292683,0.0017911914893617021,47000000
Primary_Producers,0.926829268292683,0.0017912708333333333,48000000
Primary_Producers,0.926829268292683,0.0017912040816326531,49000000
Primary_Producers,0.926829268292683,0.00179148,50000000
Primary_Producers,0.926829268292683,0.0017913529411764705,51000000
Primary_Producers,0.926829268292683,0.0017904230769230768,52000000
Primary_Producers,0.926829268292683,0.0017912264150943397,53000000
Primary_Producers,0.926829268292683,0.0017917962962962963,54000000
Primary_Producers,0.926829268292683,0.0017907636363636364,55000000
Primary_Producers,0.926829268292683,0.0017899285714285714,56000000
Primary_Producers,0.926829268292683,0.001790421052631579,57000000
Primary_Producers,0.926829268292683,0.0017908275862068967,58000000
Primary_Producers,0.926829268292683,0.0017911186440677967,59000000
Primary_Producers,0.926829268292683,0.0017898,60000000
Primary_Producers,0.926829268292683,0.0017898852459016393,61000000
Primary_Producers,0.926829268292683,0.0017902096774193548,62000000
Primary_Producers,0.926829268292683,0.0017903492063492063,63000000
Primary_Producers,0.926829268292683,0.0017905625,64000000
Primary_Producers,0.926829268292683,0.0017896615384615385,65000000
Primary_Producers,0.926829268292683,0.0017895606060606062,66000000
Primary_Producers,0.926829268292683,0.0017896716417910448,67000000
Primary_Producers,0.926829268292683,0.0017899117647058823,68000000
Primary_Producers,0.926829268292683,0.0017903623188405798,69000000
Primary_Producers,0.926829268292683,0.0017893714285714287,70000000
Primary_Producers,0.926829268292683,0.0017892676056338029,71000000
Primary_Producers,0.926829268292683,0.0017894444444444444,72000000
Primary_Producers,0.926829268292683,0.001788890410958904,73000000
Primary_Producers,0.926829268292683,0.0017882567567567567,74000000
Primary_Producers,0.926829268292683,0.0017882133333333332,75000000
Primary_Producers,0.926829268292683,0.001787578947368421,76000000
Primary_Producers,0.926829268292683,0.0017877272727272726,77000000
Primary_Producers,0.926829268292683,0.0017867435897435898,78000000
Primary_Producers,0.926829268292683,0.001787025316455696,79000000
Primary_Producers,0.926829268292683,0.001787325,80000000
Primary_Producers,0.926829268292683,0.0017871481481481482,81000000
Primary_Producers,0.926829268292683,0.001786609756097561,82000000
Primary_Producers,0.926829268292683,0.0017866265060240965,83000000
Primary_Producers,0.926829268292683,0.0017859761904761905,84000000
Primary_Producers,0.926829268292683,0.001786235294117647,85000000
Primary_Producers,0.926829268292683,0.0017858372093023257,86000000
Primary_Producers,0.926829268292683,0.0017852413793103448,87000000
Primary_Producers,0.926829268292683,0.0017855795454545455,88000000
Primary_Producers,0.926829268292683,0.0017866067415730337,89000000
Primary_Producers,0.926829268292683,0.0017858222222222222,90000000
Primary_Producers,0.926829268292683,0.0017856703296703297,91000000
Primary_Producers,0.926829268292683,0.0017857608695652173,92000000
Primary_Producers,0.926829268292683,0.0017859032258064516,93000000
Primary_Producers,0.926829268292683,0.0017863085106382978,94000000
Primary_Producers,0.926829268292683,0.001786357894736842,95000000
Primary_Producers,0.926829268292683,0.0017863854166666666,96000000
Primary_Producers,0.926829268292683,0.0017864432989690721,97000000
Primary_Producers,0.926829268292683,0.001785795918367347,98000000
Primary_Producers,0.926829268292683,0.0017851616161616163,99000000
Primary_Producers,0.926829268292683,0.00178483,100000000
