Parasites,0.0791396103896104,1.2e-5,1000000
Parasites,0.0791396103896104,1.1e-5,2000000
Parasites,0.0791396103896104,1.1666666666666666e-5,3000000
Parasites,0.0791396103896104,1.2e-5,4000000
Parasites,0.0791396103896104,1.24e-5,5000000
Parasites,0.0791396103896104,1.2333333333333333e-5,6000000
Parasites,0.0791396103896104,1.2857142857142857e-5,7000000
Parasites,0.0791396103896104,1.2375e-5,8000000
Parasites,0.0791396103896104,1.2888888888888889e-5,9000000
Parasites,0.0791396103896104,1.33e-5,10000000
Parasites,0.0791396103896104,1.3272727272727273e-5,11000000
Parasites,0.0791396103896104,1.2916666666666666e-5,12000000
Parasites,0.0791396103896104,1.2769230769230769e-5,13000000
Parasites,0.0791396103896104,1.3142857142857143e-5,14000000
Parasites,0.0791396103896104,1.3066666666666666e-5,15000000
Parasites,0.0791396103896104,1.30625e-5,16000000
Parasites,0.0791396103896104,1.323529411764706e-5,17000000
Parasites,0.0791396103896104,1.3055555555555555e-5,18000000
Parasites,0.0791396103896104,1.3157894736842106e-5,19000000
Parasites,0.0791396103896104,1.305e-5,20000000
Parasites,0.0791396103896104,1.3047619047619048e-5,21000000
Parasites,0.0791396103896104,1.3181818181818183e-5,22000000
Parasites,0.0791396103896104,1.3304347826086957e-5,23000000
Parasites,0.0791396103896104,1.325e-5,24000000
Parasites,0.0791396103896104,1.336e-5,25000000
Parasites,0.0791396103896104,1.3384615384615384e-5,26000000
Parasites,0.0791396103896104,1.325925925925926e-5,27000000
Parasites,0.0791396103896104,1.3107142857142857e-5,28000000
Parasites,0.0791396103896104,1.3172413793103449e-5,29000000
Parasites,0.0791396103896104,1.3333333333333333e-5,30000000
Parasites,0.0791396103896104,1.3129032258064517e-5,31000000
Parasites,0.0791396103896104,1.296875e-5,32000000
Parasites,0.0791396103896104,1.2909090909090908e-5,33000000
Parasites,0.0791396103896104,1.2941176470588236e-5,34000000
Parasites,0.0791396103896104,1.3028571428571429e-5,35000000
Parasites,0.0791396103896104,1.2944444444444445e-5,36000000
Parasites,0.0791396103896104,1.291891891891892e-5,37000000
Parasites,0.0791396103896104,1.2973684210526316e-5,38000000
Parasites,0.0791396103896104,1.3025641025641026e-5,39000000
Parasites,0.0791396103896104,1.295e-5,40000000
Parasites,0.0791396103896104,1.3073170731707318e-5,41000000
Parasites,0.0791396103896104,1.3023809523809523e-5,42000000
Parasites,0.0791396103896104,1.2976744186046512e-5,43000000
Parasites,0.0791396103896104,1.3136363636363636e-5,44000000
Parasites,0.0791396103896104,1.3222222222222223e-5,45000000
Parasites,0.0791396103896104,1.3195652173913044e-5,46000000
Parasites,0.0791396103896104,1.3170212765957446e-5,47000000
Parasites,0.0791396103896104,1.3166666666666667e-5,48000000
Parasites,0.0791396103896104,1.3122448979591836e-5,49000000
Parasites,0.0791396103896104,1.318e-5,50000000
Parasites,0.0791396103896104,1.311764705882353e-5,51000000
Parasites,0.0791396103896104,1.3192307692307692e-5,52000000
Parasites,0.0791396103896104,1.3113207547169812e-5,53000000
Parasites,0.0791396103896104,1.3148148148148148e-5,54000000
Parasites,0.0791396103896104,1.32e-5,55000000
Parasites,0.0791396103896104,1.317857142857143e-5,56000000
Parasites,0.0791396103896104,1.319298245614035e-5,57000000
Parasites,0.0791396103896104,1.3172413793103449e-5,58000000
Parasites,0.0791396103896104,1.3135593220338983e-5,59000000
Parasites,0.0791396103896104,1.3166666666666667e-5,60000000
Parasites,0.0791396103896104,1.3147540983606558e-5,61000000
Parasites,0.0791396103896104,1.3129032258064517e-5,62000000
Parasites,0.0791396103896104,1.3158730158730158e-5,63000000
Parasites,0.0791396103896104,1.325e-5,64000000
Parasites,0.0791396103896104,1.3246153846153846e-5,65000000
Parasites,0.0791396103896104,1.3212121212121212e-5,66000000
Parasites,0.0791396103896104,1.3149253731343284e-5,67000000
Parasites,0.0791396103896104,1.3147058823529411e-5,68000000
Parasites,0.0791396103896104,1.317391304347826e-5,69000000
Parasites,0.0791396103896104,1.3242857142857144e-5,70000000
Parasites,0.0791396103896104,1.3225352112676056e-5,71000000
Parasites,0.0791396103896104,1.3222222222222223e-5,72000000
Parasites,0.0791396103896104,1.3164383561643836e-5,73000000
Parasites,0.0791396103896104,1.3189189189189189e-5,74000000
Parasites,0.0791396103896104,1.3186666666666667e-5,75000000
Parasites,0.0791396103896104,1.318421052631579e-5,76000000
Parasites,0.0791396103896104,1.3103896103896103e-5,77000000
Parasites,0.0791396103896104,1.3076923076923077e-5,78000000
Parasites,0.0791396103896104,1.3088607594936709e-5,79000000
Parasites,0.0791396103896104,1.30875e-5,80000000
Parasites,0.0791396103896104,1.3074074074074074e-5,81000000
Parasites,0.0791396103896104,1.3048780487804878e-5,82000000
Parasites,0.0791396103896104,1.3024096385542169e-5,83000000
Parasites,0.0791396103896104,1.3e-5,84000000
Parasites,0.0791396103896104,1.3023529411764706e-5,85000000
Parasites,0.0791396103896104,1.3011627906976744e-5,86000000
Parasites,0.0791396103896104,1.3057471264367816e-5,87000000
Parasites,0.0791396103896104,1.3136363636363636e-5,88000000
Parasites,0.0791396103896104,1.3146067415730338e-5,89000000
Parasites,0.0791396103896104,1.3077777777777778e-5,90000000
Parasites,0.0791396103896104,1.3032967032967032e-5,91000000
Parasites,0.0791396103896104,1.3076086956521739e-5,92000000
Parasites,0.0791396103896104,1.3043010752688172e-5,93000000
Parasites,0.0791396103896104,1.3148936170212765e-5,94000000
Parasites,0.0791396103896104,1.3157894736842106e-5,95000000
Parasites,0.0791396103896104,1.3166666666666667e-5,96000000
Parasites,0.0791396103896104,1.3216494845360824e-5,97000000
Parasites,0.0791396103896104,1.3285714285714287e-5,98000000
Parasites,0.0791396103896104,1.3252525252525252e-5,99000000
Parasites,0.0791396103896104,1.329e-5,100000000
