Herbivores,0.30289855072463756,6.0e-6,1000000
Herbivores,0.30289855072463756,7.0e-6,2000000
Herbivores,0.30289855072463756,1.0e-5,3000000
Herbivores,0.30289855072463756,9.0e-6,4000000
Herbivores,0.30289855072463756,8.6e-6,5000000
Herbivores,0.30289855072463756,8.333333333333334e-6,6000000
Herbivores,0.30289855072463756,8.571428571428571e-6,7000000
Herbivores,0.30289855072463756,9.125e-6,8000000
Herbivores,0.30289855072463756,9.555555555555555e-6,9000000
Herbivores,0.30289855072463756,9.3e-6,10000000
Herbivores,0.30289855072463756,9.454545454545454e-6,11000000
Herbivores,0.30289855072463756,9.25e-6,12000000
Herbivores,0.30289855072463756,9.23076923076923e-6,13000000
Herbivores,0.30289855072463756,9.142857142857142e-6,14000000
Herbivores,0.30289855072463756,9.2e-6,15000000
Herbivores,0.30289855072463756,8.9375e-6,16000000
Herbivores,0.30289855072463756,8.823529411764705e-6,17000000
Herbivores,0.30289855072463756,8.944444444444444e-6,18000000
Herbivores,0.30289855072463756,9.052631578947369e-6,19000000
Herbivores,0.30289855072463756,9.0e-6,20000000
Herbivores,0.30289855072463756,8.857142857142857e-6,21000000
Herbivores,0.30289855072463756,9.090909090909091e-6,22000000
Herbivores,0.30289855072463756,8.913043478260869e-6,23000000
Herbivores,0.30289855072463756,8.875e-6,24000000
Herbivores,0.30289855072463756,8.84e-6,25000000
Herbivores,0.30289855072463756,8.96153846153846e-6,26000000
Herbivores,0.30289855072463756,9.074074074074074e-6,27000000
Herbivores,0.30289855072463756,8.785714285714286e-6,28000000
Herbivores,0.30289855072463756,8.758620689655172e-6,29000000
Herbivores,0.30289855072463756,8.833333333333334e-6,30000000
Herbivores,0.30289855072463756,8.903225806451612e-6,31000000
Herbivores,0.30289855072463756,8.8125e-6,32000000
Herbivores,0.30289855072463756,8.818181818181819e-6,33000000
Herbivores,0.30289855072463756,8.764705882352942e-6,34000000
Herbivores,0.30289855072463756,8.914285714285714e-6,35000000
Herbivores,0.30289855072463756,8.972222222222221e-6,36000000
Herbivores,0.30289855072463756,8.864864864864865e-6,37000000
Herbivores,0.30289855072463756,8.736842105263158e-6,38000000
Herbivores,0.30289855072463756,8.692307692307692e-6,39000000
Herbivores,0.30289855072463756,8.65e-6,40000000
Herbivores,0.30289855072463756,8.512195121951219e-6,41000000
Herbivores,0.30289855072463756,8.428571428571429e-6,42000000
Herbivores,0.30289855072463756,8.395348837209302e-6,43000000
Herbivores,0.30289855072463756,8.318181818181818e-6,44000000
Herbivores,0.30289855072463756,8.288888888888889e-6,45000000
Herbivores,0.30289855072463756,8.239130434782609e-6,46000000
Herbivores,0.30289855072463756,8.212765957446809e-6,47000000
Herbivores,0.30289855072463756,8.229166666666667e-6,48000000
Herbivores,0.30289855072463756,8.326530612244899e-6,49000000
Herbivores,0.30289855072463756,8.28e-6,50000000
Herbivores,0.30289855072463756,8.313725490196078e-6,51000000
Herbivores,0.30289855072463756,8.25e-6,52000000
Herbivores,0.30289855072463756,8.245283018867924e-6,53000000
Herbivores,0.30289855072463756,8.240740740740741e-6,54000000
Herbivores,0.30289855072463756,8.181818181818181e-6,55000000
Herbivores,0.30289855072463756,8.107142857142857e-6,56000000
Herbivores,0.30289855072463756,8.052631578947368e-6,57000000
Herbivores,0.30289855072463756,8.06896551724138e-6,58000000
Herbivores,0.30289855072463756,8.033898305084746e-6,59000000
Herbivores,0.30289855072463756,8.066666666666667e-6,60000000
Herbivores,0.30289855072463756,8.065573770491803e-6,61000000
Herbivores,0.30289855072463756,8.096774193548388e-6,62000000
Herbivores,0.30289855072463756,8.126984126984127e-6,63000000
Herbivores,0.30289855072463756,8.125e-6,64000000
Herbivores,0.30289855072463756,8.092307692307693e-6,65000000
Herbivores,0.30289855072463756,8.09090909090909e-6,66000000
Herbivores,0.30289855072463756,8.19402985074627e-6,67000000
Herbivores,0.30289855072463756,8.176470588235295e-6,68000000
Herbivores,0.30289855072463756,8.17391304347826e-6,69000000
Herbivores,0.30289855072463756,8.128571428571428e-6,70000000
Herbivores,0.30289855072463756,8.126760563380282e-6,71000000
Herbivores,0.30289855072463756,8.152777777777778e-6,72000000
Herbivores,0.30289855072463756,8.164383561643835e-6,73000000
Herbivores,0.30289855072463756,8.148648648648649e-6,74000000
Herbivores,0.30289855072463756,8.093333333333333e-6,75000000
Herbivores,0.30289855072463756,8.06578947368421e-6,76000000
Herbivores,0.30289855072463756,8.077922077922077e-6,77000000
Herbivores,0.30289855072463756,8.128205128205128e-6,78000000
Herbivores,0.30289855072463756,8.10126582278481e-6,79000000
Herbivores,0.30289855072463756,8.075e-6,80000000
Herbivores,0.30289855072463756,8.08641975308642e-6,81000000
Herbivores,0.30289855072463756,8.060975609756098e-6,82000000
Herbivores,0.30289855072463756,8.060240963855422e-6,83000000
Herbivores,0.30289855072463756,8.083333333333333e-6,84000000
Herbivores,0.30289855072463756,8.094117647058823e-6,85000000
Herbivores,0.30289855072463756,8.174418604651163e-6,86000000
Herbivores,0.30289855072463756,8.218390804597701e-6,87000000
Herbivores,0.30289855072463756,8.193181818181819e-6,88000000
Herbivores,0.30289855072463756,8.157303370786517e-6,89000000
Herbivores,0.30289855072463756,8.133333333333334e-6,90000000
Herbivores,0.30289855072463756,8.098901098901099e-6,91000000
Herbivores,0.30289855072463756,8.086956521739131e-6,92000000
Herbivores,0.30289855072463756,8.053763440860215e-6,93000000
Herbivores,0.30289855072463756,8.074468085106384e-6,94000000
Herbivores,0.30289855072463756,8.042105263157894e-6,95000000
Herbivores,0.30289855072463756,8.0e-6,96000000
Herbivores,0.30289855072463756,8.02061855670103e-6,97000000
Herbivores,0.30289855072463756,8.030612244897959e-6,98000000
Herbivores,0.30289855072463756,8.060606060606061e-6,99000000
Herbivores,0.30289855072463756,8.08e-6,100000000
