Primary_Producers,0.9262387387387387,0.935032,1000000
Primary_Producers,0.9262387387387387,0.93489,2000000
Primary_Producers,0.9262387387387387,0.9349683333333333,3000000
Primary_Producers,0.9262387387387387,0.934926,4000000
Primary_Producers,0.9262387387387387,0.9348222,5000000
Primary_Producers,0.9262387387387387,0.9348543333333333,6000000
Primary_Producers,0.9262387387387387,0.9348655714285714,7000000
Primary_Producers,0.9262387387387387,0.934874875,8000000
Primary_Producers,0.9262387387387387,0.9348365555555556,9000000
Primary_Producers,0.9262387387387387,0.9348312,10000000
Primary_Producers,0.9262387387387387,0.9348307272727273,11000000
Primary_Producers,0.9262387387387387,0.9348565833333333,12000000
Primary_Producers,0.9262387387387387,0.9348053076923077,13000000
Primary_Producers,0.9262387387387387,0.9348048571428571,14000000
Primary_Producers,0.9262387387387387,0.9347935333333334,15000000
Primary_Producers,0.9262387387387387,0.9347965625,16000000
Primary_Producers,0.9262387387387387,0.9347936470588235,17000000
Primary_Producers,0.9262387387387387,0.9348074444444444,18000000
Primary_Producers,0.9262387387387387,0.9348118947368421,19000000
Primary_Producers,0.9262387387387387,0.93481165,20000000
Primary_Producers,0.9262387387387387,0.934807619047619,21000000
Primary_Producers,0.9262387387387387,0.9348058181818182,22000000
Primary_Producers,0.9262387387387387,0.9347977826086956,23000000
Primary_Producers,0.9262387387387387,0.9348097916666667,24000000
Primary_Producers,0.9262387387387387,0.93480192,25000000
Primary_Producers,0.9262387387387387,0.9348001153846154,26000000
Primary_Producers,0.9262387387387387,0.9347926296296296,27000000
Primary_Producers,0.9262387387387387,0.9347855714285714,28000000
Primary_Producers,0.9262387387387387,0.9347728965517241,29000000
Primary_Producers,0.9262387387387387,0.9347721666666666,30000000
Primary_Producers,0.9262387387387387,0.9347716774193549,31000000
Primary_Producers,0.9262387387387387,0.93476959375,32000000
Primary_Producers,0.9262387387387387,0.9347858181818182,33000000
Primary_Producers,0.9262387387387387,0.9347772352941176,34000000
Primary_Producers,0.9262387387387387,0.9347743142857143,35000000
Primary_Producers,0.9262387387387387,0.9347709444444444,36000000
Primary_Producers,0.9262387387387387,0.934767,37000000
Primary_Producers,0.9262387387387387,0.9347651842105263,38000000
Primary_Producers,0.9262387387387387,0.9347645641025641,39000000
Primary_Producers,0.9262387387387387,0.93477725,40000000
Primary_Producers,0.9262387387387387,0.9347699512195122,41000000
Primary_Producers,0.9262387387387387,0.9347715952380953,42000000
Primary_Producers,0.9262387387387387,0.9347762093023256,43000000
Primary_Producers,0.9262387387387387,0.9347804772727273,44000000
Primary_Producers,0.9262387387387387,0.9347854666666666,45000000
Primary_Producers,0.9262387387387387,0.934783347826087,46000000
Primary_Producers,0.9262387387387387,0.9347777021276595,47000000
Primary_Producers,0.9262387387387387,0.9347804583333333,48000000
Primary_Producers,0.9262387387387387,0.9347942448979591,49000000
Primary_Producers,0.9262387387387387,0.93478978,50000000
Primary_Producers,0.9262387387387387,0.9347868431372549,51000000
Primary_Producers,0.9262387387387387,0.9347923653846154,52000000
Primary_Producers,0.9262387387387387,0.9347924716981132,53000000
Primary_Producers,0.9262387387387387,0.9347802222222222,54000000
Primary_Producers,0.9262387387387387,0.9347777818181818,55000000
Primary_Producers,0.9262387387387387,0.9347763035714286,56000000
Primary_Producers,0.9262387387387387,0.9347758596491228,57000000
Primary_Producers,0.9262387387387387,0.9347827931034483,58000000
Primary_Producers,0.9262387387387387,0.9347833389830509,59000000
Primary_Producers,0.9262387387387387,0.9347865166666667,60000000
Primary_Producers,0.9262387387387387,0.9347779344262295,61000000
Primary_Producers,0.9262387387387387,0.9347801451612904,62000000
Primary_Producers,0.9262387387387387,0.9347856666666666,63000000
Primary_Producers,0.9262387387387387,0.934789921875,64000000
Primary_Producers,0.9262387387387387,0.9347851384615384,65000000
Primary_Producers,0.9262387387387387,0.9347885606060606,66000000
Primary_Producers,0.9262387387387387,0.9347887164179104,67000000
Primary_Producers,0.9262387387387387,0.9347948676470588,68000000
Primary_Producers,0.9262387387387387,0.9347954057971014,69000000
Primary_Producers,0.9262387387387387,0.9347985428571428,70000000
Primary_Producers,0.9262387387387387,0.9347985915492958,71000000
Primary_Producers,0.9262387387387387,0.934793875,72000000
Primary_Producers,0.9262387387387387,0.9347951917808219,73000000
Primary_Producers,0.9262387387387387,0.934794527027027,74000000
Primary_Producers,0.9262387387387387,0.9347951466666666,75000000
Primary_Producers,0.9262387387387387,0.9347951447368421,76000000
Primary_Producers,0.9262387387387387,0.9347963246753247,77000000
Primary_Producers,0.9262387387387387,0.9347937948717949,78000000
Primary_Producers,0.9262387387387387,0.9347975443037975,79000000
Primary_Producers,0.9262387387387387,0.9347926,80000000
Primary_Producers,0.9262387387387387,0.9347938641975309,81000000
Primary_Producers,0.9262387387387387,0.9347957926829268,82000000
Primary_Producers,0.9262387387387387,0.9348031084337349,83000000
Primary_Producers,0.9262387387387387,0.93480475,84000000
Primary_Producers,0.9262387387387387,0.9348052470588235,85000000
Primary_Producers,0.9262387387387387,0.9348026976744186,86000000
Primary_Producers,0.9262387387387387,0.934804183908046,87000000
Primary_Producers,0.9262387387387387,0.934803375,88000000
Primary_Producers,0.9262387387387387,0.9348024943820225,89000000
Primary_Producers,0.9262387387387387,0.9348015222222222,90000000
Primary_Producers,0.9262387387387387,0.9348004505494506,91000000
Primary_Producers,0.9262387387387387,0.9348059782608695,92000000
Primary_Producers,0.9262387387387387,0.9348051720430107,93000000
Primary_Producers,0.9262387387387387,0.9348091170212766,94000000
Primary_Producers,0.9262387387387387,0.9348080210526316,95000000
Primary_Producers,0.9262387387387387,0.9348103020833334,96000000
Primary_Producers,0.9262387387387387,0.9348090927835051,97000000
Primary_Producers,0.9262387387387387,0.9348101224489795,98000000
Primary_Producers,0.9262387387387387,0.9348131212121212,99000000
Primary_Producers,0.9262387387387387,0.9348124,100000000
