all,0.26896865061335756,5.0e-6,1000000
all,0.26896865061335756,3.0e-6,2000000
all,0.26896865061335756,3.0e-6,3000000
all,0.26896865061335756,2.5e-6,4000000
all,0.26896865061335756,2.2e-6,5000000
all,0.26896865061335756,2.1666666666666665e-6,6000000
all,0.26896865061335756,2.2857142857142856e-6,7000000
all,0.26896865061335756,2.25e-6,8000000
all,0.26896865061335756,2.222222222222222e-6,9000000
all,0.26896865061335756,2.3e-6,10000000
all,0.26896865061335756,2.181818181818182e-6,11000000
all,0.26896865061335756,2.0833333333333334e-6,12000000
all,0.26896865061335756,2.1538461538461538e-6,13000000
all,0.26896865061335756,2.1428571428571427e-6,14000000
all,0.26896865061335756,2.1333333333333334e-6,15000000
all,0.26896865061335756,2.0625e-6,16000000
all,0.26896865061335756,1.9411764705882353e-6,17000000
all,0.26896865061335756,1.9444444444444444e-6,18000000
all,0.26896865061335756,2.0e-6,19000000
all,0.26896865061335756,2.0e-6,20000000
all,0.26896865061335756,1.9523809523809523e-6,21000000
all,0.26896865061335756,1.909090909090909e-6,22000000
all,0.26896865061335756,1.9130434782608697e-6,23000000
all,0.26896865061335756,1.875e-6,24000000
all,0.26896865061335756,1.92e-6,25000000
all,0.26896865061335756,2.0384615384615386e-6,26000000
all,0.26896865061335756,2.0e-6,27000000
all,0.26896865061335756,2.035714285714286e-6,28000000
all,0.26896865061335756,1.9655172413793105e-6,29000000
all,0.26896865061335756,1.9e-6,30000000
all,0.26896865061335756,2.032258064516129e-6,31000000
all,0.26896865061335756,2.09375e-6,32000000
all,0.26896865061335756,2.0909090909090907e-6,33000000
all,0.26896865061335756,2.0588235294117645e-6,34000000
all,0.26896865061335756,2.0571428571428573e-6,35000000
all,0.26896865061335756,2.0833333333333334e-6,36000000
all,0.26896865061335756,2.135135135135135e-6,37000000
all,0.26896865061335756,2.1315789473684212e-6,38000000
all,0.26896865061335756,2.1025641025641028e-6,39000000
all,0.26896865061335756,2.15e-6,40000000
all,0.26896865061335756,2.1463414634146343e-6,41000000
all,0.26896865061335756,2.1666666666666665e-6,42000000
all,0.26896865061335756,2.13953488372093e-6,43000000
all,0.26896865061335756,2.113636363636364e-6,44000000
all,0.26896865061335756,2.088888888888889e-6,45000000
all,0.26896865061335756,2.108695652173913e-6,46000000
all,0.26896865061335756,2.1276595744680853e-6,47000000
all,0.26896865061335756,2.1458333333333333e-6,48000000
all,0.26896865061335756,2.163265306122449e-6,49000000
all,0.26896865061335756,2.2e-6,50000000
all,0.26896865061335756,2.176470588235294e-6,51000000
all,0.26896865061335756,2.173076923076923e-6,52000000
all,0.26896865061335756,2.188679245283019e-6,53000000
all,0.26896865061335756,2.1851851851851853e-6,54000000
all,0.26896865061335756,2.2e-6,55000000
all,0.26896865061335756,2.160714285714286e-6,56000000
all,0.26896865061335756,2.175438596491228e-6,57000000
all,0.26896865061335756,2.1551724137931035e-6,58000000
all,0.26896865061335756,2.2203389830508476e-6,59000000
all,0.26896865061335756,2.2333333333333333e-6,60000000
all,0.26896865061335756,2.2295081967213113e-6,61000000
all,0.26896865061335756,2.2096774193548388e-6,62000000
all,0.26896865061335756,2.1904761904761903e-6,63000000
all,0.26896865061335756,2.203125e-6,64000000
all,0.26896865061335756,2.2e-6,65000000
all,0.26896865061335756,2.2272727272727274e-6,66000000
all,0.26896865061335756,2.2238805970149254e-6,67000000
all,0.26896865061335756,2.235294117647059e-6,68000000
all,0.26896865061335756,2.217391304347826e-6,69000000
all,0.26896865061335756,2.2285714285714286e-6,70000000
all,0.26896865061335756,2.2253521126760562e-6,71000000
all,0.26896865061335756,2.2083333333333335e-6,72000000
all,0.26896865061335756,2.191780821917808e-6,73000000
all,0.26896865061335756,2.1891891891891893e-6,74000000
all,0.26896865061335756,2.1866666666666668e-6,75000000
all,0.26896865061335756,2.223684210526316e-6,76000000
all,0.26896865061335756,2.2467532467532468e-6,77000000
all,0.26896865061335756,2.2564102564102562e-6,78000000
all,0.26896865061335756,2.2658227848101265e-6,79000000
all,0.26896865061335756,2.2625e-6,80000000
all,0.26896865061335756,2.2592592592592592e-6,81000000
all,0.26896865061335756,2.25609756097561e-6,82000000
all,0.26896865061335756,2.2289156626506024e-6,83000000
all,0.26896865061335756,2.214285714285714e-6,84000000
all,0.26896865061335756,2.247058823529412e-6,85000000
all,0.26896865061335756,2.244186046511628e-6,86000000
all,0.26896865061335756,2.2413793103448275e-6,87000000
all,0.26896865061335756,2.2272727272727274e-6,88000000
all,0.26896865061335756,2.2359550561797754e-6,89000000
all,0.26896865061335756,2.2333333333333333e-6,90000000
all,0.26896865061335756,2.2307692307692307e-6,91000000
all,0.26896865061335756,2.239130434782609e-6,92000000
all,0.26896865061335756,2.2365591397849463e-6,93000000
all,0.26896865061335756,2.2340425531914894e-6,94000000
all,0.26896865061335756,2.231578947368421e-6,95000000
all,0.26896865061335756,2.2395833333333334e-6,96000000
all,0.26896865061335756,2.2164948453608247e-6,97000000
all,0.26896865061335756,2.2448979591836734e-6,98000000
all,0.26896865061335756,2.2424242424242423e-6,99000000
all,0.26896865061335756,2.24e-6,100000000
