Primary_Producers,0.9354838709677419,1.0,1000000
Primary_Producers,0.9354838709677419,1.0,2000000
Primary_Producers,0.9354838709677419,1.0,3000000
Primary_Producers,0.9354838709677419,1.0,4000000
Primary_Producers,0.9354838709677419,1.0,5000000
Primary_Producers,0.9354838709677419,1.0,6000000
Primary_Producers,0.9354838709677419,1.0,7000000
Primary_Producers,0.9354838709677419,1.0,8000000
Primary_Producers,0.9354838709677419,1.0,9000000
Primary_Producers,0.9354838709677419,1.0,10000000
Primary_Producers,0.9354838709677419,1.0,11000000
Primary_Producers,0.9354838709677419,1.0,12000000
Primary_Producers,0.9354838709677419,1.0,13000000
Primary_Producers,0.9354838709677419,1.0,14000000
Primary_Producers,0.9354838709677419,1.0,15000000
Primary_Producers,0.9354838709677419,1.0,16000000
Primary_Producers,0.9354838709677419,1.0,17000000
Primary_Producers,0.9354838709677419,1.0,18000000
Primary_Producers,0.9354838709677419,1.0,19000000
Primary_Producers,0.9354838709677419,1.0,20000000
Primary_Producers,0.9354838709677419,1.0,21000000
Primary_Producers,0.9354838709677419,1.0,22000000
Primary_Producers,0.9354838709677419,1.0,23000000
Primary_Producers,0.9354838709677419,1.0,24000000
Primary_Producers,0.9354838709677419,1.0,25000000
Primary_Producers,0.9354838709677419,1.0,26000000
Primary_Producers,0.9354838709677419,1.0,27000000
Primary_Producers,0.9354838709677419,1.0,28000000
Primary_Producers,0.9354838709677419,1.0,29000000
Primary_Producers,0.9354838709677419,1.0,30000000
Primary_Producers,0.9354838709677419,1.0,31000000
Primary_Producers,0.9354838709677419,1.0,32000000
Primary_Producers,0.9354838709677419,1.0,33000000
Primary_Producers,0.9354838709677419,1.0,34000000
Primary_Producers,0.9354838709677419,1.0,35000000
Primary_Producers,0.9354838709677419,1.0,36000000
Primary_Producers,0.9354838709677419,1.0,37000000
Primary_Producers,0.9354838709677419,1.0,38000000
Primary_Producers,0.9354838709677419,1.0,39000000
Primary_Producers,0.9354838709677419,1.0,40000000
Primary_Producers,0.9354838709677419,1.0,41000000
Primary_Producers,0.9354838709677419,1.0,42000000
Primary_Producers,0.9354838709677419,1.0,43000000
Primary_Producers,0.9354838709677419,1.0,44000000
Primary_Producers,0.9354838709677419,1.0,45000000
Primary_Producers,0.9354838709677419,1.0,46000000
Primary_Producers,0.9354838709677419,1.0,47000000
Primary_Producers,0.9354838709677419,1.0,48000000
Primary_Producers,0.9354838709677419,1.0,49000000
Primary_Producers,0.9354838709677419,1.0,50000000
Primary_Producers,0.9354838709677419,1.0,51000000
Primary_Producers,0.9354838709677419,1.0,52000000
Primary_Producers,0.9354838709677419,1.0,53000000
Primary_Producers,0.9354838709677419,1.0,54000000
Primary_Producers,0.9354838709677419,1.0,55000000
Primary_Producers,0.9354838709677419,1.0,56000000
Primary_Producers,0.9354838709677419,1.0,57000000
Primary_Producers,0.9354838709677419,1.0,58000000
Primary_Producers,0.9354838709677419,1.0,59000000
Primary_Producers,0.9354838709677419,1.0,60000000
Primary_Producers,0.9354838709677419,1.0,61000000
Primary_Producers,0.9354838709677419,1.0,62000000
Primary_Producers,0.9354838709677419,1.0,63000000
Primary_Producers,0.9354838709677419,1.0,64000000
Primary_Producers,0.9354838709677419,1.0,65000000
Primary_Producers,0.9354838709677419,1.0,66000000
Primary_Producers,0.9354838709677419,1.0,67000000
Primary_Producers,0.9354838709677419,1.0,68000000
Primary_Producers,0.9354838709677419,1.0,69000000
Primary_Producers,0.9354838709677419,1.0,70000000
Primary_Producers,0.9354838709677419,1.0,71000000
Primary_Producers,0.9354838709677419,1.0,72000000
Primary_Producers,0.9354838709677419,1.0,73000000
Primary_Producers,0.9354838709677419,1.0,74000000
Primary_Producers,0.9354838709677419,1.0,75000000
Primary_Producers,0.9354838709677419,1.0,76000000
Primary_Producers,0.9354838709677419,1.0,77000000
Primary_Producers,0.9354838709677419,1.0,78000000
Primary_Producers,0.9354838709677419,1.0,79000000
Primary_Producers,0.9354838709677419,1.0,80000000
Primary_Producers,0.9354838709677419,1.0,81000000
Primary_Producers,0.9354838709677419,1.0,82000000
Primary_Producers,0.9354838709677419,1.0,83000000
Primary_Producers,0.9354838709677419,1.0,84000000
Primary_Producers,0.9354838709677419,1.0,85000000
Primary_Producers,0.9354838709677419,1.0,86000000
Primary_Producers,0.9354838709677419,1.0,87000000
Primary_Producers,0.9354838709677419,1.0,88000000
Primary_Producers,0.9354838709677419,1.0,89000000
Primary_Producers,0.9354838709677419,1.0,90000000
Primary_Producers,0.9354838709677419,1.0,91000000
Primary_Producers,0.9354838709677419,1.0,92000000
Primary_Producers,0.9354838709677419,1.0,93000000
Primary_Producers,0.9354838709677419,1.0,94000000
Primary_Producers,0.9354838709677419,1.0,95000000
Primary_Producers,0.9354838709677419,1.0,96000000
Primary_Producers,0.9354838709677419,1.0,97000000
Primary_Producers,0.9354838709677419,1.0,98000000
Primary_Producers,0.9354838709677419,1.0,99000000
Primary_Producers,0.9354838709677419,1.0,100000000
