Primary_Producers,0.8461538461538461,0.734867,1000000
Primary_Producers,0.8461538461538461,0.7353735,2000000
Primary_Producers,0.8461538461538461,0.7355573333333333,3000000
Primary_Producers,0.8461538461538461,0.735645,4000000
Primary_Producers,0.8461538461538461,0.7357376,5000000
Primary_Producers,0.8461538461538461,0.735737,6000000
Primary_Producers,0.8461538461538461,0.7357657142857142,7000000
Primary_Producers,0.8461538461538461,0.735812375,8000000
Primary_Producers,0.8461538461538461,0.7356738888888888,9000000
Primary_Producers,0.8461538461538461,0.7356568,10000000
Primary_Producers,0.8461538461538461,0.7356585454545455,11000000
Primary_Producers,0.8461538461538461,0.7356203333333333,12000000
Primary_Producers,0.8461538461538461,0.7356551538461539,13000000
Primary_Producers,0.8461538461538461,0.7357133571428571,14000000
Primary_Producers,0.8461538461538461,0.7356897333333333,15000000
Primary_Producers,0.8461538461538461,0.735669875,16000000
Primary_Producers,0.8461538461538461,0.735645,17000000
Primary_Producers,0.8461538461538461,0.7356101111111111,18000000
Primary_Producers,0.8461538461538461,0.735587052631579,19000000
Primary_Producers,0.8461538461538461,0.73559415,20000000
Primary_Producers,0.8461538461538461,0.735591,21000000
Primary_Producers,0.8461538461538461,0.7355636363636363,22000000
Primary_Producers,0.8461538461538461,0.7356021304347826,23000000
Primary_Producers,0.8461538461538461,0.735584,24000000
Primary_Producers,0.8461538461538461,0.73557724,25000000
Primary_Producers,0.8461538461538461,0.7355973461538462,26000000
Primary_Producers,0.8461538461538461,0.7355943333333334,27000000
Primary_Producers,0.8461538461538461,0.7356045357142857,28000000
Primary_Producers,0.8461538461538461,0.7356083793103448,29000000
Primary_Producers,0.8461538461538461,0.7356136,30000000
Primary_Producers,0.8461538461538461,0.7356077419354838,31000000
Primary_Producers,0.8461538461538461,0.73561665625,32000000
Primary_Producers,0.8461538461538461,0.7356170909090909,33000000
Primary_Producers,0.8461538461538461,0.7356177647058824,34000000
Primary_Producers,0.8461538461538461,0.7356214285714285,35000000
Primary_Producers,0.8461538461538461,0.7356255555555555,36000000
Primary_Producers,0.8461538461538461,0.7356259189189189,37000000
Primary_Producers,0.8461538461538461,0.7356267631578948,38000000
Primary_Producers,0.8461538461538461,0.7356322820512821,39000000
Primary_Producers,0.8461538461538461,0.735619025,40000000
Primary_Producers,0.8461538461538461,0.735622243902439,41000000
Primary_Producers,0.8461538461538461,0.7356127380952381,42000000
Primary_Producers,0.8461538461538461,0.7356158837209302,43000000
Primary_Producers,0.8461538461538461,0.7356115909090909,44000000
Primary_Producers,0.8461538461538461,0.7356008444444444,45000000
Primary_Producers,0.8461538461538461,0.735606847826087,46000000
Primary_Producers,0.8461538461538461,0.7356178085106383,47000000
Primary_Producers,0.8461538461538461,0.7356191875,48000000
Primary_Producers,0.8461538461538461,0.735622612244898,49000000
Primary_Producers,0.8461538461538461,0.73561666,50000000
Primary_Producers,0.8461538461538461,0.7356224117647059,51000000
Primary_Producers,0.8461538461538461,0.735631326923077,52000000
Primary_Producers,0.8461538461538461,0.7356338113207547,53000000
Primary_Producers,0.8461538461538461,0.7356372407407408,54000000
Primary_Producers,0.8461538461538461,0.7356359636363636,55000000
Primary_Producers,0.8461538461538461,0.7356311607142857,56000000
Primary_Producers,0.8461538461538461,0.7356384385964913,57000000
Primary_Producers,0.8461538461538461,0.735648724137931,58000000
Primary_Producers,0.8461538461538461,0.7356454237288136,59000000
Primary_Producers,0.8461538461538461,0.73565335,60000000
Primary_Producers,0.8461538461538461,0.7356511803278688,61000000
Primary_Producers,0.8461538461538461,0.7356437258064517,62000000
Primary_Producers,0.8461538461538461,0.735637746031746,63000000
Primary_Producers,0.8461538461538461,0.73564371875,64000000
Primary_Producers,0.8461538461538461,0.7356447230769231,65000000
Primary_Producers,0.8461538461538461,0.7356482121212121,66000000
Primary_Producers,0.8461538461538461,0.7356535671641791,67000000
Primary_Producers,0.8461538461538461,0.7356461764705883,68000000
Primary_Producers,0.8461538461538461,0.7356378115942029,69000000
Primary_Producers,0.8461538461538461,0.7356323428571429,70000000
Primary_Producers,0.8461538461538461,0.7356400704225352,71000000
Primary_Producers,0.8461538461538461,0.7356430416666667,72000000
Primary_Producers,0.8461538461538461,0.7356539589041096,73000000
Primary_Producers,0.8461538461538461,0.7356439189189189,74000000
Primary_Producers,0.8461538461538461,0.7356454266666667,75000000
Primary_Producers,0.8461538461538461,0.7356453947368421,76000000
Primary_Producers,0.8461538461538461,0.7356434935064935,77000000
Primary_Producers,0.8461538461538461,0.7356380512820513,78000000
Primary_Producers,0.8461538461538461,0.7356397974683544,79000000
Primary_Producers,0.8461538461538461,0.73564645,80000000
Primary_Producers,0.8461538461538461,0.7356427407407408,81000000
Primary_Producers,0.8461538461538461,0.7356486707317074,82000000
Primary_Producers,0.8461538461538461,0.7356401686746988,83000000
Primary_Producers,0.8461538461538461,0.7356488452380953,84000000
Primary_Producers,0.8461538461538461,0.7356499882352941,85000000
Primary_Producers,0.8461538461538461,0.735650488372093,86000000
Primary_Producers,0.8461538461538461,0.7356498620689655,87000000
Primary_Producers,0.8461538461538461,0.7356469545454546,88000000
Primary_Producers,0.8461538461538461,0.735645797752809,89000000
Primary_Producers,0.8461538461538461,0.7356347222222223,90000000
Primary_Producers,0.8461538461538461,0.7356350879120879,91000000
Primary_Producers,0.8461538461538461,0.7356353152173913,92000000
Primary_Producers,0.8461538461538461,0.7356256021505376,93000000
Primary_Producers,0.8461538461538461,0.735630670212766,94000000
Primary_Producers,0.8461538461538461,0.7356317473684211,95000000
Primary_Producers,0.8461538461538461,0.7356319583333333,96000000
Primary_Producers,0.8461538461538461,0.735629206185567,97000000
Primary_Producers,0.8461538461538461,0.7356278571428572,98000000
Primary_Producers,0.8461538461538461,0.7356296969696969,99000000
Primary_Producers,0.8461538461538461,0.73562866,100000000
