Primary_Producers,0.9090909090909091,0.85132,1000000
Primary_Producers,0.9090909090909091,0.8514995,2000000
Primary_Producers,0.9090909090909091,0.8514043333333333,3000000
Primary_Producers,0.9090909090909091,0.85125525,4000000
Primary_Producers,0.9090909090909091,0.8510668,5000000
Primary_Producers,0.9090909090909091,0.851061,6000000
Primary_Producers,0.9090909090909091,0.8510601428571428,7000000
Primary_Producers,0.9090909090909091,0.85109075,8000000
Primary_Producers,0.9090909090909091,0.8510288888888888,9000000
Primary_Producers,0.9090909090909091,0.8509895,10000000
Primary_Producers,0.9090909090909091,0.851021090909091,11000000
Primary_Producers,0.9090909090909091,0.8510288333333333,12000000
Primary_Producers,0.9090909090909091,0.8510038461538462,13000000
Primary_Producers,0.9090909090909091,0.8510349285714286,14000000
Primary_Producers,0.9090909090909091,0.8509668,15000000
Primary_Producers,0.9090909090909091,0.850959625,16000000
Primary_Producers,0.9090909090909091,0.8509578235294117,17000000
Primary_Producers,0.9090909090909091,0.8509512222222222,18000000
Primary_Producers,0.9090909090909091,0.8509705263157895,19000000
Primary_Producers,0.9090909090909091,0.85100005,20000000
Primary_Producers,0.9090909090909091,0.8509673333333333,21000000
Primary_Producers,0.9090909090909091,0.8509531818181818,22000000
Primary_Producers,0.9090909090909091,0.8509641304347826,23000000
Primary_Producers,0.9090909090909091,0.8509624583333333,24000000
Primary_Producers,0.9090909090909091,0.85097052,25000000
Primary_Producers,0.9090909090909091,0.8509886538461539,26000000
Primary_Producers,0.9090909090909091,0.8509928518518518,27000000
Primary_Producers,0.9090909090909091,0.8510134285714286,28000000
Primary_Producers,0.9090909090909091,0.8510004482758621,29000000
Primary_Producers,0.9090909090909091,0.8509879,30000000
Primary_Producers,0.9090909090909091,0.8509812903225806,31000000
Primary_Producers,0.9090909090909091,0.85098421875,32000000
Primary_Producers,0.9090909090909091,0.8509674848484848,33000000
Primary_Producers,0.9090909090909091,0.8509788235294118,34000000
Primary_Producers,0.9090909090909091,0.8509789142857143,35000000
Primary_Producers,0.9090909090909091,0.8509825833333333,36000000
Primary_Producers,0.9090909090909091,0.8509952162162162,37000000
Primary_Producers,0.9090909090909091,0.8509946315789474,38000000
Primary_Producers,0.9090909090909091,0.8509872051282051,39000000
Primary_Producers,0.9090909090909091,0.85097915,40000000
Primary_Producers,0.9090909090909091,0.8509934390243903,41000000
Primary_Producers,0.9090909090909091,0.8509959285714286,42000000
Primary_Producers,0.9090909090909091,0.8509947209302325,43000000
Primary_Producers,0.9090909090909091,0.8509914772727273,44000000
Primary_Producers,0.9090909090909091,0.8509838888888889,45000000
Primary_Producers,0.9090909090909091,0.850979195652174,46000000
Primary_Producers,0.9090909090909091,0.8509728936170213,47000000
Primary_Producers,0.9090909090909091,0.8509792916666666,48000000
Primary_Producers,0.9090909090909091,0.8509900204081633,49000000
Primary_Producers,0.9090909090909091,0.85099714,50000000
Primary_Producers,0.9090909090909091,0.8509920196078431,51000000
Primary_Producers,0.9090909090909091,0.8509964423076923,52000000
Primary_Producers,0.9090909090909091,0.8509906415094339,53000000
Primary_Producers,0.9090909090909091,0.8509963888888888,54000000
Primary_Producers,0.9090909090909091,0.8509976727272728,55000000
Primary_Producers,0.9090909090909091,0.8509929642857142,56000000
Primary_Producers,0.9090909090909091,0.8509987894736842,57000000
Primary_Producers,0.9090909090909091,0.8509974827586206,58000000
Primary_Producers,0.9090909090909091,0.8509957966101694,59000000
Primary_Producers,0.9090909090909091,0.8509936833333334,60000000
Primary_Producers,0.9090909090909091,0.8509834426229508,61000000
Primary_Producers,0.9090909090909091,0.8509806935483871,62000000
Primary_Producers,0.9090909090909091,0.8509809206349206,63000000
Primary_Producers,0.9090909090909091,0.850979515625,64000000
Primary_Producers,0.9090909090909091,0.8509755076923077,65000000
Primary_Producers,0.9090909090909091,0.8509751363636363,66000000
Primary_Producers,0.9090909090909091,0.8509661791044776,67000000
Primary_Producers,0.9090909090909091,0.8509618088235295,68000000
Primary_Producers,0.9090909090909091,0.8509550869565218,69000000
Primary_Producers,0.9090909090909091,0.8509591857142857,70000000
Primary_Producers,0.9090909090909091,0.8509643943661972,71000000
Primary_Producers,0.9090909090909091,0.8509606666666667,72000000
Primary_Producers,0.9090909090909091,0.8509683150684931,73000000
Primary_Producers,0.9090909090909091,0.8509597702702703,74000000
Primary_Producers,0.9090909090909091,0.8509642133333334,75000000
Primary_Producers,0.9090909090909091,0.8509487763157895,76000000
Primary_Producers,0.9090909090909091,0.8509523246753247,77000000
Primary_Producers,0.9090909090909091,0.8509427435897436,78000000
Primary_Producers,0.9090909090909091,0.8509447088607595,79000000
Primary_Producers,0.9090909090909091,0.850941725,80000000
Primary_Producers,0.9090909090909091,0.8509394691358024,81000000
Primary_Producers,0.9090909090909091,0.8509414268292683,82000000
Primary_Producers,0.9090909090909091,0.8509377108433734,83000000
Primary_Producers,0.9090909090909091,0.8509395238095238,84000000
Primary_Producers,0.9090909090909091,0.8509380117647058,85000000
Primary_Producers,0.9090909090909091,0.8509357558139535,86000000
Primary_Producers,0.9090909090909091,0.8509379770114942,87000000
Primary_Producers,0.9090909090909091,0.850939409090909,88000000
Primary_Producers,0.9090909090909091,0.850942988764045,89000000
Primary_Producers,0.9090909090909091,0.8509411111111111,90000000
Primary_Producers,0.9090909090909091,0.8509283626373626,91000000
Primary_Producers,0.9090909090909091,0.8509274782608696,92000000
Primary_Producers,0.9090909090909091,0.8509217956989247,93000000
Primary_Producers,0.9090909090909091,0.8509265638297873,94000000
Primary_Producers,0.9090909090909091,0.8509222210526316,95000000
Primary_Producers,0.9090909090909091,0.8509221354166666,96000000
Primary_Producers,0.9090909090909091,0.8509181237113402,97000000
Primary_Producers,0.9090909090909091,0.8509157857142857,98000000
Primary_Producers,0.9090909090909091,0.8509178383838384,99000000
Primary_Producers,0.9090909090909091,0.85091567,100000000
