Primary_Producers,0.6363636363636364,0.998927,1000000
Primary_Producers,0.6363636363636364,0.9989175,2000000
Primary_Producers,0.6363636363636364,0.9989093333333333,3000000
Primary_Producers,0.6363636363636364,0.9989135,4000000
Primary_Producers,0.6363636363636364,0.9989182,5000000
Primary_Producers,0.6363636363636364,0.9989095,6000000
Primary_Producers,0.6363636363636364,0.9989077142857142,7000000
Primary_Producers,0.6363636363636364,0.9989155,8000000
Primary_Producers,0.6363636363636364,0.9989202222222222,9000000
Primary_Producers,0.6363636363636364,0.9989185,10000000
Primary_Producers,0.6363636363636364,0.9989204545454545,11000000
Primary_Producers,0.6363636363636364,0.9989176666666667,12000000
Primary_Producers,0.6363636363636364,0.9989248461538461,13000000
Primary_Producers,0.6363636363636364,0.9989232857142857,14000000
Primary_Producers,0.6363636363636364,0.9989256666666667,15000000
Primary_Producers,0.6363636363636364,0.9989255,16000000
Primary_Producers,0.6363636363636364,0.9989251764705882,17000000
Primary_Producers,0.6363636363636364,0.9989264444444445,18000000
Primary_Producers,0.6363636363636364,0.9989282105263158,19000000
Primary_Producers,0.6363636363636364,0.99892795,20000000
Primary_Producers,0.6363636363636364,0.9989286190476191,21000000
Primary_Producers,0.6363636363636364,0.9989275454545454,22000000
Primary_Producers,0.6363636363636364,0.9989276956521739,23000000
Primary_Producers,0.6363636363636364,0.9989284166666667,24000000
Primary_Producers,0.6363636363636364,0.9989246,25000000
Primary_Producers,0.6363636363636364,0.9989254615384615,26000000
Primary_Producers,0.6363636363636364,0.9989250370370371,27000000
Primary_Producers,0.6363636363636364,0.998926,28000000
Primary_Producers,0.6363636363636364,0.9989260689655173,29000000
Primary_Producers,0.6363636363636364,0.9989277333333333,30000000
Primary_Producers,0.6363636363636364,0.9989271935483871,31000000
Primary_Producers,0.6363636363636364,0.9989270625,32000000
Primary_Producers,0.6363636363636364,0.9989256060606061,33000000
Primary_Producers,0.6363636363636364,0.9989265,34000000
Primary_Producers,0.6363636363636364,0.998927,35000000
Primary_Producers,0.6363636363636364,0.9989275277777778,36000000
Primary_Producers,0.6363636363636364,0.9989275675675676,37000000
Primary_Producers,0.6363636363636364,0.9989270263157894,38000000
Primary_Producers,0.6363636363636364,0.9989264615384615,39000000
Primary_Producers,0.6363636363636364,0.9989251,40000000
Primary_Producers,0.6363636363636364,0.9989252195121952,41000000
Primary_Producers,0.6363636363636364,0.9989252619047619,42000000
Primary_Producers,0.6363636363636364,0.9989249534883721,43000000
Primary_Producers,0.6363636363636364,0.9989239090909091,44000000
Primary_Producers,0.6363636363636364,0.9989234444444445,45000000
Primary_Producers,0.6363636363636364,0.9989233913043478,46000000
Primary_Producers,0.6363636363636364,0.9989227446808511,47000000
Primary_Producers,0.6363636363636364,0.9989235416666666,48000000
Primary_Producers,0.6363636363636364,0.9989236530612244,49000000
Primary_Producers,0.6363636363636364,0.99892298,50000000
Primary_Producers,0.6363636363636364,0.9989228823529411,51000000
Primary_Producers,0.6363636363636364,0.99892275,52000000
Primary_Producers,0.6363636363636364,0.9989227924528302,53000000
Primary_Producers,0.6363636363636364,0.998923,54000000
Primary_Producers,0.6363636363636364,0.9989230909090909,55000000
Primary_Producers,0.6363636363636364,0.9989236607142857,56000000
Primary_Producers,0.6363636363636364,0.9989241578947369,57000000
Primary_Producers,0.6363636363636364,0.9989246206896552,58000000
Primary_Producers,0.6363636363636364,0.9989249830508474,59000000
Primary_Producers,0.6363636363636364,0.99892505,60000000
Primary_Producers,0.6363636363636364,0.9989249016393442,61000000
Primary_Producers,0.6363636363636364,0.9989253387096774,62000000
Primary_Producers,0.6363636363636364,0.9989249206349207,63000000
Primary_Producers,0.6363636363636364,0.998924265625,64000000
Primary_Producers,0.6363636363636364,0.9989236153846154,65000000
Primary_Producers,0.6363636363636364,0.9989236818181818,66000000
Primary_Producers,0.6363636363636364,0.9989233134328358,67000000
Primary_Producers,0.6363636363636364,0.9989237205882353,68000000
Primary_Producers,0.6363636363636364,0.9989234057971015,69000000
Primary_Producers,0.6363636363636364,0.9989251428571428,70000000
Primary_Producers,0.6363636363636364,0.9989250281690141,71000000
Primary_Producers,0.6363636363636364,0.9989246388888889,72000000
Primary_Producers,0.6363636363636364,0.9989237671232877,73000000
Primary_Producers,0.6363636363636364,0.9989245810810811,74000000
Primary_Producers,0.6363636363636364,0.9989253466666667,75000000
Primary_Producers,0.6363636363636364,0.9989250131578947,76000000
Primary_Producers,0.6363636363636364,0.9989252077922078,77000000
Primary_Producers,0.6363636363636364,0.9989255641025641,78000000
Primary_Producers,0.6363636363636364,0.9989259873417722,79000000
Primary_Producers,0.6363636363636364,0.9989256625,80000000
Primary_Producers,0.6363636363636364,0.998925975308642,81000000
Primary_Producers,0.6363636363636364,0.9989256707317073,82000000
Primary_Producers,0.6363636363636364,0.9989250481927711,83000000
Primary_Producers,0.6363636363636364,0.9989248095238096,84000000
Primary_Producers,0.6363636363636364,0.9989242588235294,85000000
Primary_Producers,0.6363636363636364,0.9989241046511628,86000000
Primary_Producers,0.6363636363636364,0.9989246781609196,87000000
Primary_Producers,0.6363636363636364,0.9989253636363636,88000000
Primary_Producers,0.6363636363636364,0.9989253595505618,89000000
Primary_Producers,0.6363636363636364,0.9989251555555556,90000000
Primary_Producers,0.6363636363636364,0.998925010989011,91000000
Primary_Producers,0.6363636363636364,0.9989246304347826,92000000
Primary_Producers,0.6363636363636364,0.9989238817204301,93000000
Primary_Producers,0.6363636363636364,0.998923585106383,94000000
Primary_Producers,0.6363636363636364,0.9989236315789474,95000000
Primary_Producers,0.6363636363636364,0.9989233333333334,96000000
Primary_Producers,0.6363636363636364,0.9989229587628866,97000000
Primary_Producers,0.6363636363636364,0.9989226734693878,98000000
Primary_Producers,0.6363636363636364,0.9989225555555555,99000000
Primary_Producers,0.6363636363636364,0.9989224,100000000
