Herbivores,0.6086956521739131,0.0,1000000
Herbivores,0.6086956521739131,0.0,2000000
Herbivores,0.6086956521739131,3.3333333333333335e-7,3000000
Herbivores,0.6086956521739131,2.5e-7,4000000
Herbivores,0.6086956521739131,2.0e-7,5000000
Herbivores,0.6086956521739131,3.3333333333333335e-7,6000000
Herbivores,0.6086956521739131,2.857142857142857e-7,7000000
Herbivores,0.6086956521739131,2.5e-7,8000000
Herbivores,0.6086956521739131,2.2222222222222222e-7,9000000
Herbivores,0.6086956521739131,2.0e-7,10000000
Herbivores,0.6086956521739131,1.8181818181818183e-7,11000000
Herbivores,0.6086956521739131,1.6666666666666668e-7,12000000
Herbivores,0.6086956521739131,1.5384615384615385e-7,13000000
Herbivores,0.6086956521739131,1.4285714285714285e-7,14000000
Herbivores,0.6086956521739131,1.3333333333333334e-7,15000000
Herbivores,0.6086956521739131,1.25e-7,16000000
Herbivores,0.6086956521739131,1.1764705882352942e-7,17000000
Herbivores,0.6086956521739131,1.1111111111111111e-7,18000000
Herbivores,0.6086956521739131,1.0526315789473685e-7,19000000
Herbivores,0.6086956521739131,1.0e-7,20000000
Herbivores,0.6086956521739131,1.4285714285714285e-7,21000000
Herbivores,0.6086956521739131,1.3636363636363637e-7,22000000
Herbivores,0.6086956521739131,1.3043478260869566e-7,23000000
Herbivores,0.6086956521739131,1.25e-7,24000000
Herbivores,0.6086956521739131,1.2e-7,25000000
Herbivores,0.6086956521739131,1.1538461538461539e-7,26000000
Herbivores,0.6086956521739131,1.1111111111111111e-7,27000000
Herbivores,0.6086956521739131,1.4285714285714285e-7,28000000
Herbivores,0.6086956521739131,1.3793103448275863e-7,29000000
Herbivores,0.6086956521739131,1.3333333333333334e-7,30000000
Herbivores,0.6086956521739131,1.2903225806451614e-7,31000000
Herbivores,0.6086956521739131,1.25e-7,32000000
Herbivores,0.6086956521739131,1.2121212121212122e-7,33000000
Herbivores,0.6086956521739131,1.4705882352941175e-7,34000000
Herbivores,0.6086956521739131,1.4285714285714285e-7,35000000
Herbivores,0.6086956521739131,1.3888888888888888e-7,36000000
Herbivores,0.6086956521739131,1.3513513513513515e-7,37000000
Herbivores,0.6086956521739131,1.3157894736842104e-7,38000000
Herbivores,0.6086956521739131,1.282051282051282e-7,39000000
Herbivores,0.6086956521739131,1.25e-7,40000000
Herbivores,0.6086956521739131,1.219512195121951e-7,41000000
Herbivores,0.6086956521739131,1.1904761904761904e-7,42000000
Herbivores,0.6086956521739131,1.3953488372093024e-7,43000000
Herbivores,0.6086956521739131,1.3636363636363637e-7,44000000
Herbivores,0.6086956521739131,1.3333333333333334e-7,45000000
Herbivores,0.6086956521739131,1.5217391304347825e-7,46000000
Herbivores,0.6086956521739131,1.4893617021276595e-7,47000000
Herbivores,0.6086956521739131,1.4583333333333332e-7,48000000
Herbivores,0.6086956521739131,1.4285714285714285e-7,49000000
Herbivores,0.6086956521739131,1.4e-7,50000000
Herbivores,0.6086956521739131,1.3725490196078432e-7,51000000
Herbivores,0.6086956521739131,1.346153846153846e-7,52000000
Herbivores,0.6086956521739131,1.320754716981132e-7,53000000
Herbivores,0.6086956521739131,1.4814814814814815e-7,54000000
Herbivores,0.6086956521739131,1.6363636363636364e-7,55000000
Herbivores,0.6086956521739131,1.6071428571428573e-7,56000000
Herbivores,0.6086956521739131,1.5789473684210527e-7,57000000
Herbivores,0.6086956521739131,1.5517241379310344e-7,58000000
Herbivores,0.6086956521739131,1.5254237288135593e-7,59000000
Herbivores,0.6086956521739131,1.5e-7,60000000
Herbivores,0.6086956521739131,1.4754098360655738e-7,61000000
Herbivores,0.6086956521739131,1.4516129032258064e-7,62000000
Herbivores,0.6086956521739131,1.4285714285714285e-7,63000000
Herbivores,0.6086956521739131,1.40625e-7,64000000
Herbivores,0.6086956521739131,1.3846153846153846e-7,65000000
Herbivores,0.6086956521739131,1.3636363636363637e-7,66000000
Herbivores,0.6086956521739131,1.4925373134328358e-7,67000000
Herbivores,0.6086956521739131,1.6176470588235293e-7,68000000
Herbivores,0.6086956521739131,1.7391304347826088e-7,69000000
Herbivores,0.6086956521739131,1.7142857142857143e-7,70000000
Herbivores,0.6086956521739131,1.6901408450704225e-7,71000000
Herbivores,0.6086956521739131,1.6666666666666668e-7,72000000
Herbivores,0.6086956521739131,1.6438356164383561e-7,73000000
Herbivores,0.6086956521739131,1.6216216216216215e-7,74000000
Herbivores,0.6086956521739131,1.6e-7,75000000
Herbivores,0.6086956521739131,1.5789473684210527e-7,76000000
Herbivores,0.6086956521739131,1.6883116883116883e-7,77000000
Herbivores,0.6086956521739131,1.6666666666666668e-7,78000000
Herbivores,0.6086956521739131,1.7721518987341772e-7,79000000
Herbivores,0.6086956521739131,1.75e-7,80000000
Herbivores,0.6086956521739131,1.728395061728395e-7,81000000
Herbivores,0.6086956521739131,1.7073170731707317e-7,82000000
Herbivores,0.6086956521739131,1.6867469879518072e-7,83000000
Herbivores,0.6086956521739131,1.6666666666666668e-7,84000000
Herbivores,0.6086956521739131,1.6470588235294117e-7,85000000
Herbivores,0.6086956521739131,1.627906976744186e-7,86000000
Herbivores,0.6086956521739131,1.6091954022988505e-7,87000000
Herbivores,0.6086956521739131,1.590909090909091e-7,88000000
Herbivores,0.6086956521739131,1.5730337078651685e-7,89000000
Herbivores,0.6086956521739131,1.5555555555555556e-7,90000000
Herbivores,0.6086956521739131,1.6483516483516484e-7,91000000
Herbivores,0.6086956521739131,1.6304347826086958e-7,92000000
Herbivores,0.6086956521739131,1.6129032258064515e-7,93000000
Herbivores,0.6086956521739131,1.5957446808510638e-7,94000000
Herbivores,0.6086956521739131,1.5789473684210527e-7,95000000
Herbivores,0.6086956521739131,1.6666666666666668e-7,96000000
Herbivores,0.6086956521739131,1.752577319587629e-7,97000000
Herbivores,0.6086956521739131,1.7346938775510203e-7,98000000
Herbivores,0.6086956521739131,1.7171717171717172e-7,99000000
Herbivores,0.6086956521739131,1.7e-7,100000000
