Herbivores,0.39408952328159647,1.0e-6,1000000
Herbivores,0.39408952328159647,5.0e-7,2000000
Herbivores,0.39408952328159647,1.3333333333333334e-6,3000000
Herbivores,0.39408952328159647,2.25e-6,4000000
Herbivores,0.39408952328159647,2.6e-6,5000000
Herbivores,0.39408952328159647,2.8333333333333335e-6,6000000
Herbivores,0.39408952328159647,2.5714285714285716e-6,7000000
Herbivores,0.39408952328159647,2.625e-6,8000000
Herbivores,0.39408952328159647,2.666666666666667e-6,9000000
Herbivores,0.39408952328159647,2.8e-6,10000000
Herbivores,0.39408952328159647,3.272727272727273e-6,11000000
Herbivores,0.39408952328159647,3.3333333333333333e-6,12000000
Herbivores,0.39408952328159647,3.230769230769231e-6,13000000
Herbivores,0.39408952328159647,3.5e-6,14000000
Herbivores,0.39408952328159647,3.3333333333333333e-6,15000000
Herbivores,0.39408952328159647,3.3125e-6,16000000
Herbivores,0.39408952328159647,3.411764705882353e-6,17000000
Herbivores,0.39408952328159647,3.5e-6,18000000
Herbivores,0.39408952328159647,3.5789473684210525e-6,19000000
Herbivores,0.39408952328159647,3.6e-6,20000000
Herbivores,0.39408952328159647,3.5714285714285714e-6,21000000
Herbivores,0.39408952328159647,3.636363636363636e-6,22000000
Herbivores,0.39408952328159647,3.6956521739130436e-6,23000000
Herbivores,0.39408952328159647,3.7083333333333335e-6,24000000
Herbivores,0.39408952328159647,3.6e-6,25000000
Herbivores,0.39408952328159647,3.576923076923077e-6,26000000
Herbivores,0.39408952328159647,3.5925925925925927e-6,27000000
Herbivores,0.39408952328159647,3.5714285714285714e-6,28000000
Herbivores,0.39408952328159647,3.5517241379310345e-6,29000000
Herbivores,0.39408952328159647,3.6e-6,30000000
Herbivores,0.39408952328159647,3.5161290322580646e-6,31000000
Herbivores,0.39408952328159647,3.59375e-6,32000000
Herbivores,0.39408952328159647,3.5757575757575758e-6,33000000
Herbivores,0.39408952328159647,3.588235294117647e-6,34000000
Herbivores,0.39408952328159647,3.542857142857143e-6,35000000
Herbivores,0.39408952328159647,3.611111111111111e-6,36000000
Herbivores,0.39408952328159647,3.6216216216216215e-6,37000000
Herbivores,0.39408952328159647,3.6052631578947367e-6,38000000
Herbivores,0.39408952328159647,3.5897435897435896e-6,39000000
Herbivores,0.39408952328159647,3.6e-6,40000000
Herbivores,0.39408952328159647,3.5609756097560974e-6,41000000
Herbivores,0.39408952328159647,3.5476190476190476e-6,42000000
Herbivores,0.39408952328159647,3.5813953488372093e-6,43000000
Herbivores,0.39408952328159647,3.5227272727272726e-6,44000000
Herbivores,0.39408952328159647,3.4888888888888888e-6,45000000
Herbivores,0.39408952328159647,3.5e-6,46000000
Herbivores,0.39408952328159647,3.553191489361702e-6,47000000
Herbivores,0.39408952328159647,3.6041666666666667e-6,48000000
Herbivores,0.39408952328159647,3.63265306122449e-6,49000000
Herbivores,0.39408952328159647,3.62e-6,50000000
Herbivores,0.39408952328159647,3.607843137254902e-6,51000000
Herbivores,0.39408952328159647,3.5961538461538462e-6,52000000
Herbivores,0.39408952328159647,3.641509433962264e-6,53000000
Herbivores,0.39408952328159647,3.62962962962963e-6,54000000
Herbivores,0.39408952328159647,3.5818181818181817e-6,55000000
Herbivores,0.39408952328159647,3.589285714285714e-6,56000000
Herbivores,0.39408952328159647,3.543859649122807e-6,57000000
Herbivores,0.39408952328159647,3.5517241379310345e-6,58000000
Herbivores,0.39408952328159647,3.5084745762711865e-6,59000000
Herbivores,0.39408952328159647,3.5e-6,60000000
Herbivores,0.39408952328159647,3.4918032786885247e-6,61000000
Herbivores,0.39408952328159647,3.5483870967741936e-6,62000000
Herbivores,0.39408952328159647,3.5714285714285714e-6,63000000
Herbivores,0.39408952328159647,3.546875e-6,64000000
Herbivores,0.39408952328159647,3.5692307692307692e-6,65000000
Herbivores,0.39408952328159647,3.5909090909090908e-6,66000000
Herbivores,0.39408952328159647,3.582089552238806e-6,67000000
Herbivores,0.39408952328159647,3.573529411764706e-6,68000000
Herbivores,0.39408952328159647,3.5797101449275364e-6,69000000
Herbivores,0.39408952328159647,3.6e-6,70000000
Herbivores,0.39408952328159647,3.6338028169014085e-6,71000000
Herbivores,0.39408952328159647,3.625e-6,72000000
Herbivores,0.39408952328159647,3.6027397260273974e-6,73000000
Herbivores,0.39408952328159647,3.6216216216216215e-6,74000000
Herbivores,0.39408952328159647,3.6533333333333332e-6,75000000
Herbivores,0.39408952328159647,3.6447368421052634e-6,76000000
Herbivores,0.39408952328159647,3.636363636363636e-6,77000000
Herbivores,0.39408952328159647,3.653846153846154e-6,78000000
Herbivores,0.39408952328159647,3.658227848101266e-6,79000000
Herbivores,0.39408952328159647,3.6625e-6,80000000
Herbivores,0.39408952328159647,3.679012345679012e-6,81000000
Herbivores,0.39408952328159647,3.695121951219512e-6,82000000
Herbivores,0.39408952328159647,3.7349397590361445e-6,83000000
Herbivores,0.39408952328159647,3.75e-6,84000000
Herbivores,0.39408952328159647,3.7294117647058822e-6,85000000
Herbivores,0.39408952328159647,3.755813953488372e-6,86000000
Herbivores,0.39408952328159647,3.793103448275862e-6,87000000
Herbivores,0.39408952328159647,3.772727272727273e-6,88000000
Herbivores,0.39408952328159647,3.7977528089887642e-6,89000000
Herbivores,0.39408952328159647,3.7666666666666665e-6,90000000
Herbivores,0.39408952328159647,3.7472527472527473e-6,91000000
Herbivores,0.39408952328159647,3.7282608695652172e-6,92000000
Herbivores,0.39408952328159647,3.7526881720430106e-6,93000000
Herbivores,0.39408952328159647,3.7340425531914894e-6,94000000
Herbivores,0.39408952328159647,3.736842105263158e-6,95000000
Herbivores,0.39408952328159647,3.729166666666667e-6,96000000
Herbivores,0.39408952328159647,3.7216494845360825e-6,97000000
Herbivores,0.39408952328159647,3.7448979591836734e-6,98000000
Herbivores,0.39408952328159647,3.787878787878788e-6,99000000
Herbivores,0.39408952328159647,3.8e-6,100000000
