Primary_Producers,0.9143988124690747,0.126129,1000000
Primary_Producers,0.9143988124690747,0.1264485,2000000
Primary_Producers,0.9143988124690747,0.12626833333333334,3000000
Primary_Producers,0.9143988124690747,0.1261135,4000000
Primary_Producers,0.9143988124690747,0.1260738,5000000
Primary_Producers,0.9143988124690747,0.12610416666666666,6000000
Primary_Producers,0.9143988124690747,0.12606728571428572,7000000
Primary_Producers,0.9143988124690747,0.126020625,8000000
Primary_Producers,0.9143988124690747,0.12595622222222222,9000000
Primary_Producers,0.9143988124690747,0.1259792,10000000
Primary_Producers,0.9143988124690747,0.12599136363636362,11000000
Primary_Producers,0.9143988124690747,0.12603575,12000000
Primary_Producers,0.9143988124690747,0.12608515384615385,13000000
Primary_Producers,0.9143988124690747,0.12614464285714286,14000000
Primary_Producers,0.9143988124690747,0.12614626666666667,15000000
Primary_Producers,0.9143988124690747,0.1261794375,16000000
Primary_Producers,0.9143988124690747,0.12615088235294117,17000000
Primary_Producers,0.9143988124690747,0.1261535,18000000
Primary_Producers,0.9143988124690747,0.12616315789473684,19000000
Primary_Producers,0.9143988124690747,0.1261705,20000000
Primary_Producers,0.9143988124690747,0.12617919047619047,21000000
Primary_Producers,0.9143988124690747,0.1261830909090909,22000000
Primary_Producers,0.9143988124690747,0.12618408695652175,23000000
Primary_Producers,0.9143988124690747,0.12617625,24000000
Primary_Producers,0.9143988124690747,0.12620444,25000000
Primary_Producers,0.9143988124690747,0.1262086923076923,26000000
Primary_Producers,0.9143988124690747,0.12621855555555556,27000000
Primary_Producers,0.9143988124690747,0.12621146428571428,28000000
Primary_Producers,0.9143988124690747,0.12621237931034482,29000000
Primary_Producers,0.9143988124690747,0.12622123333333332,30000000
Primary_Producers,0.9143988124690747,0.12621683870967743,31000000
Primary_Producers,0.9143988124690747,0.1262184375,32000000
Primary_Producers,0.9143988124690747,0.1262190606060606,33000000
Primary_Producers,0.9143988124690747,0.12621232352941175,34000000
Primary_Producers,0.9143988124690747,0.12620977142857143,35000000
Primary_Producers,0.9143988124690747,0.12621472222222221,36000000
Primary_Producers,0.9143988124690747,0.12620794594594595,37000000
Primary_Producers,0.9143988124690747,0.12622302631578947,38000000
Primary_Producers,0.9143988124690747,0.12622820512820512,39000000
Primary_Producers,0.9143988124690747,0.12624275,40000000
Primary_Producers,0.9143988124690747,0.12624224390243902,41000000
Primary_Producers,0.9143988124690747,0.12624488095238096,42000000
Primary_Producers,0.9143988124690747,0.12623806976744187,43000000
Primary_Producers,0.9143988124690747,0.12623086363636363,44000000
Primary_Producers,0.9143988124690747,0.126233,45000000
Primary_Producers,0.9143988124690747,0.12624091304347826,46000000
Primary_Producers,0.9143988124690747,0.12624970212765957,47000000
Primary_Producers,0.9143988124690747,0.126247625,48000000
Primary_Producers,0.9143988124690747,0.1262447551020408,49000000
Primary_Producers,0.9143988124690747,0.12623794,50000000
Primary_Producers,0.9143988124690747,0.126245,51000000
Primary_Producers,0.9143988124690747,0.12624192307692308,52000000
Primary_Producers,0.9143988124690747,0.12623896226415093,53000000
Primary_Producers,0.9143988124690747,0.12623809259259258,54000000
Primary_Producers,0.9143988124690747,0.12623692727272728,55000000
Primary_Producers,0.9143988124690747,0.12623583928571427,56000000
Primary_Producers,0.9143988124690747,0.12623687719298246,57000000
Primary_Producers,0.9143988124690747,0.1262366724137931,58000000
Primary_Producers,0.9143988124690747,0.1262441525423729,59000000
Primary_Producers,0.9143988124690747,0.12623495,60000000
Primary_Producers,0.9143988124690747,0.12623219672131147,61000000
Primary_Producers,0.9143988124690747,0.12622298387096775,62000000
Primary_Producers,0.9143988124690747,0.1262265396825397,63000000
Primary_Producers,0.9143988124690747,0.1262300625,64000000
Primary_Producers,0.9143988124690747,0.12623146153846154,65000000
Primary_Producers,0.9143988124690747,0.12621842424242424,66000000
Primary_Producers,0.9143988124690747,0.12622040298507461,67000000
Primary_Producers,0.9143988124690747,0.12622239705882352,68000000
Primary_Producers,0.9143988124690747,0.12621773913043477,69000000
Primary_Producers,0.9143988124690747,0.12622765714285714,70000000
Primary_Producers,0.9143988124690747,0.12622605633802816,71000000
Primary_Producers,0.9143988124690747,0.12622418055555557,72000000
Primary_Producers,0.9143988124690747,0.12622146575342466,73000000
Primary_Producers,0.9143988124690747,0.12622086486486486,74000000
Primary_Producers,0.9143988124690747,0.126215,75000000
Primary_Producers,0.9143988124690747,0.12620698684210527,76000000
Primary_Producers,0.9143988124690747,0.12620677922077922,77000000
Primary_Producers,0.9143988124690747,0.12621408974358975,78000000
Primary_Producers,0.9143988124690747,0.12621867088607594,79000000
Primary_Producers,0.9143988124690747,0.126213675,80000000
Primary_Producers,0.9143988124690747,0.1262193086419753,81000000
Primary_Producers,0.9143988124690747,0.1262225731707317,82000000
Primary_Producers,0.9143988124690747,0.12621895180722892,83000000
Primary_Producers,0.9143988124690747,0.12622182142857144,84000000
Primary_Producers,0.9143988124690747,0.12621674117647058,85000000
Primary_Producers,0.9143988124690747,0.12621277906976744,86000000
Primary_Producers,0.9143988124690747,0.12621524137931034,87000000
Primary_Producers,0.9143988124690747,0.12620929545454546,88000000
Primary_Producers,0.9143988124690747,0.1262149213483146,89000000
Primary_Producers,0.9143988124690747,0.12621784444444445,90000000
Primary_Producers,0.9143988124690747,0.12621765934065934,91000000
Primary_Producers,0.9143988124690747,0.1262209456521739,92000000
Primary_Producers,0.9143988124690747,0.1262193548387097,93000000
Primary_Producers,0.9143988124690747,0.12621751063829786,94000000
Primary_Producers,0.9143988124690747,0.12622138947368422,95000000
Primary_Producers,0.9143988124690747,0.12622066666666668,96000000
Primary_Producers,0.9143988124690747,0.12622090721649484,97000000
Primary_Producers,0.9143988124690747,0.1262193469387755,98000000
Primary_Producers,0.9143988124690747,0.1262200505050505,99000000
Primary_Producers,0.9143988124690747,0.12622142,100000000
