Consumers,0.3902027027027027,0.401183,1000000
Consumers,0.3902027027027027,0.4012985,2000000
Consumers,0.3902027027027027,0.401264,3000000
Consumers,0.3902027027027027,0.40116975,4000000
Consumers,0.3902027027027027,0.4011112,5000000
Consumers,0.3902027027027027,0.401173,6000000
Consumers,0.3902027027027027,0.40124242857142856,7000000
Consumers,0.3902027027027027,0.401124125,8000000
Consumers,0.3902027027027027,0.401163,9000000
Consumers,0.3902027027027027,0.4012282,10000000
Consumers,0.3902027027027027,0.4012398181818182,11000000
Consumers,0.3902027027027027,0.4012379166666667,12000000
Consumers,0.3902027027027027,0.4012973846153846,13000000
Consumers,0.3902027027027027,0.4013357857142857,14000000
Consumers,0.3902027027027027,0.4013012,15000000
Consumers,0.3902027027027027,0.401311,16000000
Consumers,0.3902027027027027,0.40129711764705883,17000000
Consumers,0.3902027027027027,0.40132805555555556,18000000
Consumers,0.3902027027027027,0.4013346842105263,19000000
Consumers,0.3902027027027027,0.4013874,20000000
Consumers,0.3902027027027027,0.40136809523809525,21000000
Consumers,0.3902027027027027,0.4013113181818182,22000000
Consumers,0.3902027027027027,0.4012935652173913,23000000
Consumers,0.3902027027027027,0.4012720833333333,24000000
Consumers,0.3902027027027027,0.40125896,25000000
Consumers,0.3902027027027027,0.4012389230769231,26000000
Consumers,0.3902027027027027,0.4012429259259259,27000000
Consumers,0.3902027027027027,0.4012383214285714,28000000
Consumers,0.3902027027027027,0.40124768965517243,29000000
Consumers,0.3902027027027027,0.4012701,30000000
Consumers,0.3902027027027027,0.40124335483870965,31000000
Consumers,0.3902027027027027,0.401257,32000000
Consumers,0.3902027027027027,0.4012682424242424,33000000
Consumers,0.3902027027027027,0.40124979411764705,34000000
Consumers,0.3902027027027027,0.40125074285714285,35000000
Consumers,0.3902027027027027,0.4012654722222222,36000000
Consumers,0.3902027027027027,0.4012497027027027,37000000
Consumers,0.3902027027027027,0.40122436842105264,38000000
Consumers,0.3902027027027027,0.4012006923076923,39000000
Consumers,0.3902027027027027,0.401221525,40000000
Consumers,0.3902027027027027,0.4012288048780488,41000000
Consumers,0.3902027027027027,0.4012227857142857,42000000
Consumers,0.3902027027027027,0.40121223255813954,43000000
Consumers,0.3902027027027027,0.40119520454545454,44000000
Consumers,0.3902027027027027,0.4011807111111111,45000000
Consumers,0.3902027027027027,0.40118428260869565,46000000
Consumers,0.3902027027027027,0.40118829787234045,47000000
Consumers,0.3902027027027027,0.4011829375,48000000
Consumers,0.3902027027027027,0.4012043265306122,49000000
Consumers,0.3902027027027027,0.40120408,50000000
Consumers,0.3902027027027027,0.40120613725490195,51000000
Consumers,0.3902027027027027,0.4012123846153846,52000000
Consumers,0.3902027027027027,0.4012105283018868,53000000
Consumers,0.3902027027027027,0.4012177037037037,54000000
Consumers,0.3902027027027027,0.40120354545454545,55000000
Consumers,0.3902027027027027,0.40120823214285717,56000000
Consumers,0.3902027027027027,0.40121173684210526,57000000
Consumers,0.3902027027027027,0.40120289655172414,58000000
Consumers,0.3902027027027027,0.40119889830508476,59000000
Consumers,0.3902027027027027,0.4011914166666667,60000000
Consumers,0.3902027027027027,0.4011980819672131,61000000
Consumers,0.3902027027027027,0.40119372580645163,62000000
Consumers,0.3902027027027027,0.4011861428571429,63000000
Consumers,0.3902027027027027,0.401189484375,64000000
Consumers,0.3902027027027027,0.40119272307692305,65000000
Consumers,0.3902027027027027,0.4011806666666667,66000000
Consumers,0.3902027027027027,0.4011801194029851,67000000
Consumers,0.3902027027027027,0.40117701470588235,68000000
Consumers,0.3902027027027027,0.40116840579710145,69000000
Consumers,0.3902027027027027,0.4011620714285714,70000000
Consumers,0.3902027027027027,0.40115661971830985,71000000
Consumers,0.3902027027027027,0.4011549861111111,72000000
Consumers,0.3902027027027027,0.40114809589041095,73000000
Consumers,0.3902027027027027,0.40115367567567567,74000000
Consumers,0.3902027027027027,0.4011577866666667,75000000
Consumers,0.3902027027027027,0.40115705263157897,76000000
Consumers,0.3902027027027027,0.4011661298701299,77000000
Consumers,0.3902027027027027,0.40115538461538464,78000000
Consumers,0.3902027027027027,0.4011574683544304,79000000
Consumers,0.3902027027027027,0.401154525,80000000
Consumers,0.3902027027027027,0.40115732098765433,81000000
Consumers,0.3902027027027027,0.4011666829268293,82000000
Consumers,0.3902027027027027,0.4011702289156627,83000000
Consumers,0.3902027027027027,0.40116836904761904,84000000
Consumers,0.3902027027027027,0.40116815294117647,85000000
Consumers,0.3902027027027027,0.4011630348837209,86000000
Consumers,0.3902027027027027,0.4011608505747126,87000000
Consumers,0.3902027027027027,0.40115918181818183,88000000
Consumers,0.3902027027027027,0.40115711235955054,89000000
Consumers,0.3902027027027027,0.4011661888888889,90000000
Consumers,0.3902027027027027,0.401171032967033,91000000
Consumers,0.3902027027027027,0.4011673804347826,92000000
Consumers,0.3902027027027027,0.40116467741935485,93000000
Consumers,0.3902027027027027,0.40115932978723406,94000000
Consumers,0.3902027027027027,0.40116974736842104,95000000
Consumers,0.3902027027027027,0.4011656979166667,96000000
Consumers,0.3902027027027027,0.4011683402061856,97000000
Consumers,0.3902027027027027,0.40116635714285714,98000000
Consumers,0.3902027027027027,0.40115756565656563,99000000
Consumers,0.3902027027027027,0.40116037,100000000
