Parasites,0.3040119179600887,0.97772,1000000
Parasites,0.3040119179600887,0.97777,2000000
Parasites,0.3040119179600887,0.9777453333333334,3000000
Parasites,0.3040119179600887,0.97780275,4000000
Parasites,0.3040119179600887,0.9777926,5000000
Parasites,0.3040119179600887,0.9777891666666667,6000000
Parasites,0.3040119179600887,0.9777648571428571,7000000
Parasites,0.3040119179600887,0.977775625,8000000
Parasites,0.3040119179600887,0.9777757777777778,9000000
Parasites,0.3040119179600887,0.9777682,10000000
Parasites,0.3040119179600887,0.9777423636363637,11000000
Parasites,0.3040119179600887,0.9777503333333334,12000000
Parasites,0.3040119179600887,0.9777367692307692,13000000
Parasites,0.3040119179600887,0.9777196428571429,14000000
Parasites,0.3040119179600887,0.9777256,15000000
Parasites,0.3040119179600887,0.9777265,16000000
Parasites,0.3040119179600887,0.9777247647058823,17000000
Parasites,0.3040119179600887,0.9777163333333333,18000000
Parasites,0.3040119179600887,0.9777154736842105,19000000
Parasites,0.3040119179600887,0.9777074,20000000
Parasites,0.3040119179600887,0.9777072857142857,21000000
Parasites,0.3040119179600887,0.9777114090909091,22000000
Parasites,0.3040119179600887,0.9777101304347826,23000000
Parasites,0.3040119179600887,0.9777084583333333,24000000
Parasites,0.3040119179600887,0.9777064,25000000
Parasites,0.3040119179600887,0.9777,26000000
Parasites,0.3040119179600887,0.9777011481481481,27000000
Parasites,0.3040119179600887,0.9776997142857143,28000000
Parasites,0.3040119179600887,0.9776973103448275,29000000
Parasites,0.3040119179600887,0.9776954333333333,30000000
Parasites,0.3040119179600887,0.9776988709677419,31000000
Parasites,0.3040119179600887,0.97770153125,32000000
Parasites,0.3040119179600887,0.9776955757575757,33000000
Parasites,0.3040119179600887,0.9776888529411765,34000000
Parasites,0.3040119179600887,0.9776924571428571,35000000
Parasites,0.3040119179600887,0.9776999444444444,36000000
Parasites,0.3040119179600887,0.9776972432432433,37000000
Parasites,0.3040119179600887,0.9776882105263158,38000000
Parasites,0.3040119179600887,0.9776861025641026,39000000
Parasites,0.3040119179600887,0.977686075,40000000
Parasites,0.3040119179600887,0.9776944146341463,41000000
Parasites,0.3040119179600887,0.9776885238095238,42000000
Parasites,0.3040119179600887,0.9776879069767442,43000000
Parasites,0.3040119179600887,0.9776879772727273,44000000
Parasites,0.3040119179600887,0.9776910888888889,45000000
Parasites,0.3040119179600887,0.9776879565217391,46000000
Parasites,0.3040119179600887,0.9776868936170213,47000000
Parasites,0.3040119179600887,0.9776835416666667,48000000
Parasites,0.3040119179600887,0.9776893265306122,49000000
Parasites,0.3040119179600887,0.9776911,50000000
Parasites,0.3040119179600887,0.9776880784313725,51000000
Parasites,0.3040119179600887,0.9776838076923077,52000000
Parasites,0.3040119179600887,0.9776798490566038,53000000
Parasites,0.3040119179600887,0.9776808333333333,54000000
Parasites,0.3040119179600887,0.9776762909090909,55000000
Parasites,0.3040119179600887,0.9776730357142858,56000000
Parasites,0.3040119179600887,0.9776719298245614,57000000
Parasites,0.3040119179600887,0.9776692586206897,58000000
Parasites,0.3040119179600887,0.9776652203389831,59000000
Parasites,0.3040119179600887,0.9776689666666667,60000000
Parasites,0.3040119179600887,0.9776679836065574,61000000
Parasites,0.3040119179600887,0.9776687419354839,62000000
Parasites,0.3040119179600887,0.9776701587301587,63000000
Parasites,0.3040119179600887,0.977668,64000000
Parasites,0.3040119179600887,0.9776678153846153,65000000
Parasites,0.3040119179600887,0.977667106060606,66000000
Parasites,0.3040119179600887,0.9776627014925373,67000000
Parasites,0.3040119179600887,0.9776618382352941,68000000
Parasites,0.3040119179600887,0.977660768115942,69000000
Parasites,0.3040119179600887,0.9776632857142857,70000000
Parasites,0.3040119179600887,0.9776626478873239,71000000
Parasites,0.3040119179600887,0.9776638888888889,72000000
Parasites,0.3040119179600887,0.9776611506849315,73000000
Parasites,0.3040119179600887,0.9776601756756756,74000000
Parasites,0.3040119179600887,0.9776598533333334,75000000
Parasites,0.3040119179600887,0.9776612763157895,76000000
Parasites,0.3040119179600887,0.9776591038961039,77000000
Parasites,0.3040119179600887,0.9776610256410256,78000000
Parasites,0.3040119179600887,0.9776604556962025,79000000
Parasites,0.3040119179600887,0.977660575,80000000
Parasites,0.3040119179600887,0.9776621728395062,81000000
Parasites,0.3040119179600887,0.9776618536585366,82000000
Parasites,0.3040119179600887,0.9776632048192772,83000000
Parasites,0.3040119179600887,0.977660988095238,84000000
Parasites,0.3040119179600887,0.977658,85000000
Parasites,0.3040119179600887,0.9776587906976745,86000000
Parasites,0.3040119179600887,0.9776601494252873,87000000
Parasites,0.3040119179600887,0.9776587272727273,88000000
Parasites,0.3040119179600887,0.9776582584269663,89000000
Parasites,0.3040119179600887,0.9776541,90000000
Parasites,0.3040119179600887,0.977654054945055,91000000
Parasites,0.3040119179600887,0.9776528804347826,92000000
Parasites,0.3040119179600887,0.977653376344086,93000000
Parasites,0.3040119179600887,0.977652170212766,94000000
Parasites,0.3040119179600887,0.9776516631578948,95000000
Parasites,0.3040119179600887,0.97765190625,96000000
Parasites,0.3040119179600887,0.9776529175257732,97000000
Parasites,0.3040119179600887,0.977651275510204,98000000
Parasites,0.3040119179600887,0.9776526565656566,99000000
Parasites,0.3040119179600887,0.97765249,100000000
