Primary_Producers,0.9117647058823529,0.169318,1000000
Primary_Producers,0.9117647058823529,0.169374,2000000
Primary_Producers,0.9117647058823529,0.16915733333333333,3000000
Primary_Producers,0.9117647058823529,0.16897175,4000000
Primary_Producers,0.9117647058823529,0.1688142,5000000
Primary_Producers,0.9117647058823529,0.16895183333333333,6000000
Primary_Producers,0.9117647058823529,0.16883428571428571,7000000
Primary_Producers,0.9117647058823529,0.16883575,8000000
Primary_Producers,0.9117647058823529,0.16881466666666667,9000000
Primary_Producers,0.9117647058823529,0.1687985,10000000
Primary_Producers,0.9117647058823529,0.16880054545454545,11000000
Primary_Producers,0.9117647058823529,0.16888025,12000000
Primary_Producers,0.9117647058823529,0.16891392307692307,13000000
Primary_Producers,0.9117647058823529,0.16892192857142857,14000000
Primary_Producers,0.9117647058823529,0.16891473333333334,15000000
Primary_Producers,0.9117647058823529,0.168929625,16000000
Primary_Producers,0.9117647058823529,0.16891588235294117,17000000
Primary_Producers,0.9117647058823529,0.16894133333333333,18000000
Primary_Producers,0.9117647058823529,0.1689554210526316,19000000
Primary_Producers,0.9117647058823529,0.16898295,20000000
Primary_Producers,0.9117647058823529,0.16898604761904762,21000000
Primary_Producers,0.9117647058823529,0.16897331818181818,22000000
Primary_Producers,0.9117647058823529,0.16895386956521738,23000000
Primary_Producers,0.9117647058823529,0.16894429166666666,24000000
Primary_Producers,0.9117647058823529,0.16896676,25000000
Primary_Producers,0.9117647058823529,0.16895623076923078,26000000
Primary_Producers,0.9117647058823529,0.16896074074074074,27000000
Primary_Producers,0.9117647058823529,0.16895825,28000000
Primary_Producers,0.9117647058823529,0.16894251724137932,29000000
Primary_Producers,0.9117647058823529,0.1689518,30000000
Primary_Producers,0.9117647058823529,0.16894625806451613,31000000
Primary_Producers,0.9117647058823529,0.1689473125,32000000
Primary_Producers,0.9117647058823529,0.1689368484848485,33000000
Primary_Producers,0.9117647058823529,0.1689274411764706,34000000
Primary_Producers,0.9117647058823529,0.16893111428571428,35000000
Primary_Producers,0.9117647058823529,0.16894338888888888,36000000
Primary_Producers,0.9117647058823529,0.16894013513513514,37000000
Primary_Producers,0.9117647058823529,0.16895352631578947,38000000
Primary_Producers,0.9117647058823529,0.1689482564102564,39000000
Primary_Producers,0.9117647058823529,0.1689781,40000000
Primary_Producers,0.9117647058823529,0.16897880487804878,41000000
Primary_Producers,0.9117647058823529,0.16898938095238095,42000000
Primary_Producers,0.9117647058823529,0.16898413953488373,43000000
Primary_Producers,0.9117647058823529,0.16897747727272727,44000000
Primary_Producers,0.9117647058823529,0.16897786666666667,45000000
Primary_Producers,0.9117647058823529,0.1689811304347826,46000000
Primary_Producers,0.9117647058823529,0.16898974468085107,47000000
Primary_Producers,0.9117647058823529,0.16899020833333334,48000000
Primary_Producers,0.9117647058823529,0.16899589795918368,49000000
Primary_Producers,0.9117647058823529,0.16901006,50000000
Primary_Producers,0.9117647058823529,0.16901335294117648,51000000
Primary_Producers,0.9117647058823529,0.16901028846153845,52000000
Primary_Producers,0.9117647058823529,0.16900941509433962,53000000
Primary_Producers,0.9117647058823529,0.16900564814814814,54000000
Primary_Producers,0.9117647058823529,0.16899512727272728,55000000
Primary_Producers,0.9117647058823529,0.16899753571428572,56000000
Primary_Producers,0.9117647058823529,0.16899842105263158,57000000
Primary_Producers,0.9117647058823529,0.16900077586206896,58000000
Primary_Producers,0.9117647058823529,0.16900786440677967,59000000
Primary_Producers,0.9117647058823529,0.16899821666666667,60000000
Primary_Producers,0.9117647058823529,0.16899288524590164,61000000
Primary_Producers,0.9117647058823529,0.16898554838709678,62000000
Primary_Producers,0.9117647058823529,0.1689902222222222,63000000
Primary_Producers,0.9117647058823529,0.168992140625,64000000
Primary_Producers,0.9117647058823529,0.16899873846153846,65000000
Primary_Producers,0.9117647058823529,0.1689860303030303,66000000
Primary_Producers,0.9117647058823529,0.16898089552238807,67000000
Primary_Producers,0.9117647058823529,0.16897964705882354,68000000
Primary_Producers,0.9117647058823529,0.16897539130434783,69000000
Primary_Producers,0.9117647058823529,0.16898692857142858,70000000
Primary_Producers,0.9117647058823529,0.16898074647887323,71000000
Primary_Producers,0.9117647058823529,0.16897765277777776,72000000
Primary_Producers,0.9117647058823529,0.16896994520547945,73000000
Primary_Producers,0.9117647058823529,0.16897298648648648,74000000
Primary_Producers,0.9117647058823529,0.16896618666666666,75000000
Primary_Producers,0.9117647058823529,0.1689631052631579,76000000
Primary_Producers,0.9117647058823529,0.1689637012987013,77000000
Primary_Producers,0.9117647058823529,0.16897616666666668,78000000
Primary_Producers,0.9117647058823529,0.1689776075949367,79000000
Primary_Producers,0.9117647058823529,0.1689707875,80000000
Primary_Producers,0.9117647058823529,0.16897181481481482,81000000
Primary_Producers,0.9117647058823529,0.1689704024390244,82000000
Primary_Producers,0.9117647058823529,0.16896638554216867,83000000
Primary_Producers,0.9117647058823529,0.16896988095238094,84000000
Primary_Producers,0.9117647058823529,0.16896697647058823,85000000
Primary_Producers,0.9117647058823529,0.1689585465116279,86000000
Primary_Producers,0.9117647058823529,0.16895745977011495,87000000
Primary_Producers,0.9117647058823529,0.16895313636363637,88000000
Primary_Producers,0.9117647058823529,0.1689618764044944,89000000
Primary_Producers,0.9117647058823529,0.16895554444444444,90000000
Primary_Producers,0.9117647058823529,0.168952010989011,91000000
Primary_Producers,0.9117647058823529,0.1689565,92000000
Primary_Producers,0.9117647058823529,0.16895482795698924,93000000
Primary_Producers,0.9117647058823529,0.1689541170212766,94000000
Primary_Producers,0.9117647058823529,0.16895313684210525,95000000
Primary_Producers,0.9117647058823529,0.16895522916666667,96000000
Primary_Producers,0.9117647058823529,0.16896218556701031,97000000
Primary_Producers,0.9117647058823529,0.16896262244897958,98000000
Primary_Producers,0.9117647058823529,0.1689630101010101,99000000
Primary_Producers,0.9117647058823529,0.16896524,100000000
