Consumers,0.4791004089050432,2.0e-6,1000000
Consumers,0.4791004089050432,2.5e-6,2000000
Consumers,0.4791004089050432,2.666666666666667e-6,3000000
Consumers,0.4791004089050432,2.25e-6,4000000
Consumers,0.4791004089050432,2.2e-6,5000000
Consumers,0.4791004089050432,1.8333333333333333e-6,6000000
Consumers,0.4791004089050432,2.4285714285714284e-6,7000000
Consumers,0.4791004089050432,2.25e-6,8000000
Consumers,0.4791004089050432,2.333333333333333e-6,9000000
Consumers,0.4791004089050432,2.5e-6,10000000
Consumers,0.4791004089050432,2.6363636363636364e-6,11000000
Consumers,0.4791004089050432,2.5e-6,12000000
Consumers,0.4791004089050432,2.5384615384615385e-6,13000000
Consumers,0.4791004089050432,2.5714285714285716e-6,14000000
Consumers,0.4791004089050432,2.4666666666666666e-6,15000000
Consumers,0.4791004089050432,2.5625e-6,16000000
Consumers,0.4791004089050432,2.411764705882353e-6,17000000
Consumers,0.4791004089050432,2.4444444444444442e-6,18000000
Consumers,0.4791004089050432,2.4210526315789472e-6,19000000
Consumers,0.4791004089050432,2.65e-6,20000000
Consumers,0.4791004089050432,2.523809523809524e-6,21000000
Consumers,0.4791004089050432,2.6363636363636364e-6,22000000
Consumers,0.4791004089050432,2.6086956521739132e-6,23000000
Consumers,0.4791004089050432,2.5416666666666668e-6,24000000
Consumers,0.4791004089050432,2.48e-6,25000000
Consumers,0.4791004089050432,2.6153846153846154e-6,26000000
Consumers,0.4791004089050432,2.5925925925925925e-6,27000000
Consumers,0.4791004089050432,2.607142857142857e-6,28000000
Consumers,0.4791004089050432,2.620689655172414e-6,29000000
Consumers,0.4791004089050432,2.5666666666666665e-6,30000000
Consumers,0.4791004089050432,2.6129032258064518e-6,31000000
Consumers,0.4791004089050432,2.625e-6,32000000
Consumers,0.4791004089050432,2.6363636363636364e-6,33000000
Consumers,0.4791004089050432,2.6176470588235294e-6,34000000
Consumers,0.4791004089050432,2.657142857142857e-6,35000000
Consumers,0.4791004089050432,2.638888888888889e-6,36000000
Consumers,0.4791004089050432,2.5675675675675675e-6,37000000
Consumers,0.4791004089050432,2.631578947368421e-6,38000000
Consumers,0.4791004089050432,2.564102564102564e-6,39000000
Consumers,0.4791004089050432,2.6e-6,40000000
Consumers,0.4791004089050432,2.5853658536585367e-6,41000000
Consumers,0.4791004089050432,2.5714285714285716e-6,42000000
Consumers,0.4791004089050432,2.6046511627906975e-6,43000000
Consumers,0.4791004089050432,2.590909090909091e-6,44000000
Consumers,0.4791004089050432,2.5555555555555557e-6,45000000
Consumers,0.4791004089050432,2.5869565217391304e-6,46000000
Consumers,0.4791004089050432,2.574468085106383e-6,47000000
Consumers,0.4791004089050432,2.6041666666666666e-6,48000000
Consumers,0.4791004089050432,2.5918367346938775e-6,49000000
Consumers,0.4791004089050432,2.58e-6,50000000
Consumers,0.4791004089050432,2.588235294117647e-6,51000000
Consumers,0.4791004089050432,2.596153846153846e-6,52000000
Consumers,0.4791004089050432,2.60377358490566e-6,53000000
Consumers,0.4791004089050432,2.6296296296296297e-6,54000000
Consumers,0.4791004089050432,2.6727272727272727e-6,55000000
Consumers,0.4791004089050432,2.642857142857143e-6,56000000
Consumers,0.4791004089050432,2.666666666666667e-6,57000000
Consumers,0.4791004089050432,2.6379310344827587e-6,58000000
Consumers,0.4791004089050432,2.6610169491525426e-6,59000000
Consumers,0.4791004089050432,2.75e-6,60000000
Consumers,0.4791004089050432,2.737704918032787e-6,61000000
Consumers,0.4791004089050432,2.6935483870967744e-6,62000000
Consumers,0.4791004089050432,2.666666666666667e-6,63000000
Consumers,0.4791004089050432,2.6875e-6,64000000
Consumers,0.4791004089050432,2.6615384615384617e-6,65000000
Consumers,0.4791004089050432,2.696969696969697e-6,66000000
Consumers,0.4791004089050432,2.6865671641791044e-6,67000000
Consumers,0.4791004089050432,2.676470588235294e-6,68000000
Consumers,0.4791004089050432,2.652173913043478e-6,69000000
Consumers,0.4791004089050432,2.642857142857143e-6,70000000
Consumers,0.4791004089050432,2.647887323943662e-6,71000000
Consumers,0.4791004089050432,2.638888888888889e-6,72000000
Consumers,0.4791004089050432,2.63013698630137e-6,73000000
Consumers,0.4791004089050432,2.608108108108108e-6,74000000
Consumers,0.4791004089050432,2.6266666666666668e-6,75000000
Consumers,0.4791004089050432,2.644736842105263e-6,76000000
Consumers,0.4791004089050432,2.6753246753246752e-6,77000000
Consumers,0.4791004089050432,2.666666666666667e-6,78000000
Consumers,0.4791004089050432,2.6835443037974685e-6,79000000
Consumers,0.4791004089050432,2.675e-6,80000000
Consumers,0.4791004089050432,2.666666666666667e-6,81000000
Consumers,0.4791004089050432,2.6829268292682926e-6,82000000
Consumers,0.4791004089050432,2.6987951807228916e-6,83000000
Consumers,0.4791004089050432,2.6904761904761906e-6,84000000
Consumers,0.4791004089050432,2.6941176470588234e-6,85000000
Consumers,0.4791004089050432,2.7093023255813953e-6,86000000
Consumers,0.4791004089050432,2.7241379310344827e-6,87000000
Consumers,0.4791004089050432,2.738636363636364e-6,88000000
Consumers,0.4791004089050432,2.752808988764045e-6,89000000
Consumers,0.4791004089050432,2.7444444444444443e-6,90000000
Consumers,0.4791004089050432,2.725274725274725e-6,91000000
Consumers,0.4791004089050432,2.7282608695652175e-6,92000000
Consumers,0.4791004089050432,2.7419354838709676e-6,93000000
Consumers,0.4791004089050432,2.7446808510638297e-6,94000000
Consumers,0.4791004089050432,2.768421052631579e-6,95000000
Consumers,0.4791004089050432,2.770833333333333e-6,96000000
Consumers,0.4791004089050432,2.752577319587629e-6,97000000
Consumers,0.4791004089050432,2.7653061224489795e-6,98000000
Consumers,0.4791004089050432,2.7676767676767678e-6,99000000
Consumers,0.4791004089050432,2.76e-6,100000000
