Consumers,0.0634765625,1.0e-6,1000000
Consumers,0.0634765625,1.5e-6,2000000
Consumers,0.0634765625,1.3333333333333334e-6,3000000
Consumers,0.0634765625,1.75e-6,4000000
Consumers,0.0634765625,2.2e-6,5000000
Consumers,0.0634765625,2.0e-6,6000000
Consumers,0.0634765625,1.857142857142857e-6,7000000
Consumers,0.0634765625,1.75e-6,8000000
Consumers,0.0634765625,1.7777777777777777e-6,9000000
Consumers,0.0634765625,1.7e-6,10000000
Consumers,0.0634765625,1.6363636363636365e-6,11000000
Consumers,0.0634765625,1.5e-6,12000000
Consumers,0.0634765625,1.6153846153846154e-6,13000000
Consumers,0.0634765625,1.6428571428571429e-6,14000000
Consumers,0.0634765625,1.7333333333333334e-6,15000000
Consumers,0.0634765625,1.625e-6,16000000
Consumers,0.0634765625,1.6470588235294118e-6,17000000
Consumers,0.0634765625,1.7222222222222222e-6,18000000
Consumers,0.0634765625,1.7368421052631579e-6,19000000
Consumers,0.0634765625,1.65e-6,20000000
Consumers,0.0634765625,1.5714285714285714e-6,21000000
Consumers,0.0634765625,1.6363636363636365e-6,22000000
Consumers,0.0634765625,1.6521739130434782e-6,23000000
Consumers,0.0634765625,1.5833333333333333e-6,24000000
Consumers,0.0634765625,1.64e-6,25000000
Consumers,0.0634765625,1.6153846153846154e-6,26000000
Consumers,0.0634765625,1.7037037037037036e-6,27000000
Consumers,0.0634765625,1.7142857142857143e-6,28000000
Consumers,0.0634765625,1.689655172413793e-6,29000000
Consumers,0.0634765625,1.7333333333333334e-6,30000000
Consumers,0.0634765625,1.7096774193548387e-6,31000000
Consumers,0.0634765625,1.78125e-6,32000000
Consumers,0.0634765625,1.7878787878787879e-6,33000000
Consumers,0.0634765625,1.8823529411764707e-6,34000000
Consumers,0.0634765625,1.857142857142857e-6,35000000
Consumers,0.0634765625,1.8333333333333333e-6,36000000
Consumers,0.0634765625,1.837837837837838e-6,37000000
Consumers,0.0634765625,1.7894736842105262e-6,38000000
Consumers,0.0634765625,1.8461538461538462e-6,39000000
Consumers,0.0634765625,1.825e-6,40000000
Consumers,0.0634765625,1.8048780487804878e-6,41000000
Consumers,0.0634765625,1.7857142857142857e-6,42000000
Consumers,0.0634765625,1.744186046511628e-6,43000000
Consumers,0.0634765625,1.7727272727272727e-6,44000000
Consumers,0.0634765625,1.8222222222222223e-6,45000000
Consumers,0.0634765625,1.7826086956521738e-6,46000000
Consumers,0.0634765625,1.7659574468085106e-6,47000000
Consumers,0.0634765625,1.75e-6,48000000
Consumers,0.0634765625,1.7142857142857143e-6,49000000
Consumers,0.0634765625,1.7e-6,50000000
Consumers,0.0634765625,1.7058823529411764e-6,51000000
Consumers,0.0634765625,1.75e-6,52000000
Consumers,0.0634765625,1.7169811320754717e-6,53000000
Consumers,0.0634765625,1.7407407407407408e-6,54000000
Consumers,0.0634765625,1.7090909090909091e-6,55000000
Consumers,0.0634765625,1.767857142857143e-6,56000000
Consumers,0.0634765625,1.7543859649122807e-6,57000000
Consumers,0.0634765625,1.7586206896551723e-6,58000000
Consumers,0.0634765625,1.7796610169491526e-6,59000000
Consumers,0.0634765625,1.7666666666666668e-6,60000000
Consumers,0.0634765625,1.819672131147541e-6,61000000
Consumers,0.0634765625,1.8548387096774194e-6,62000000
Consumers,0.0634765625,1.9047619047619047e-6,63000000
Consumers,0.0634765625,1.953125e-6,64000000
Consumers,0.0634765625,1.923076923076923e-6,65000000
Consumers,0.0634765625,1.924242424242424e-6,66000000
Consumers,0.0634765625,1.9253731343283582e-6,67000000
Consumers,0.0634765625,1.926470588235294e-6,68000000
Consumers,0.0634765625,1.9710144927536233e-6,69000000
Consumers,0.0634765625,1.942857142857143e-6,70000000
Consumers,0.0634765625,1.9577464788732395e-6,71000000
Consumers,0.0634765625,1.9583333333333334e-6,72000000
Consumers,0.0634765625,1.958904109589041e-6,73000000
Consumers,0.0634765625,1.9324324324324326e-6,74000000
Consumers,0.0634765625,1.933333333333333e-6,75000000
Consumers,0.0634765625,1.9342105263157895e-6,76000000
Consumers,0.0634765625,1.922077922077922e-6,77000000
Consumers,0.0634765625,1.9102564102564102e-6,78000000
Consumers,0.0634765625,1.8860759493670885e-6,79000000
Consumers,0.0634765625,1.875e-6,80000000
Consumers,0.0634765625,1.8765432098765432e-6,81000000
Consumers,0.0634765625,1.9024390243902438e-6,82000000
Consumers,0.0634765625,1.91566265060241e-6,83000000
Consumers,0.0634765625,1.916666666666667e-6,84000000
Consumers,0.0634765625,1.9058823529411764e-6,85000000
Consumers,0.0634765625,1.9069767441860466e-6,86000000
Consumers,0.0634765625,1.896551724137931e-6,87000000
Consumers,0.0634765625,1.9431818181818184e-6,88000000
Consumers,0.0634765625,1.955056179775281e-6,89000000
Consumers,0.0634765625,2.0e-6,90000000
Consumers,0.0634765625,1.989010989010989e-6,91000000
Consumers,0.0634765625,2.0217391304347828e-6,92000000
Consumers,0.0634765625,2.053763440860215e-6,93000000
Consumers,0.0634765625,2.0638297872340426e-6,94000000
Consumers,0.0634765625,2.0421052631578946e-6,95000000
Consumers,0.0634765625,2.03125e-6,96000000
Consumers,0.0634765625,2.020618556701031e-6,97000000
Consumers,0.0634765625,2.0e-6,98000000
Consumers,0.0634765625,2.0e-6,99000000
Consumers,0.0634765625,1.99e-6,100000000
