13 2
13 5
14 2
14 11
15 2
16 2
16 11
16 121
16 122
16 123
16 125
16 126
16 127
16 130
16 132
16 134
16 137
16 138
16 139
16 140
16 141
16 143
16 144
16 145
16 146
16 147
17 58
17 60
18 14
18 15
18 16
18 111
18 113
18 114
18 120
18 129
18 131
19 14
19 15
19 16
19 111
19 113
19 114
19 120
19 129
19 131
20 11
21 2
21 5
21 11
21 120
21 121
21 122
21 123
21 124
21 125
21 126
21 127
21 128
21 129
21 130
21 131
21 132
21 133
21 134
21 135
21 136
21 137
21 138
21 139
21 140
21 141
21 142
21 143
21 144
21 145
21 146
21 147
22 2
22 5
22 11
22 14
22 16
22 20
22 21
22 22
22 23
22 24
22 25
22 26
22 27
22 28
22 29
22 120
22 121
22 122
22 123
22 124
22 125
22 126
22 127
22 128
22 129
22 130
22 131
22 132
22 133
22 134
22 135
22 136
22 137
22 138
22 139
22 140
22 141
22 142
22 143
22 144
22 145
22 146
22 147
23 11
24 5
24 11
24 14
24 16
24 20
24 21
24 22
24 23
24 24
24 25
24 26
24 27
24 28
24 29
24 120
24 121
24 122
24 123
24 124
24 125
24 126
24 127
24 128
24 129
24 130
24 131
24 132
24 133
24 134
24 135
24 136
24 137
24 138
24 139
24 140
24 141
24 142
24 143
24 144
24 145
24 146
24 147
25 5
25 11
25 120
25 121
25 122
25 123
25 124
25 125
25 126
25 127
25 128
25 129
25 130
25 131
25 132
25 133
25 134
25 135
25 136
25 137
25 138
25 139
25 140
25 141
25 142
25 143
25 144
25 145
25 146
25 147
26 5
26 11
26 14
26 16
26 20
26 21
26 22
26 23
26 24
26 25
26 26
26 27
26 28
26 29
26 120
26 121
26 122
26 123
26 124
26 125
26 126
26 127
26 128
26 129
26 130
26 131
26 132
26 133
26 134
26 135
26 136
26 137
26 138
26 139
26 140
26 141
26 142
26 143
26 144
26 145
26 146
26 147
27 11
27 14
27 16
27 20
27 21
27 22
27 23
27 24
27 25
27 26
27 27
27 28
27 29
27 120
27 121
27 122
27 123
27 124
27 125
27 126
27 127
27 128
27 129
27 130
27 131
27 132
27 133
27 134
27 135
27 136
27 137
27 138
27 139
27 140
27 141
27 142
27 143
27 144
27 145
27 146
27 147
28 11
28 14
28 16
28 20
28 21
28 22
28 23
28 24
28 25
28 26
28 27
28 28
28 29
28 120
28 121
28 122
28 123
28 124
28 125
28 126
28 127
28 128
28 129
28 130
28 131
28 132
28 133
28 134
28 135
28 136
28 137
28 138
28 139
28 140
28 141
28 142
28 143
28 144
28 145
28 146
28 147
29 11
29 120
29 121
29 122
29 123
29 124
29 125
29 126
29 127
29 128
29 129
29 130
29 131
29 132
29 133
29 134
29 135
29 136
29 137
29 138
29 139
29 140
29 141
29 142
29 143
29 144
29 145
29 146
29 147
30 2
30 5
31 3
32 2
32 5
33 3
34 2
34 3
34 64
34 65
34 66
34 67
34 68
34 69
34 70
34 71
34 72
34 73
34 74
34 75
34 76
34 77
34 78
34 79
34 80
34 81
34 82
34 83
34 84
34 85
34 86
34 87
34 88
34 89
34 90
34 91
34 92
34 93
34 94
34 95
34 96
34 97
34 98
34 99
34 100
34 101
34 102
34 103
34 104
34 105
34 106
34 116
35 54
35 57
36 2
37 2
37 3
37 64
37 65
37 66
37 67
37 68
37 69
37 70
37 71
37 72
37 73
37 74
37 75
37 76
37 77
37 78
37 79
37 80
37 81
37 82
37 83
37 84
37 85
37 86
37 87
37 88
37 89
37 90
37 91
37 92
37 93
37 94
37 95
37 96
37 97
37 98
37 99
37 100
37 101
37 102
37 103
37 104
37 105
37 106
37 116
38 11
39 1
39 2
40 1
40 2
40 5
41 2
41 5
41 9
42 2
43 3
44 2
44 11
45 39
45 40
45 43
45 45
45 46
45 144
46 2
46 3
47 2
47 5
48 2
48 11
49 2
49 11
49 13
49 14
49 16
49 20
49 21
49 22
49 23
49 24
49 25
49 26
49 27
49 28
49 29
49 38
49 44
49 127
49 130
49 148
49 149
49 150
49 151
49 152
49 155
49 163
50 1
50 2
50 3
50 5
50 9
50 14
50 15
50 16
50 18
50 19
50 20
50 21
50 22
50 23
50 24
50 25
50 26
50 27
50 28
50 29
50 30
50 39
50 40
50 111
50 113
50 114
50 120
50 124
50 128
50 129
50 130
50 131
50 133
50 135
50 136
50 142
50 149
50 157
50 158
50 161
51 1
51 2
51 3
51 5
51 9
51 12
51 14
51 15
51 16
51 18
51 19
51 20
51 21
51 22
51 23
51 24
51 25
51 26
51 27
51 28
51 29
51 30
51 32
51 33
51 39
51 40
51 41
51 50
51 52
51 109
51 110
51 111
51 113
51 114
51 120
51 121
51 122
51 123
51 124
51 125
51 128
51 129
51 130
51 131
51 133
51 134
51 135
51 136
51 137
51 138
51 139
51 140
51 141
51 142
51 143
51 144
51 145
51 149
51 152
51 157
51 158
51 161
51 164
51 165
52 2
52 3
52 5
52 9
53 36
53 41
53 42
53 50
53 51
53 55
53 58
53 60
53 110
53 115
53 117
53 118
53 119
53 120
53 121
53 122
53 124
53 126
53 127
53 128
53 129
53 130
53 132
53 133
53 134
53 135
53 136
53 137
53 138
53 139
53 140
53 141
53 143
53 144
53 145
53 146
53 147
53 148
53 149
53 150
53 151
53 152
53 153
53 155
53 159
53 162
53 163
53 164
53 165
54 2
54 9
54 13
54 14
54 16
54 20
54 21
54 22
54 23
54 24
54 25
54 26
54 27
54 28
54 29
54 38
54 44
54 127
54 130
54 148
54 149
54 150
54 151
54 152
54 155
54 163
55 13
55 14
55 16
55 20
55 21
55 22
55 23
55 24
55 25
55 26
55 27
55 28
55 29
55 36
55 41
55 42
55 44
55 47
55 120
55 121
55 122
55 123
55 124
55 125
55 126
55 127
55 128
55 129
55 130
55 131
55 132
55 133
55 134
55 135
55 136
55 137
55 138
55 139
55 140
55 141
55 142
55 143
55 144
55 145
55 146
55 147
55 148
55 149
55 150
55 151
55 152
55 155
55 163
56 36
56 41
56 42
56 127
56 130
56 144
56 148
56 149
56 150
56 151
56 152
56 155
56 163
57 9
57 14
57 15
57 16
57 18
57 19
57 20
57 21
57 22
57 23
57 24
57 25
57 26
57 27
57 28
57 29
57 30
57 31
57 34
57 36
57 37
57 38
57 39
57 40
57 41
57 42
57 44
57 47
57 111
57 112
57 113
57 114
57 120
57 121
57 122
57 123
57 124
57 125
57 126
57 127
57 128
57 129
57 130
57 131
57 132
57 133
57 134
57 135
57 136
57 137
57 138
57 139
57 140
57 141
57 142
57 143
57 144
57 145
57 146
57 147
57 148
57 149
57 150
57 151
57 152
57 155
57 163
58 9
58 36
58 39
58 40
58 41
58 42
58 43
58 46
58 47
58 48
58 49
58 50
58 51
58 52
58 55
58 56
58 57
58 107
58 110
58 115
58 117
58 119
58 120
58 121
58 124
58 125
58 126
58 127
58 128
58 129
58 130
58 132
58 133
58 134
58 135
58 136
58 137
58 138
58 139
58 140
58 141
58 143
58 144
58 145
58 146
58 148
58 149
58 150
58 151
58 152
58 153
58 155
58 156
58 159
58 162
58 163
58 164
58 165
59 16
59 19
59 21
59 22
59 24
59 25
59 26
59 27
59 28
59 29
59 36
59 41
59 42
59 43
59 46
59 48
59 49
59 50
59 51
59 52
59 55
59 56
59 57
59 107
59 110
59 111
59 113
59 115
59 117
59 119
59 120
59 121
59 122
59 124
59 125
59 126
59 127
59 128
59 129
59 130
59 131
59 132
59 133
59 134
59 135
59 136
59 137
59 138
59 139
59 140
59 141
59 142
59 143
59 144
59 145
59 146
59 148
59 149
59 150
59 151
59 152
59 153
59 155
59 156
59 157
59 158
59 159
59 161
59 162
59 163
59 164
59 165
60 36
60 41
60 43
60 46
60 48
60 49
60 50
60 51
60 52
60 55
60 56
60 57
60 107
60 110
60 115
60 117
60 119
60 120
60 121
60 124
60 125
60 126
60 127
60 128
60 129
60 132
60 133
60 134
60 135
60 136
60 137
60 138
60 139
60 140
60 141
60 143
60 144
60 145
60 146
60 148
60 150
60 151
60 152
60 153
60 155
60 156
60 159
60 162
60 163
60 164
60 165
61 36
61 41
61 43
61 46
61 50
61 51
61 53
61 55
61 56
61 57
61 59
61 61
61 110
61 115
61 117
61 119
61 120
61 121
61 122
61 124
61 125
61 126
61 127
61 128
61 129
61 132
61 133
61 134
61 135
61 136
61 137
61 138
61 139
61 140
61 141
61 143
61 144
61 145
61 146
61 148
61 150
61 151
61 152
61 153
61 155
61 159
61 162
61 164
61 165
62 21
62 22
62 24
62 25
62 26
62 27
62 28
62 29
62 48
62 49
62 50
62 51
62 52
62 54
62 55
62 56
62 57
62 58
62 59
62 60
62 61
62 107
62 110
62 115
62 117
62 118
62 119
62 120
62 121
62 124
62 125
62 126
62 127
62 128
62 130
62 132
62 134
62 135
62 136
62 137
62 138
62 139
62 140
62 141
62 142
62 143
62 145
62 146
62 147
62 148
62 149
62 150
62 151
62 152
62 153
62 155
62 156
62 157
62 158
62 159
62 160
62 161
62 162
62 163
62 164
62 165
63 21
63 22
63 24
63 25
63 26
63 27
63 28
63 29
63 48
63 49
63 50
63 51
63 52
63 55
63 107
63 110
63 115
63 117
63 119
63 120
63 121
63 124
63 126
63 128
63 132
63 134
63 135
63 136
63 137
63 138
63 139
63 140
63 142
63 143
63 145
63 146
63 149
63 150
63 152
63 153
63 155
63 156
63 157
63 158
63 159
63 161
63 163
63 164
63 165
64 14
64 15
64 16
64 18
64 19
64 32
64 34
64 37
64 39
64 40
64 47
64 55
64 57
64 111
64 113
64 114
64 117
64 119
64 120
64 122
64 123
64 124
64 125
64 126
64 127
64 128
64 129
64 131
64 134
64 135
64 137
64 138
64 139
64 140
64 141
64 142
64 143
64 144
64 145
64 146
64 148
64 150
64 151
64 153
64 155
64 159
64 162
65 4
65 6
65 7
65 8
65 9
65 10
65 12
65 21
65 22
65 24
65 41
65 108
65 109
65 120
65 124
65 135
65 144
66 1
66 21
66 22
66 24
66 25
66 26
66 27
66 28
66 29
66 50
66 51
66 54
66 110
66 115
66 117
66 119
66 120
66 121
66 124
66 126
66 127
66 128
66 132
66 134
66 135
66 136
66 137
66 138
66 139
66 140
66 142
66 143
66 145
66 146
66 149
66 150
66 151
66 152
66 155
66 157
66 158
66 160
66 161
66 164
66 165
67 11
67 12
67 30
67 34
67 37
67 39
67 40
67 41
67 109
67 120
67 129
67 130
67 133
67 144
68 14
68 15
68 16
68 18
68 19
68 20
68 21
68 22
68 23
68 24
68 25
68 26
68 32
68 36
68 39
68 40
68 41
68 43
68 46
68 50
68 51
68 52
68 55
68 110
68 111
68 113
68 114
68 115
68 117
68 119
68 120
68 121
68 122
68 123
68 124
68 125
68 126
68 128
68 129
68 131
68 132
68 134
68 135
68 137
68 138
68 139
68 140
68 141
68 142
68 143
68 144
68 145
68 146
68 150
68 152
68 153
68 155
68 159
68 161
68 164
68 165
69 50
69 51
69 52
69 53
69 54
69 55
69 56
69 57
69 58
69 59
69 60
69 61
69 110
69 115
69 117
69 118
69 119
69 121
69 124
69 125
69 126
69 127
69 128
69 130
69 132
69 134
69 135
69 137
69 138
69 139
69 140
69 141
69 143
69 145
69 146
69 147
69 148
69 150
69 151
69 152
69 153
69 155
69 159
69 160
69 162
69 164
69 165
70 54
70 56
70 57
70 117
70 119
70 125
70 126
70 127
70 134
70 137
70 139
70 140
70 141
70 143
70 145
70 146
70 148
70 150
70 151
70 155
70 159
70 160
70 162
71 1
71 21
71 22
71 23
71 24
71 25
71 26
71 27
71 28
71 29
71 50
71 51
71 54
71 110
71 115
71 117
71 119
71 120
71 121
71 124
71 126
71 127
71 128
71 132
71 134
71 135
71 136
71 137
71 138
71 139
71 140
71 142
71 143
71 145
71 146
71 149
71 150
71 151
71 152
71 155
71 157
71 158
71 160
71 161
71 164
71 165
72 21
72 22
72 23
72 24
72 25
72 26
72 30
72 32
72 41
72 50
72 51
72 52
72 110
72 115
72 120
72 121
72 122
72 123
72 124
72 125
72 128
72 129
72 130
72 131
72 132
72 133
72 134
72 135
72 137
72 138
72 139
72 140
72 141
72 142
72 143
72 144
72 145
72 152
72 161
72 164
72 165
73 11
73 12
73 30
73 34
73 37
73 39
73 40
73 41
73 109
73 120
73 129
73 130
73 133
73 144
74 1
74 21
74 22
74 23
74 24
74 25
74 26
74 27
74 28
74 29
74 50
74 51
74 54
74 57
74 110
74 115
74 117
74 119
74 120
74 121
74 124
74 125
74 126
74 127
74 128
74 132
74 134
74 135
74 136
74 137
74 138
74 139
74 140
74 141
74 142
74 143
74 145
74 146
74 148
74 149
74 150
74 151
74 152
74 155
74 157
74 158
74 159
74 160
74 161
74 162
74 164
74 165
75 54
75 55
75 56
75 57
75 117
75 119
75 125
75 126
75 127
75 134
75 137
75 139
75 140
75 141
75 143
75 145
75 146
75 148
75 150
75 151
75 153
75 155
75 159
75 160
75 162
76 11
76 12
76 30
76 34
76 37
76 39
76 40
76 41
76 109
76 120
76 129
76 130
76 133
76 144
77 79
77 89
77 99
77 103
77 116
77 120
77 121
77 122
77 123
77 124
77 125
77 126
77 128
77 129
77 131
77 132
77 133
77 135
77 137
77 138
77 139
77 140
77 141
77 142
77 143
77 144
77 145
77 146
77 148
77 159
78 53
78 54
78 55
78 56
78 57
78 58
78 59
78 60
78 61
78 117
78 118
78 119
78 125
78 126
78 127
78 130
78 134
78 137
78 139
78 140
78 141
78 143
78 145
78 146
78 147
78 148
78 150
78 151
78 153
78 155
78 159
78 160
78 162
79 14
79 15
79 16
79 18
79 19
79 21
79 22
79 24
79 25
79 26
79 32
79 36
79 41
79 43
79 46
79 56
79 57
79 111
79 113
79 114
79 117
79 119
79 120
79 122
79 123
79 124
79 125
79 126
79 127
79 128
79 129
79 131
79 134
79 135
79 137
79 138
79 139
79 140
79 141
79 142
79 143
79 144
79 145
79 146
79 148
79 150
79 151
79 155
79 159
79 161
79 162
80 53
80 54
80 55
80 56
80 57
80 58
80 59
80 60
80 61
80 117
80 118
80 119
80 125
80 126
80 127
80 130
80 134
80 137
80 139
80 140
80 141
80 143
80 145
80 146
80 147
80 148
80 150
80 151
80 153
80 155
80 159
80 160
80 162
81 53
81 54
81 55
81 56
81 57
81 58
81 59
81 60
81 61
81 117
81 118
81 119
81 125
81 126
81 127
81 130
81 134
81 137
81 139
81 140
81 141
81 143
81 145
81 146
81 147
81 148
81 150
81 151
81 153
81 155
81 159
81 160
81 162
82 54
82 55
82 56
82 57
82 117
82 119
82 125
82 126
82 127
82 134
82 137
82 139
82 140
82 141
82 143
82 145
82 146
82 148
82 150
82 151
82 153
82 155
82 159
82 160
82 162
83 14
83 15
83 16
83 18
83 19
83 32
83 34
83 37
83 39
83 40
83 55
83 111
83 113
83 114
83 117
83 119
83 120
83 122
83 123
83 124
83 125
83 126
83 128
83 129
83 131
83 134
83 135
83 137
83 138
83 139
83 140
83 141
83 142
83 143
83 144
83 145
83 146
83 150
83 153
83 155
83 159
84 11
84 12
84 30
84 34
84 37
84 39
84 40
84 41
84 109
84 120
84 129
84 130
84 133
84 144
85 39
85 40
85 43
85 46
85 144
86 20
86 27
86 28
86 29
86 48
86 49
86 50
86 51
86 52
86 55
86 107
86 110
86 115
86 117
86 119
86 120
86 121
86 124
86 126
86 128
86 132
86 134
86 135
86 136
86 137
86 138
86 139
86 140
86 142
86 143
86 145
86 146
86 149
86 150
86 152
86 153
86 155
86 156
86 157
86 158
86 159
86 161
86 163
86 164
86 165
87 14
87 15
87 16
87 18
87 19
87 21
87 22
87 24
87 25
87 26
87 27
87 28
87 29
87 30
87 31
87 32
87 33
87 36
87 39
87 40
87 41
87 50
87 55
87 57
87 110
87 111
87 112
87 113
87 114
87 117
87 119
87 120
87 121
87 122
87 123
87 124
87 125
87 126
87 127
87 128
87 129
87 130
87 131
87 133
87 134
87 135
87 136
87 137
87 138
87 139
87 140
87 141
87 142
87 143
87 144
87 145
87 146
87 148
87 149
87 150
87 151
87 152
87 153
87 155
87 157
87 158
87 159
87 161
87 162
87 164
87 165
88 39
88 40
88 50
88 51
88 52
88 53
88 54
88 55
88 56
88 57
88 58
88 59
88 60
88 61
88 110
88 115
88 117
88 118
88 119
88 121
88 124
88 125
88 126
88 127
88 128
88 130
88 132
88 134
88 135
88 137
88 138
88 139
88 140
88 141
88 143
88 145
88 146
88 147
88 148
88 150
88 151
88 152
88 153
88 155
88 159
88 160
88 162
88 164
88 165
89 14
89 15
89 16
89 18
89 19
89 21
89 22
89 24
89 32
89 39
89 40
89 41
89 42
89 43
89 46
89 56
89 57
89 111
89 113
89 114
89 117
89 119
89 120
89 122
89 123
89 124
89 125
89 126
89 127
89 128
89 129
89 130
89 131
89 134
89 135
89 137
89 138
89 139
89 140
89 141
89 142
89 143
89 144
89 145
89 146
89 148
89 149
89 150
89 151
89 152
89 155
89 159
89 162
89 163
90 14
90 15
90 16
90 18
90 19
90 21
90 22
90 24
90 25
90 26
90 33
90 36
90 41
90 43
90 46
90 50
90 51
90 52
90 55
90 110
90 111
90 113
90 114
90 115
90 117
90 119
90 120
90 121
90 124
90 126
90 128
90 129
90 131
90 132
90 134
90 135
90 137
90 138
90 139
90 140
90 142
90 143
90 144
90 145
90 146
90 150
90 152
90 153
90 155
90 159
90 161
90 164
90 165
91 4
91 6
91 7
91 8
91 9
91 10
91 12
91 30
91 32
91 34
91 37
91 39
91 40
91 41
91 108
91 109
91 120
91 122
91 123
91 124
91 125
91 128
91 129
91 130
91 131
91 133
91 134
91 135
91 137
91 138
91 139
91 140
91 141
91 142
91 143
91 144
91 145
92 1
92 21
92 22
92 23
92 24
92 25
92 26
92 27
92 28
92 29
92 50
92 51
92 54
92 110
92 115
92 117
92 119
92 120
92 121
92 124
92 126
92 127
92 128
92 132
92 134
92 135
92 136
92 137
92 138
92 139
92 140
92 142
92 143
92 145
92 146
92 149
92 150
92 151
92 152
92 155
92 157
92 158
92 160
92 161
92 164
92 165
93 41
93 50
93 51
93 52
93 53
93 54
93 55
93 56
93 57
93 58
93 59
93 60
93 61
93 110
93 115
93 117
93 118
93 119
93 121
93 124
93 125
93 126
93 127
93 128
93 130
93 132
93 134
93 135
93 137
93 138
93 139
93 140
93 141
93 143
93 144
93 145
93 146
93 147
93 148
93 150
93 151
93 152
93 153
93 155
93 159
93 160
93 162
93 164
93 165
94 1
94 21
94 22
94 23
94 24
94 25
94 26
94 27
94 28
94 29
94 50
94 51
94 54
94 110
94 115
94 117
94 119
94 120
94 121
94 124
94 126
94 127
94 128
94 132
94 134
94 135
94 136
94 137
94 138
94 139
94 140
94 142
94 143
94 145
94 146
94 149
94 150
94 151
94 152
94 155
94 157
94 158
94 160
94 161
94 164
94 165
95 53
95 54
95 55
95 56
95 57
95 58
95 59
95 60
95 61
95 117
95 118
95 119
95 125
95 126
95 127
95 130
95 134
95 137
95 139
95 140
95 141
95 143
95 145
95 146
95 147
95 148
95 150
95 151
95 153
95 155
95 159
95 160
95 162
96 4
96 6
96 7
96 9
96 10
96 12
96 13
96 14
96 15
96 16
96 19
96 21
96 22
96 30
96 32
96 34
96 36
96 37
96 39
96 40
96 41
96 42
96 109
96 111
96 113
96 114
96 120
96 122
96 123
96 124
96 125
96 127
96 128
96 129
96 130
96 131
96 133
96 134
96 135
96 137
96 138
96 139
96 140
96 141
96 142
96 143
96 144
96 145
96 148
96 149
96 150
96 151
96 152
96 155
96 163
97 14
97 15
97 16
97 18
97 19
97 21
97 22
97 24
97 36
97 39
97 40
97 111
97 113
97 114
97 120
97 124
97 129
97 131
97 135
97 142
97 144
97 161
98 39
98 40
98 50
98 51
98 52
98 53
98 54
98 55
98 56
98 57
98 58
98 59
98 60
98 61
98 110
98 115
98 117
98 118
98 119
98 121
98 124
98 125
98 126
98 127
98 128
98 130
98 132
98 134
98 135
98 137
98 138
98 139
98 140
98 141
98 143
98 145
98 146
98 147
98 148
98 150
98 151
98 152
98 153
98 155
98 159
98 160
98 162
98 164
98 165
99 14
99 15
99 16
99 18
99 19
99 20
99 21
99 22
99 24
99 30
99 32
99 36
99 39
99 40
99 50
99 110
99 111
99 113
99 114
99 120
99 121
99 122
99 123
99 124
99 125
99 128
99 129
99 130
99 131
99 133
99 134
99 135
99 137
99 138
99 139
99 140
99 141
99 142
99 143
99 144
99 145
99 152
99 161
99 164
99 165
100 21
100 22
100 23
100 24
100 25
100 26
100 27
100 28
100 29
100 32
100 41
100 48
100 49
100 50
100 51
100 52
100 107
100 110
100 115
100 120
100 121
100 122
100 123
100 124
100 125
100 128
100 129
100 131
100 132
100 134
100 135
100 136
100 137
100 138
100 139
100 140
100 141
100 142
100 143
100 144
100 145
100 149
100 152
100 156
100 157
100 158
100 161
100 163
100 164
100 165
101 1
102 53
102 54
102 55
102 56
102 57
102 58
102 59
102 60
102 61
102 117
102 118
102 119
102 125
102 126
102 127
102 130
102 134
102 137
102 139
102 140
102 141
102 143
102 145
102 146
102 147
102 148
102 150
102 151
102 153
102 155
102 159
102 160
102 162
103 5
103 14
103 15
103 16
103 18
103 19
103 20
103 21
103 22
103 24
103 30
103 32
103 36
103 39
103 40
103 50
103 110
103 111
103 113
103 114
103 120
103 121
103 122
103 123
103 124
103 125
103 128
103 129
103 130
103 131
103 133
103 134
103 135
103 137
103 138
103 139
103 140
103 141
103 142
103 143
103 144
103 145
103 152
103 161
103 164
103 165
104 33
104 50
104 51
104 52
104 110
104 115
104 121
104 124
104 128
104 132
104 135
104 138
104 142
104 152
104 164
104 165
105 14
105 15
105 16
105 18
105 19
105 20
105 21
105 22
105 23
105 24
105 25
105 26
105 27
105 28
105 29
105 32
105 34
105 36
105 37
105 39
105 40
105 41
105 43
105 46
105 48
105 49
105 50
105 51
105 52
105 55
105 107
105 110
105 111
105 113
105 114
105 115
105 117
105 119
105 120
105 121
105 122
105 123
105 124
105 125
105 126
105 128
105 129
105 131
105 132
105 134
105 135
105 136
105 137
105 138
105 139
105 140
105 141
105 142
105 143
105 144
105 145
105 146
105 149
105 150
105 152
105 153
105 155
105 156
105 157
105 158
105 159
105 161
105 163
105 164
105 165
106 1
106 50
106 51
106 52
106 54
106 65
106 85
106 91
106 110
106 115
106 116
106 117
106 119
106 120
106 121
106 124
106 126
106 127
106 128
106 129
106 132
106 133
106 134
106 135
106 137
106 138
106 139
106 140
106 142
106 143
106 144
106 145
106 146
106 150
106 151
106 152
106 155
106 160
106 164
106 165
107 2
108 4
108 12
109 4
109 6
109 7
109 10
109 12
110 164
111 16
112 31
113 16
114 14
115 51
116 37
116 64
116 65
116 66
116 67
116 68
116 69
116 70
116 71
116 72
116 73
116 74
116 75
116 76
116 77
116 78
116 79
116 80
116 81
116 82
116 83
116 84
116 85
116 86
116 87
116 88
116 89
116 90
116 91
116 92
116 93
116 94
116 95
116 96
116 97
116 98
116 99
116 100
116 101
116 102
116 103
116 104
116 105
117 53
117 54
117 56
117 57
117 58
117 59
117 60
117 61
118 58
119 53
119 54
119 55
119 56
119 57
119 58
119 59
119 60
119 61
120 14
120 16
120 20
120 21
120 25
120 27
120 28
120 29
120 32
120 64
120 65
120 68
120 71
120 72
120 74
120 79
120 83
120 86
120 87
120 89
120 90
120 92
120 94
120 97
120 100
120 103
120 105
120 123
120 124
120 125
120 131
120 134
120 137
120 138
120 139
120 140
120 141
120 143
120 145
121 31
121 50
121 51
121 52
121 68
121 69
121 71
121 72
121 74
121 86
121 87
121 90
121 92
121 93
121 94
121 98
121 100
121 103
121 104
121 105
121 106
122 32
122 64
122 68
122 74
122 79
122 87
122 92
122 94
122 103
122 105
122 120
122 123
122 124
122 125
122 128
122 129
122 131
122 134
122 135
122 137
122 138
122 139
122 140
122 141
122 143
122 145
123 32
123 64
123 68
123 79
123 83
123 89
123 100
123 103
123 105
123 131
123 134
123 138
123 140
123 141
123 143
124 21
124 27
124 28
124 29
124 32
124 48
124 50
124 51
124 52
124 65
124 68
124 69
124 71
124 72
124 74
124 79
124 86
124 87
124 89
124 90
124 92
124 93
124 94
124 97
124 98
124 100
124 103
124 104
124 105
124 120
124 123
124 125
124 131
124 134
124 137
124 138
124 139
124 140
124 141
124 143
124 145
125 32
125 57
125 64
125 69
125 70
125 74
125 78
125 79
125 80
125 81
125 82
125 87
125 89
125 93
125 98
125 123
125 131
125 134
125 137
125 138
125 139
125 140
125 141
125 143
125 145
126 54
126 55
126 57
126 58
126 59
126 60
126 64
126 66
126 68
126 69
126 70
126 71
126 74
126 75
126 78
126 79
126 80
126 81
126 82
126 83
126 86
126 87
126 88
126 89
126 90
126 92
126 93
126 94
126 95
126 98
126 102
126 105
127 38
127 42
127 54
127 57
127 61
128 29
128 32
128 33
128 48
128 49
128 50
128 51
128 52
128 68
128 69
128 71
128 72
128 74
128 86
128 87
128 90
128 92
128 93
128 94
128 98
128 100
128 103
128 104
128 105
128 120
128 123
128 124
128 125
128 129
128 131
128 134
128 137
128 138
128 139
128 140
128 141
128 143
128 145
129 16
129 30
129 32
129 64
129 68
129 72
129 79
129 83
129 84
129 87
129 89
129 90
129 91
129 97
129 103
129 105
129 120
129 123
129 124
129 125
129 131
129 134
129 135
129 137
129 138
129 139
129 140
129 141
129 143
129 145
130 30
130 38
130 42
130 58
131 14
131 16
131 32
131 64
131 68
131 79
131 83
131 87
131 89
131 90
131 97
131 103
131 105
131 123
131 134
131 138
131 140
131 141
131 143
132 51
132 66
132 68
132 69
132 71
132 72
132 74
132 86
132 88
132 90
132 92
132 93
132 94
132 98
132 100
132 104
132 105
133 30
133 67
133 72
133 73
133 76
133 84
133 87
133 91
133 96
133 99
133 103
134 32
134 54
134 55
134 56
134 57
134 58
134 59
134 60
134 64
134 68
134 69
134 70
134 71
134 74
134 78
134 80
134 81
134 82
134 83
134 86
134 87
134 90
134 92
134 93
134 94
134 98
134 105
134 106
134 123
134 125
134 131
134 137
134 138
134 139
134 140
134 141
134 143
134 145
135 21
135 27
135 28
135 29
135 32
135 48
135 50
135 51
135 52
135 64
135 65
135 68
135 69
135 71
135 72
135 74
135 79
135 83
135 86
135 87
135 89
135 90
135 92
135 93
135 94
135 97
135 98
135 100
135 103
135 104
135 105
135 120
135 123
135 124
135 125
135 128
135 129
135 131
135 134
135 137
135 138
135 139
135 140
135 141
135 143
135 145
136 27
136 28
136 29
136 66
136 71
136 74
136 86
136 87
136 92
136 94
136 100
136 105
137 32
137 54
137 55
137 56
137 57
137 58
137 59
137 61
137 64
137 68
137 69
137 70
137 71
137 74
137 78
137 79
137 80
137 81
137 82
137 83
137 86
137 87
137 89
137 90
137 92
137 93
137 94
137 98
137 105
137 123
137 125
137 131
137 134
137 138
137 139
137 140
137 141
137 143
137 145
138 32
138 50
138 51
138 52
138 68
138 69
138 71
138 72
138 74
138 86
138 87
138 90
138 92
138 93
138 94
138 98
138 100
138 103
138 104
138 105
138 106
138 123
138 134
138 140
138 141
139 32
139 53
139 54
139 55
139 56
139 57
139 58
139 59
139 60
139 61
139 64
139 68
139 69
139 70
139 71
139 74
139 78
139 79
139 80
139 81
139 82
139 83
139 86
139 87
139 89
139 90
139 92
139 93
139 94
139 98
139 105
139 123
139 125
139 131
139 134
139 137
139 138
139 140
139 141
139 143
139 145
140 32
140 54
140 55
140 56
140 57
140 58
140 64
140 69
140 70
140 78
140 79
140 80
140 81
140 82
140 87
140 89
140 93
140 131
140 134
140 138
140 141
140 143
141 32
141 57
141 58
141 64
141 69
141 70
141 78
141 79
141 80
141 81
141 82
141 87
141 89
141 93
141 131
141 134
141 138
141 140
141 143
142 27
142 28
142 29
142 32
142 33
142 64
142 66
142 68
142 71
142 72
142 74
142 79
142 83
142 86
142 87
142 89
142 90
142 91
142 92
142 94
142 96
142 97
142 99
142 100
142 103
142 104
142 105
143 32
143 53
143 54
143 55
143 56
143 57
143 58
143 59
143 60
143 61
143 64
143 68
143 69
143 70
143 71
143 74
143 78
143 79
143 80
143 81
143 82
143 83
143 86
143 87
143 89
143 90
143 92
143 93
143 94
143 98
143 105
143 123
143 131
143 134
143 138
143 140
143 141
144 32
144 36
144 41
144 46
144 65
144 68
144 72
144 79
144 84
144 87
144 89
144 90
144 91
144 93
144 100
144 105
145 32
145 53
145 54
145 55
145 56
145 57
145 58
145 59
145 61
145 64
145 65
145 68
145 69
145 70
145 71
145 74
145 78
145 79
145 80
145 81
145 82
145 83
145 86
145 87
145 89
145 90
145 92
145 93
145 94
145 98
145 105
145 106
145 123
145 125
145 131
145 134
145 137
145 138
145 139
145 140
145 141
145 143
146 54
146 55
146 56
146 57
146 58
146 59
146 60
146 64
146 66
146 68
146 69
146 70
146 71
146 74
146 75
146 78
146 79
146 80
146 81
146 82
146 83
146 86
146 87
146 88
146 89
146 90
146 92
146 93
146 94
146 95
146 98
146 102
146 105
147 60
147 69
147 78
147 80
147 81
147 88
147 93
147 95
147 98
147 102
148 38
148 42
148 57
148 61
148 64
148 69
148 70
148 75
148 78
148 79
148 80
148 81
148 82
148 87
148 88
148 89
148 93
148 95
148 98
148 102
149 27
149 28
149 29
149 38
149 42
149 62
150 38
150 42
150 54
150 55
150 56
150 57
150 58
150 61
150 62
151 38
151 42
151 54
151 57
151 60
151 62
152 38
152 42
152 50
152 51
152 62
153 55
154 106
155 38
155 42
155 53
155 54
155 55
155 57
155 58
155 59
155 60
156 48
157 27
157 28
157 29
158 27
158 28
158 29
159 55
159 57
159 58
159 64
159 68
159 69
159 70
159 75
159 78
159 79
159 80
159 81
159 82
159 83
159 86
159 87
159 88
159 89
159 90
159 93
159 95
159 98
159 102
159 105
160 54
160 66
160 69
160 70
160 71
160 74
160 75
160 78
160 80
160 81
160 82
160 88
160 92
160 93
160 94
160 95
160 98
160 102
161 26
161 27
161 28
161 29
162 57
162 58
163 38
163 42
163 49
164 50
165 50
