7 3
7 7
8 1
8 2
8 3
8 4
8 7
8 8
8 9
9 1
10 8
11 7
11 127
11 131
11 132
11 133
11 134
11 135
11 136
11 137
11 138
11 139
11 142
11 144
11 145
11 147
11 148
11 152
11 153
12 7
12 127
12 131
12 132
12 133
12 134
12 135
12 136
12 137
12 138
12 139
12 142
12 144
12 145
12 147
12 148
12 152
12 153
13 7
13 127
13 131
13 132
13 133
13 134
13 135
13 136
13 137
13 138
13 139
13 142
13 144
13 145
13 147
13 148
13 152
13 153
14 1
14 7
14 9
15 1
15 3
15 4
15 9
16 1
16 3
16 4
16 9
17 24
17 27
17 33
17 34
17 36
17 144
17 148
18 59
18 66
18 127
18 131
18 132
18 133
18 153
19 70
19 71
19 131
19 132
19 133
19 153
19 161
20 1
20 9
21 1
21 9
22 1
22 4
22 9
23 1
23 4
23 9
24 1
24 3
24 4
24 5
24 9
24 140
24 141
25 7
25 63
25 64
25 66
25 69
25 127
25 131
25 132
25 133
25 153
26 8
26 59
26 66
26 67
26 127
26 131
26 132
26 133
26 153
27 1
27 9
28 1
28 3
28 4
28 9
29 2
29 4
29 5
29 6
29 8
29 25
29 26
29 48
29 127
29 129
29 130
29 131
29 132
29 133
29 135
29 136
29 137
29 138
29 140
29 141
29 142
29 143
29 144
30 1
30 4
30 9
31 1
31 3
31 4
31 9
32 8
32 27
32 30
32 35
32 36
32 41
32 42
32 43
32 70
32 127
32 131
32 132
32 133
33 1
33 2
33 3
33 4
33 5
33 6
33 7
33 8
33 9
33 23
33 33
33 40
33 48
33 50
33 53
33 127
33 129
33 130
33 131
33 132
33 133
33 134
33 135
33 136
33 137
33 138
33 140
33 141
33 142
33 143
33 144
33 145
33 146
33 147
33 148
33 149
33 150
33 151
33 152
33 154
33 155
33 158
34 1
34 2
34 4
34 5
34 8
34 9
34 20
34 21
34 23
34 32
34 33
34 38
34 71
34 127
34 131
34 132
34 133
34 140
34 141
34 148
34 161
35 2
36 2
36 8
36 41
37 1
37 3
37 4
37 9
38 1
38 4
38 9
39 1
39 4
39 9
40 1
40 3
40 4
40 9
41 1
41 4
41 9
42 1
42 4
42 9
43 1
43 4
43 9
44 1
44 4
44 9
45 1
45 4
45 5
45 9
45 140
45 141
46 11
46 12
46 13
46 14
47 1
47 3
47 4
47 9
47 127
47 131
47 132
47 133
47 134
47 135
47 136
47 137
47 138
47 139
47 142
47 144
47 145
47 147
47 148
47 152
47 153
48 1
48 4
48 9
49 1
49 2
49 4
49 5
49 9
49 140
49 141
50 1
50 3
50 4
50 9
50 127
50 131
50 132
50 133
50 137
50 138
50 139
50 144
50 153
51 1
51 3
51 4
51 9
51 127
51 131
51 132
51 133
51 134
51 135
51 136
51 137
51 138
51 139
51 142
51 144
51 147
51 148
51 152
51 153
52 1
52 3
52 4
52 9
52 127
52 131
52 132
52 133
52 137
52 138
52 139
52 142
52 144
52 147
52 148
52 152
52 153
53 1
53 3
53 4
53 9
53 127
53 131
53 132
53 133
53 137
53 138
53 139
53 144
53 148
53 152
53 153
54 1
54 3
54 4
54 9
54 127
54 131
54 132
54 133
54 137
54 138
54 139
54 144
54 147
54 148
54 152
54 153
55 1
55 3
55 4
55 7
55 9
55 127
55 131
55 132
55 133
55 137
55 138
55 139
55 144
55 148
55 152
55 153
56 1
56 3
56 4
56 7
56 9
56 127
56 131
56 132
56 133
56 134
56 135
56 136
56 137
56 138
56 139
56 142
56 144
56 145
56 147
56 148
56 152
56 153
57 1
57 3
57 4
57 7
57 9
57 127
57 131
57 132
57 133
57 134
57 135
57 136
57 137
57 138
57 139
57 142
57 144
57 145
57 147
57 148
57 152
57 153
58 1
58 2
58 4
58 8
58 20
58 21
58 22
58 23
58 24
58 25
58 26
58 27
58 28
58 29
58 30
58 31
58 32
58 33
58 34
58 36
58 37
58 38
58 39
58 40
58 41
58 42
58 43
58 44
58 48
58 49
58 50
58 52
58 53
58 54
58 55
58 56
58 57
58 58
58 60
58 61
58 67
58 68
58 127
58 128
58 129
58 130
58 131
58 132
58 133
58 134
58 135
58 136
58 137
58 138
58 139
58 140
58 141
58 142
58 143
58 144
58 145
58 146
58 147
58 148
58 149
58 150
58 151
58 152
58 153
58 154
58 155
58 156
58 157
58 158
58 159
58 160
59 5
59 140
59 141
60 1
60 2
60 4
60 5
60 7
60 8
60 9
60 20
60 21
60 22
60 23
60 24
60 25
60 26
60 27
60 28
60 29
60 30
60 31
60 32
60 33
60 34
60 35
60 36
60 37
60 38
60 39
60 40
60 41
60 42
60 43
60 44
60 48
60 49
60 50
60 52
60 53
60 54
60 55
60 58
60 59
60 60
60 63
60 66
60 67
60 70
60 71
60 72
60 80
60 87
60 89
60 127
60 128
60 129
60 130
60 131
60 132
60 133
60 134
60 135
60 136
60 137
60 138
60 139
60 140
60 141
60 142
60 143
60 144
60 145
60 146
60 147
60 148
60 149
60 150
60 151
60 152
60 153
60 154
60 155
60 156
60 157
60 158
60 159
60 160
60 161
61 1
61 3
61 4
61 7
61 9
61 127
61 131
61 132
61 133
61 134
61 135
61 136
61 137
61 138
61 139
61 142
61 144
61 145
61 147
61 148
61 152
61 153
62 1
62 4
62 9
63 1
63 4
63 9
64 1
64 4
64 9
65 1
65 2
65 3
65 4
65 7
65 8
65 9
65 20
65 21
65 22
65 23
65 24
65 25
65 26
65 27
65 28
65 29
65 30
65 31
65 32
65 33
65 34
65 35
65 36
65 37
65 38
65 39
65 40
65 41
65 42
65 43
65 44
65 48
65 50
65 53
65 55
65 127
65 129
65 130
65 131
65 132
65 133
65 134
65 135
65 136
65 137
65 138
65 140
65 142
65 143
65 144
65 145
65 146
65 147
65 148
65 149
65 150
65 151
65 152
65 154
65 155
65 156
65 157
65 158
66 4
66 5
66 140
66 141
67 1
67 4
67 5
67 9
67 140
67 141
68 1
68 3
68 4
68 7
68 9
68 127
68 131
68 132
68 133
68 134
68 135
68 136
68 137
68 138
68 139
68 142
68 144
68 145
68 147
68 148
68 152
68 153
69 1
69 4
69 9
70 1
70 4
70 9
71 1
71 4
71 9
72 1
72 3
72 4
72 7
72 9
73 1
73 2
73 14
73 16
73 50
73 53
73 55
73 56
73 61
73 68
73 127
73 131
73 132
73 133
73 134
73 135
73 136
73 142
73 145
73 146
73 147
73 148
73 149
73 150
73 151
73 152
73 154
73 155
73 156
73 157
73 158
74 1
74 3
74 4
74 7
74 9
74 127
74 131
74 132
74 133
74 134
74 135
74 136
74 137
74 138
74 139
74 142
74 144
74 145
74 147
74 148
74 152
74 153
75 1
75 3
75 4
75 7
75 9
75 127
75 131
75 132
75 133
75 134
75 135
75 136
75 137
75 138
75 139
75 142
75 144
75 145
75 147
75 148
75 152
75 153
76 7
76 80
76 137
76 138
76 139
77 23
77 33
77 34
77 58
77 60
77 80
77 88
77 89
77 127
77 131
77 132
77 133
77 137
77 138
77 139
77 144
77 148
77 152
77 153
77 159
77 160
78 7
79 76
79 80
79 137
79 138
79 139
80 7
80 153
81 7
82 58
82 60
82 76
82 80
82 127
82 137
82 138
82 139
82 153
82 159
82 160
83 7
83 32
83 33
83 34
83 60
83 80
83 88
83 89
83 137
83 138
83 139
83 144
83 148
83 152
84 4
84 5
84 6
84 8
84 48
84 71
84 127
84 129
84 130
84 131
84 132
84 133
84 135
84 136
84 137
84 138
84 140
84 141
84 142
84 143
84 144
84 161
85 58
85 60
85 86
85 127
85 131
85 132
85 133
85 137
85 138
85 139
85 153
85 159
85 160
86 8
86 20
86 21
86 23
86 33
86 34
86 40
86 48
86 53
86 55
86 58
86 60
86 70
86 71
86 127
86 129
86 130
86 131
86 132
86 133
86 134
86 135
86 136
86 137
86 138
86 140
86 142
86 143
86 144
86 145
86 147
86 148
86 149
86 150
86 153
86 156
86 157
86 159
86 160
86 161
87 8
87 20
87 21
87 23
87 33
87 34
87 38
87 40
87 41
87 50
87 53
87 54
87 55
87 59
87 60
87 63
87 66
87 69
87 70
87 71
87 76
87 127
87 131
87 132
87 133
87 134
87 135
87 136
87 137
87 138
87 139
87 142
87 144
87 145
87 146
87 147
87 148
87 149
87 150
87 151
87 152
87 153
87 154
87 155
87 156
87 157
87 158
87 161
88 8
88 27
88 28
88 33
88 40
88 43
88 44
88 50
88 53
88 54
88 58
88 59
88 60
88 63
88 66
88 69
88 70
88 71
88 127
88 131
88 132
88 133
88 134
88 135
88 136
88 142
88 145
88 146
88 147
88 148
88 149
88 150
88 151
88 152
88 153
88 154
88 155
88 158
88 159
88 160
88 161
89 7
89 8
89 20
89 21
89 40
89 43
89 44
89 50
89 53
89 54
89 58
89 59
89 60
89 63
89 66
89 69
89 70
89 71
89 127
89 131
89 132
89 133
89 134
89 135
89 136
89 142
89 145
89 146
89 147
89 148
89 149
89 150
89 151
89 152
89 153
89 154
89 155
89 158
89 159
89 160
89 161
90 7
90 8
90 23
90 33
90 34
90 48
90 50
90 53
90 55
90 58
90 59
90 60
90 63
90 66
90 69
90 70
90 71
90 127
90 129
90 130
90 131
90 132
90 133
90 134
90 135
90 136
90 137
90 138
90 140
90 142
90 143
90 144
90 145
90 146
90 147
90 148
90 149
90 150
90 151
90 152
90 153
90 154
90 155
90 156
90 157
90 158
90 159
90 160
90 161
91 58
91 59
91 60
91 62
91 66
91 67
91 72
91 80
91 88
91 89
91 127
91 131
91 132
91 133
91 137
91 138
91 139
91 152
91 153
91 159
91 160
92 24
92 26
92 27
92 31
92 32
92 35
92 36
92 40
92 44
92 58
92 59
92 60
92 66
92 67
92 127
92 131
92 132
92 133
92 148
92 153
92 159
92 160
93 58
93 59
93 60
93 62
93 66
93 67
93 72
93 127
93 131
93 132
93 133
93 153
93 159
93 160
94 7
94 8
94 66
94 127
94 131
94 132
94 133
94 153
95 7
95 72
95 153
96 7
97 23
97 25
97 26
97 33
97 34
97 41
97 49
97 50
97 52
97 53
97 54
97 55
97 58
97 60
97 127
97 129
97 131
97 134
97 135
97 136
97 139
97 141
97 142
97 144
97 145
97 146
97 147
97 148
97 149
97 150
97 151
97 152
97 153
97 154
97 155
97 156
97 157
97 158
97 159
97 160
98 20
98 21
98 22
98 23
98 24
98 25
98 26
98 27
98 28
98 29
98 30
98 31
98 32
98 33
98 34
98 35
98 36
98 37
98 38
98 39
98 40
98 41
98 42
98 43
98 44
98 48
98 50
98 59
98 60
98 63
98 66
98 70
98 71
98 88
98 89
98 127
98 129
98 130
98 131
98 132
98 133
98 134
98 135
98 136
98 137
98 138
98 139
98 140
98 142
98 143
98 144
98 145
98 146
98 147
98 148
98 151
98 152
98 153
98 154
98 155
98 158
98 161
99 20
99 21
99 23
99 24
99 25
99 26
99 27
99 28
99 32
99 33
99 34
99 35
99 36
99 40
99 43
99 44
99 48
99 49
99 50
99 53
99 54
99 58
99 60
99 70
99 71
99 77
99 86
99 88
99 89
99 127
99 128
99 129
99 130
99 131
99 132
99 133
99 134
99 135
99 136
99 137
99 138
99 139
99 140
99 141
99 142
99 143
99 144
99 145
99 146
99 147
99 148
99 149
99 150
99 151
99 152
99 153
99 159
99 160
99 161
100 20
100 21
100 23
100 24
100 25
100 26
100 27
100 28
100 32
100 33
100 34
100 35
100 36
100 40
100 43
100 44
100 48
100 50
100 53
100 58
100 60
100 63
100 69
100 70
100 71
100 88
100 89
100 127
100 129
100 130
100 131
100 132
100 133
100 134
100 135
100 136
100 137
100 138
100 139
100 140
100 142
100 143
100 144
100 145
100 146
100 147
100 148
100 149
100 150
100 151
100 152
100 153
100 154
100 155
100 158
100 159
100 160
100 161
101 20
101 21
101 23
101 24
101 25
101 26
101 27
101 28
101 32
101 33
101 34
101 35
101 36
101 40
101 43
101 44
101 50
101 53
101 54
101 58
101 60
101 70
101 71
101 88
101 89
101 127
101 131
101 132
101 133
101 134
101 135
101 136
101 137
101 138
101 139
101 142
101 144
101 145
101 146
101 147
101 148
101 149
101 150
101 151
101 152
101 153
101 154
101 155
101 158
101 159
101 160
101 161
102 23
102 24
102 25
102 26
102 27
102 28
102 32
102 33
102 34
102 35
102 36
102 43
102 44
102 50
102 52
102 53
102 58
102 60
102 76
102 127
102 131
102 133
102 134
102 135
102 136
102 137
102 138
102 139
102 142
102 144
102 145
102 146
102 147
102 148
102 149
102 150
102 151
102 152
102 154
102 155
102 158
102 159
102 160
103 23
103 33
103 35
103 36
103 49
103 50
103 58
103 60
103 127
103 128
103 131
103 134
103 135
103 136
103 139
103 141
103 142
103 145
103 146
103 147
103 148
103 151
103 152
103 153
103 154
103 155
103 158
103 159
103 160
104 23
104 27
104 28
104 32
104 33
104 34
104 35
104 36
104 43
104 44
104 49
104 50
104 53
104 54
104 55
104 58
104 59
104 60
104 66
104 69
104 86
104 87
104 88
104 89
104 127
104 128
104 131
104 133
104 134
104 135
104 136
104 137
104 138
104 139
104 141
104 142
104 144
104 145
104 146
104 147
104 148
104 149
104 150
104 151
104 152
104 153
104 154
104 155
104 156
104 157
104 158
104 159
104 160
105 23
105 24
105 27
105 33
105 35
105 36
105 40
105 43
105 48
105 49
105 55
105 58
105 59
105 63
105 66
105 69
105 70
105 71
105 127
105 128
105 129
105 130
105 131
105 132
105 133
105 134
105 135
105 136
105 137
105 138
105 139
105 140
105 141
105 142
105 143
105 144
105 145
105 147
105 148
105 153
105 156
105 157
105 159
105 160
105 161
106 23
106 24
106 27
106 28
106 32
106 33
106 34
106 35
106 36
106 40
106 43
106 44
106 48
106 49
106 50
106 53
106 54
106 55
106 58
106 60
106 70
106 71
106 127
106 128
106 129
106 130
106 131
106 132
106 133
106 134
106 135
106 136
106 137
106 138
106 139
106 140
106 141
106 142
106 143
106 144
106 145
106 146
106 147
106 148
106 149
106 150
106 151
106 152
106 153
106 154
106 155
106 156
106 157
106 158
106 159
106 160
106 161
107 20
107 21
107 23
107 27
107 33
107 34
107 35
107 43
107 48
107 49
107 58
107 59
107 63
107 66
107 69
107 70
107 127
107 128
107 129
107 130
107 131
107 132
107 133
107 134
107 135
107 136
107 137
107 138
107 139
107 140
107 141
107 142
107 143
107 144
107 145
107 148
107 153
107 159
107 160
108 20
108 21
108 23
108 24
108 27
108 28
108 32
108 33
108 34
108 36
108 37
108 40
108 43
108 48
108 49
108 50
108 53
108 54
108 55
108 58
108 59
108 60
108 63
108 66
108 69
108 70
108 71
108 88
108 127
108 128
108 129
108 130
108 131
108 132
108 133
108 134
108 135
108 136
108 137
108 138
108 139
108 140
108 141
108 142
108 143
108 144
108 145
108 146
108 147
108 148
108 149
108 150
108 151
108 152
108 153
108 154
108 155
108 156
108 157
108 158
108 159
108 160
108 161
109 33
109 34
109 40
109 48
109 49
109 50
109 53
109 54
109 55
109 60
109 66
109 71
109 127
109 128
109 129
109 130
109 131
109 132
109 133
109 134
109 135
109 136
109 137
109 138
109 139
109 140
109 141
109 142
109 143
109 144
109 145
109 146
109 147
109 148
109 149
109 150
109 151
109 152
109 153
109 154
109 155
109 156
109 157
109 158
109 161
110 2
110 23
110 27
110 28
110 33
110 34
110 35
110 43
110 48
110 49
110 50
110 52
110 53
110 54
110 55
110 58
110 60
110 70
110 71
110 73
110 80
110 82
110 86
110 87
110 88
110 89
110 127
110 128
110 129
110 130
110 131
110 132
110 133
110 134
110 135
110 136
110 137
110 138
110 139
110 140
110 141
110 142
110 143
110 144
110 145
110 146
110 147
110 148
110 149
110 150
110 151
110 152
110 153
110 154
110 155
110 156
110 157
110 158
110 159
110 160
110 161
111 2
111 32
111 33
111 49
111 50
111 52
111 53
111 54
111 55
111 58
111 60
111 73
111 76
111 80
111 81
111 83
111 86
111 87
111 88
111 89
111 98
111 101
111 108
111 127
111 128
111 131
111 134
111 135
111 136
111 137
111 138
111 139
111 141
111 142
111 145
111 146
111 147
111 148
111 149
111 150
111 151
111 152
111 153
111 154
111 155
111 156
111 157
111 158
111 159
111 160
112 2
112 23
112 32
112 33
112 35
112 43
112 49
112 50
112 52
112 53
112 55
112 58
112 59
112 60
112 66
112 71
112 73
112 80
112 81
112 86
112 87
112 88
112 89
112 127
112 128
112 131
112 132
112 133
112 134
112 135
112 136
112 137
112 138
112 139
112 141
112 142
112 145
112 146
112 147
112 148
112 149
112 150
112 151
112 152
112 153
112 154
112 155
112 156
112 157
112 158
112 159
112 160
112 161
113 33
113 34
113 35
113 60
113 76
113 78
113 80
113 81
113 82
113 83
113 98
113 137
113 138
113 139
113 144
113 148
114 33
114 34
114 48
114 58
114 59
114 60
114 63
114 66
114 72
114 76
114 80
114 127
114 129
114 130
114 131
114 132
114 133
114 135
114 136
114 137
114 138
114 139
114 140
114 142
114 143
114 144
114 148
114 153
114 159
114 160
115 33
115 34
115 58
115 59
115 60
115 63
115 66
115 72
115 76
115 80
115 127
115 131
115 133
115 137
115 138
115 139
115 144
115 148
115 153
115 159
115 160
116 5
116 6
116 140
116 141
117 4
117 5
117 6
117 23
117 32
117 33
117 34
117 35
117 36
117 40
117 43
117 44
117 48
117 49
117 50
117 53
117 58
117 59
117 60
117 63
117 66
117 69
117 70
117 71
117 86
117 87
117 88
117 89
117 127
117 128
117 129
117 130
117 131
117 132
117 133
117 134
117 135
117 136
117 137
117 138
117 139
117 140
117 141
117 142
117 143
117 144
117 145
117 146
117 147
117 148
117 149
117 150
117 151
117 152
117 153
117 154
117 155
117 158
117 159
117 160
117 161
118 5
118 6
118 140
118 141
119 5
119 6
119 48
119 127
119 129
119 130
119 131
119 132
119 133
119 135
119 136
119 137
119 138
119 140
119 141
119 142
119 143
119 144
120 4
120 5
120 6
120 8
120 48
120 127
120 129
120 130
120 131
120 132
120 133
120 135
120 136
120 137
120 138
120 140
120 141
120 142
120 143
120 144
121 5
121 6
121 27
121 32
121 33
121 34
121 43
121 48
121 49
121 50
121 53
121 55
121 58
121 59
121 60
121 63
121 66
121 70
121 71
121 127
121 128
121 129
121 130
121 131
121 132
121 133
121 134
121 135
121 136
121 137
121 138
121 139
121 140
121 141
121 142
121 143
121 144
121 145
121 146
121 148
121 149
121 150
121 151
121 152
121 153
121 154
121 155
121 156
121 157
121 158
121 159
121 160
121 161
122 28
122 49
122 50
122 52
122 53
122 54
122 55
122 56
122 58
122 61
122 68
122 73
122 127
122 128
122 131
122 134
122 135
122 136
122 139
122 141
122 142
122 145
122 146
122 147
122 148
122 149
122 150
122 151
122 152
122 153
122 154
122 155
122 156
122 157
122 158
122 159
122 160
123 77
123 80
123 82
123 83
123 85
123 86
123 87
123 90
123 137
123 138
123 139
123 144
123 153
124 97
124 98
124 99
124 100
124 101
124 102
124 103
124 104
124 105
124 106
124 107
124 108
124 109
124 110
124 112
124 117
124 118
124 119
124 120
124 121
124 127
124 128
124 129
124 130
124 131
124 132
124 133
124 134
124 135
124 136
124 140
124 141
124 142
124 143
124 145
124 146
124 147
124 148
124 149
124 150
125 2
125 47
125 52
125 58
125 127
125 131
125 134
125 135
125 136
125 159
125 160
126 58
126 60
126 76
126 77
126 78
126 79
126 80
126 81
126 82
126 83
126 84
126 85
126 86
126 87
126 88
126 89
126 90
126 137
126 138
126 139
126 144
126 152
126 153
126 159
126 160
127 48
127 58
127 59
127 63
127 66
127 67
127 69
127 70
127 71
127 97
127 98
127 99
127 100
127 101
127 102
127 103
127 104
127 105
127 106
127 107
127 108
127 109
127 110
127 111
127 112
127 117
127 121
127 122
127 125
128 49
128 97
128 99
128 103
128 104
128 105
128 106
128 107
128 108
128 109
128 110
128 111
128 112
128 117
128 121
128 122
129 48
129 98
129 99
129 100
129 105
129 106
129 107
129 108
129 109
129 110
129 114
129 117
129 119
129 120
129 121
130 48
130 98
130 99
130 100
130 105
130 106
130 107
130 108
130 109
130 110
130 114
130 117
130 119
130 120
130 121
131 48
131 58
131 59
131 63
131 66
131 67
131 69
131 70
131 71
131 97
131 98
131 99
131 100
131 101
131 102
131 103
131 104
131 105
131 106
131 107
131 108
131 109
131 110
131 111
131 112
131 117
131 121
131 125
132 48
132 70
132 71
132 98
132 99
132 100
132 101
132 105
132 106
132 107
132 108
132 109
132 110
132 112
132 117
132 121
133 48
133 59
133 63
133 66
133 67
133 69
133 70
133 71
133 98
133 99
133 100
133 101
133 102
133 104
133 105
133 106
133 107
133 108
133 109
133 110
133 112
133 117
133 121
134 49
134 50
134 52
134 53
134 54
134 55
134 97
134 98
134 99
134 100
134 101
134 102
134 103
134 104
134 105
134 106
134 108
134 109
134 110
134 111
134 112
134 117
134 121
134 122
134 125
134 128
134 139
134 141
134 145
134 153
135 48
135 50
135 52
135 53
135 54
135 55
135 97
135 98
135 99
135 100
135 101
135 102
135 103
135 104
135 105
135 106
135 108
135 109
135 110
135 111
135 112
135 117
135 121
135 122
135 125
135 127
135 129
135 130
135 131
135 132
135 133
135 136
135 137
135 138
135 140
136 48
136 50
136 52
136 53
136 54
136 55
136 97
136 98
136 99
136 100
136 101
136 102
136 103
136 104
136 105
136 106
136 108
136 109
136 110
136 111
136 112
136 117
136 121
136 122
136 125
136 127
136 129
136 130
136 131
136 132
136 133
136 136
136 137
136 138
136 140
137 48
137 76
137 77
137 78
137 79
137 80
137 81
137 82
137 83
137 84
137 85
137 86
137 87
137 88
137 89
137 90
137 91
137 92
137 93
137 94
137 95
137 96
137 98
137 99
137 100
137 101
137 102
137 104
137 108
137 110
137 111
137 112
137 113
137 114
137 115
137 117
137 121
137 123
137 126
137 127
137 129
137 130
137 131
137 132
137 133
137 140
138 48
138 76
138 77
138 78
138 79
138 80
138 81
138 82
138 83
138 84
138 85
138 86
138 87
138 88
138 89
138 90
138 91
138 92
138 93
138 94
138 95
138 96
138 98
138 99
138 100
138 101
138 102
138 104
138 108
138 110
138 111
138 112
138 113
138 114
138 115
138 117
138 121
138 123
138 126
138 127
138 129
138 130
138 131
138 132
138 133
138 140
139 49
139 76
139 77
139 78
139 79
139 80
139 81
139 82
139 83
139 84
139 85
139 86
139 87
139 88
139 89
139 90
139 91
139 92
139 93
139 94
139 95
139 96
139 98
139 99
139 100
139 101
139 102
139 104
139 108
139 110
139 111
139 112
139 113
139 114
139 115
139 117
139 121
139 123
139 126
139 128
139 141
139 145
139 153
140 5
140 6
140 48
140 116
140 117
140 118
140 119
140 120
140 121
140 127
140 129
140 130
140 131
140 132
140 133
141 5
141 6
141 49
141 116
141 117
141 118
141 119
141 120
141 121
141 128
141 145
141 153
142 48
142 50
142 53
142 54
142 55
142 97
142 98
142 99
142 100
142 101
142 102
142 103
142 104
142 105
142 106
142 108
142 109
142 110
142 111
142 112
142 117
142 121
142 122
142 127
142 129
142 130
142 131
142 132
142 133
143 48
143 98
143 99
143 100
143 105
143 106
143 107
143 108
143 109
143 110
143 114
143 117
143 119
143 120
143 121
143 127
143 129
143 130
143 131
143 132
143 133
144 34
144 48
144 77
144 127
144 129
144 130
144 131
144 132
144 133
145 49
145 50
145 51
145 52
145 53
145 54
145 55
145 97
145 98
145 99
145 100
145 101
145 102
145 103
145 104
145 105
145 106
145 108
145 109
145 110
145 111
145 112
145 117
145 121
145 122
145 125
146 50
146 97
146 98
146 99
146 100
146 101
146 102
146 103
146 104
146 106
146 108
146 109
146 110
146 111
146 112
146 117
146 121
146 122
147 50
147 53
147 55
147 97
147 98
147 99
147 100
147 101
147 102
147 103
147 104
147 105
147 106
147 108
147 109
147 110
147 111
147 112
147 117
147 121
147 122
148 23
148 32
148 33
148 50
148 97
148 98
148 99
148 100
148 101
148 102
148 103
148 104
148 105
148 106
148 107
148 108
148 109
148 110
148 111
148 112
148 113
148 114
148 115
148 117
148 121
148 122
149 53
149 97
149 99
149 100
149 101
149 102
149 104
149 106
149 108
149 109
149 110
149 111
149 112
149 117
149 121
149 122
150 53
150 97
150 99
150 100
150 101
150 102
150 104
150 106
150 108
150 109
150 110
150 111
150 112
150 117
150 121
150 122
151 50
152 50
152 88
152 89
153 49
153 59
153 63
153 66
153 67
153 69
153 72
153 77
153 80
153 82
153 85
153 86
153 87
153 88
153 89
153 90
153 91
153 92
153 93
153 94
153 95
154 50
154 51
154 54
155 50
156 55
157 55
158 50
159 58
160 58
160 122
161 71
