4 1
4 4
4 6
4 124
4 126
4 127
4 128
4 129
4 130
4 131
4 132
4 133
4 140
5 1
5 2
5 3
5 4
5 5
5 6
5 12
5 13
5 16
5 19
5 20
5 21
5 23
5 28
5 30
5 31
5 32
5 33
5 34
5 35
5 36
5 37
5 61
5 71
5 73
5 76
5 77
5 82
5 83
5 84
5 85
5 86
5 87
5 88
5 124
5 125
5 126
5 127
5 128
5 129
5 130
5 131
5 132
5 133
5 140
5 141
7 4
7 5
7 30
7 31
7 33
7 34
7 35
7 36
7 37
7 38
7 44
7 45
7 46
7 47
7 82
7 83
7 84
7 85
7 86
7 87
7 88
7 89
7 90
7 100
7 124
7 125
7 126
7 127
7 128
7 129
7 130
7 131
7 132
7 133
7 140
7 141
8 1
8 2
8 4
8 5
8 6
8 124
8 125
8 126
8 127
8 128
8 129
8 130
8 131
8 132
8 133
8 140
8 141
9 5
9 30
9 31
9 32
9 33
9 34
9 35
9 36
9 37
9 82
9 83
9 84
9 85
9 86
9 87
9 88
9 125
10 5
10 30
10 31
10 32
10 33
10 34
10 35
10 36
10 37
10 82
10 83
10 84
10 85
10 86
10 87
10 88
10 125
11 2
11 5
11 6
11 125
12 2
12 6
13 2
13 6
14 6
15 2
15 5
15 6
15 125
16 2
16 6
17 2
17 5
17 6
17 125
18 2
18 5
18 6
18 125
19 5
19 12
19 13
19 16
19 20
19 21
19 30
19 31
19 32
19 33
19 34
19 35
19 36
19 37
19 61
19 73
19 76
19 77
19 78
19 82
19 86
19 125
20 2
20 6
21 2
21 6
22 1
22 2
22 5
22 6
22 19
22 20
22 21
22 23
22 30
22 31
22 33
22 34
22 35
22 36
22 37
22 49
22 50
22 53
22 54
22 71
22 73
22 82
22 83
22 84
22 85
22 86
22 87
22 88
22 125
23 2
23 6
24 2
24 6
25 2
25 6
26 2
26 6
27 2
27 6
28 2
28 6
29 2
29 6
30 1
30 2
31 1
31 2
32 2
32 3
32 5
32 6
32 125
33 5
33 12
33 13
33 16
33 20
33 21
33 73
33 76
33 82
33 83
33 86
33 125
34 5
34 12
34 13
34 16
34 20
34 21
34 73
34 76
34 82
34 83
34 86
34 125
35 5
35 12
35 13
35 16
35 20
35 21
35 73
35 76
35 82
35 83
35 86
35 125
36 2
36 3
36 5
36 6
37 2
37 3
37 6
38 2
38 3
38 5
38 6
38 12
38 13
38 16
38 19
38 20
38 21
38 28
38 61
38 69
38 70
38 71
38 73
38 77
38 125
39 2
39 6
40 22
40 33
40 34
40 35
40 36
40 37
40 38
40 83
40 84
40 85
40 86
40 87
40 88
40 89
40 90
40 100
41 2
41 3
41 5
41 6
41 33
41 34
41 35
41 36
41 37
41 38
41 41
41 42
41 43
41 45
41 48
41 52
41 83
41 84
41 85
41 86
41 87
41 88
41 89
41 90
41 91
41 92
41 93
41 94
41 95
41 96
41 125
42 3
42 15
42 16
42 17
42 18
42 22
42 24
42 25
42 26
42 28
42 29
42 41
42 42
42 43
42 44
42 45
42 46
42 48
42 49
42 50
42 51
42 52
42 53
42 54
42 62
42 63
42 64
42 65
42 66
42 67
42 68
42 74
42 75
42 77
42 78
42 79
42 80
42 81
42 91
42 92
42 93
42 94
42 95
42 96
43 3
43 15
43 16
43 17
43 18
43 22
43 24
43 25
43 26
43 28
43 29
43 41
43 42
43 43
43 44
43 45
43 46
43 48
43 49
43 50
43 51
43 52
43 53
43 54
43 62
43 63
43 64
43 65
43 66
43 67
43 68
43 74
43 75
43 77
43 78
43 79
43 80
43 81
43 91
43 92
43 93
43 94
43 95
43 96
44 2
44 3
45 2
45 3
45 6
46 2
46 3
46 6
47 51
47 52
48 41
48 42
48 43
48 45
48 52
49 2
49 6
50 2
50 6
51 1
51 2
51 6
52 1
52 2
53 2
53 6
54 2
54 6
55 1
55 2
56 1
56 2
56 4
56 5
56 6
56 124
56 125
56 126
56 127
56 128
56 129
56 130
56 131
56 132
56 133
56 140
57 12
57 13
57 14
57 15
57 22
57 61
57 62
57 63
57 66
57 67
57 72
57 74
57 75
58 12
58 13
58 14
58 15
58 22
58 61
58 62
58 63
58 66
58 67
58 72
58 74
58 75
59 12
59 13
59 14
59 15
59 22
59 61
59 62
59 63
59 66
59 67
59 72
59 74
59 75
60 5
60 30
60 31
60 32
60 33
60 34
60 35
60 36
60 37
60 82
60 83
60 84
60 85
60 86
60 87
60 88
60 125
61 2
61 6
61 125
62 2
62 5
62 6
62 125
63 2
63 5
63 6
63 125
64 2
64 5
64 6
64 125
65 2
65 5
65 6
65 125
66 2
66 5
66 6
66 125
67 1
67 2
67 5
67 6
67 19
67 20
67 21
67 23
67 30
67 31
67 33
67 34
67 35
67 36
67 37
67 49
67 50
67 53
67 54
67 71
67 73
67 82
67 83
67 84
67 85
67 86
67 87
67 88
67 125
68 2
68 5
68 6
68 125
69 1
69 2
69 5
69 6
69 19
69 20
69 21
69 23
69 30
69 31
69 33
69 34
69 35
69 36
69 37
69 49
69 50
69 53
69 54
69 71
69 73
69 82
69 83
69 84
69 85
69 86
69 87
69 88
69 125
70 1
70 2
70 5
70 6
70 19
70 20
70 21
70 23
70 30
70 31
70 33
70 34
70 35
70 36
70 37
70 49
70 50
70 53
70 54
70 71
70 73
70 82
70 83
70 84
70 85
70 86
70 87
70 88
70 125
71 5
71 12
71 13
71 16
71 20
71 21
71 30
71 31
71 32
71 33
71 34
71 35
71 36
71 37
71 61
71 73
71 76
71 77
71 78
71 82
71 86
71 125
72 1
72 2
72 5
72 6
72 19
72 20
72 21
72 23
72 30
72 31
72 33
72 34
72 35
72 36
72 37
72 49
72 50
72 53
72 54
72 71
72 73
72 82
72 83
72 84
72 85
72 86
72 87
72 88
73 2
73 6
73 125
74 1
74 2
74 5
74 6
74 19
74 20
74 21
74 23
74 30
74 31
74 33
74 34
74 35
74 36
74 37
74 49
74 50
74 53
74 54
74 71
74 73
74 82
74 83
74 84
74 85
74 86
74 87
74 88
74 125
75 1
75 2
75 5
75 6
75 19
75 20
75 21
75 23
75 30
75 31
75 33
75 34
75 35
75 36
75 37
75 49
75 50
75 53
75 54
75 71
75 73
75 82
75 83
75 84
75 85
75 86
75 87
75 88
76 2
76 6
77 2
77 6
78 2
78 6
79 1
79 2
79 3
79 6
80 1
80 2
80 3
80 6
81 2
81 6
82 1
82 2
83 1
83 2
84 2
84 6
85 2
85 6
86 2
86 6
87 2
87 3
88 5
89 2
89 3
89 5
89 6
89 12
89 13
89 16
89 19
89 20
89 21
89 28
89 61
89 69
89 70
89 71
89 73
89 77
89 125
90 2
90 3
90 5
90 6
90 12
90 13
90 16
90 19
90 20
90 21
90 28
90 61
90 69
90 70
90 71
90 73
90 77
90 125
91 3
91 15
91 16
91 17
91 18
91 22
91 24
91 25
91 26
91 28
91 29
91 41
91 42
91 43
91 44
91 45
91 46
91 48
91 49
91 50
91 51
91 52
91 53
91 54
91 62
91 63
91 64
91 65
91 66
91 67
91 68
91 74
91 75
91 77
91 78
91 79
91 80
91 81
91 91
91 92
91 93
91 94
91 95
91 96
92 2
92 3
93 2
94 41
94 42
94 43
94 45
94 52
95 41
95 42
95 43
95 45
95 52
96 41
96 42
96 43
96 45
96 52
97 2
97 3
97 5
97 6
97 125
98 1
99 2
99 6
100 5
100 11
100 14
100 15
100 16
100 17
100 18
100 22
100 24
100 25
100 26
100 27
100 28
100 29
100 30
100 31
100 32
100 33
100 34
100 35
100 36
100 37
100 38
100 49
100 50
100 51
100 52
100 62
100 63
100 65
100 66
100 67
100 68
100 74
100 75
100 77
100 79
100 80
100 81
100 86
100 87
100 88
100 89
100 90
100 125
101 4
102 11
102 14
102 15
102 17
102 18
102 22
102 24
102 25
102 26
102 27
102 29
102 32
102 33
102 34
102 35
102 36
102 37
102 38
102 40
102 41
102 42
102 43
102 51
102 52
102 62
102 65
102 66
102 67
102 68
102 74
102 75
102 79
102 80
102 81
102 86
102 87
102 88
102 89
102 90
102 91
103 101
103 102
104 101
104 102
105 39
105 40
105 41
105 42
105 43
105 52
105 91
106 41
106 42
106 43
106 52
106 91
106 100
106 101
106 102
107 11
107 15
107 17
107 18
107 22
107 40
107 41
107 42
107 43
107 45
107 48
107 51
107 52
107 62
107 64
107 65
107 66
107 67
107 68
107 74
107 75
107 79
107 80
107 81
107 91
107 94
107 95
107 96
108 11
108 15
108 17
108 18
108 22
108 33
108 34
108 35
108 37
108 38
108 41
108 42
108 43
108 45
108 48
108 51
108 52
108 62
108 64
108 65
108 66
108 67
108 68
108 74
108 75
108 79
108 80
108 81
108 89
108 90
108 94
108 95
108 96
109 11
109 14
109 22
109 33
109 34
109 35
109 36
109 37
109 38
109 75
109 86
109 89
109 90
110 11
110 22
110 41
110 42
110 43
110 45
110 46
110 48
110 51
110 52
110 75
110 91
110 94
110 95
110 96
110 98
110 99
110 100
110 101
111 11
111 22
111 33
111 34
111 35
111 36
111 37
111 38
111 41
111 42
111 43
111 51
111 52
111 75
111 84
111 85
111 86
111 87
111 88
111 89
111 90
111 91
111 93
111 98
111 100
111 101
112 11
112 22
112 40
112 41
112 42
112 43
112 75
112 91
112 100
112 101
113 101
114 12
114 13
114 15
114 16
114 17
114 18
114 19
114 20
114 21
114 22
114 23
114 24
114 25
114 26
114 28
114 29
114 30
114 31
114 32
114 33
114 34
114 35
114 36
114 37
114 38
114 45
114 46
114 47
114 49
114 50
114 51
114 52
114 53
114 54
114 61
114 62
114 63
114 64
114 69
114 71
114 73
114 76
114 77
114 78
114 82
114 83
114 84
114 85
114 86
114 88
114 89
114 90
114 93
115 101
115 102
116 12
116 13
116 14
116 22
116 23
116 33
116 34
116 35
116 36
116 37
116 38
116 45
116 46
116 47
116 51
116 53
116 54
116 61
116 62
116 63
116 72
116 74
116 75
116 78
116 79
116 80
116 81
116 83
116 84
116 85
116 86
116 87
116 88
116 89
116 90
116 93
117 3
117 37
117 38
117 46
117 47
117 86
117 87
117 89
117 90
117 93
118 3
118 50
118 51
118 52
118 53
118 54
119 32
119 33
119 34
119 35
119 36
119 37
119 38
119 45
119 46
119 84
119 85
119 86
119 87
119 88
119 89
119 90
120 3
121 11
121 15
121 17
121 18
121 22
121 62
121 64
121 65
121 66
121 67
121 68
121 74
121 75
121 79
121 80
121 81
122 41
122 42
122 43
122 91
122 100
122 101
122 102
123 41
123 42
123 43
123 91
123 100
123 101
123 102
124 33
124 34
124 35
124 36
124 37
124 38
124 41
124 42
124 43
124 46
124 86
124 87
124 91
124 107
124 108
124 109
124 110
124 111
124 112
124 114
124 116
124 117
124 119
125 41
125 42
125 43
125 46
125 91
125 107
125 108
125 110
125 111
125 112
125 122
125 123
126 33
126 34
126 35
126 36
126 37
126 38
126 46
126 86
126 87
126 108
126 109
126 111
126 114
126 116
126 117
126 119
127 46
127 100
127 101
127 102
127 110
127 111
127 112
127 113
127 115
127 122
127 123
127 124
127 125
127 126
127 128
128 46
128 52
128 98
128 107
128 108
128 110
128 111
128 114
128 118
129 3
129 45
129 46
129 48
129 94
129 95
129 110
129 114
129 116
129 117
129 118
129 119
129 120
129 124
129 125
129 126
129 127
129 128
129 131
130 48
130 52
130 107
130 108
130 110
130 111
130 114
130 118
130 141
131 46
131 52
131 107
131 108
131 110
131 111
131 114
131 118
131 124
131 125
131 126
131 127
131 128
132 51
132 52
132 107
132 108
132 110
132 111
132 114
132 118
133 12
133 13
133 45
133 61
133 100
133 101
133 102
134 41
134 42
134 43
134 91
134 102
134 103
134 104
134 105
134 106
135 41
135 42
135 43
135 91
135 107
135 108
135 110
135 111
135 112
135 122
135 123
136 41
136 42
136 43
136 91
136 107
136 108
136 110
136 111
136 112
136 122
136 123
137 41
137 42
137 43
137 91
137 107
137 108
137 110
137 111
137 112
137 122
137 123
138 52
139 99
140 52
141 48
141 100
141 101
141 102
141 110
141 111
141 112
141 113
141 115
141 122
141 123
142 52
142 98
142 128
142 130
142 131
