7 3
7 7
8 1
8 2
8 3
8 4
8 7
8 8
8 9
9 1
10 8
10 11
10 14
11 1
11 4
11 9
12 1
12 2
12 3
12 4
12 5
12 6
12 7
12 8
12 9
13 1
13 3
13 4
13 7
13 9
14 1
14 2
14 4
14 9
15 1
15 3
15 4
15 7
15 9
15 86
15 87
15 88
15 89
15 91
15 92
15 93
15 94
15 95
16 1
16 3
16 4
16 7
16 9
16 86
16 87
16 88
16 89
16 91
16 92
16 93
16 94
16 95
17 1
17 3
17 4
17 7
17 9
17 86
17 87
17 88
17 89
17 91
17 92
17 93
17 94
17 95
18 1
18 3
18 4
18 7
18 9
18 86
18 87
18 88
18 89
18 91
18 92
18 93
18 94
18 95
19 1
19 4
19 9
20 1
20 4
20 9
21 1
21 4
21 9
22 1
22 4
22 9
23 1
23 2
23 4
23 5
23 9
24 1
24 2
24 4
24 5
24 9
25 1
25 4
25 5
25 9
26 1
26 4
26 5
26 9
27 1
27 3
27 4
27 6
27 9
27 83
27 84
27 85
27 86
27 87
27 88
27 89
27 91
27 92
27 93
27 94
27 95
28 1
28 3
28 4
28 7
28 9
29 3
30 3
31 3
32 3
33 3
34 3
35 3
36 3
37 1
37 3
37 4
37 9
38 1
38 3
38 4
38 9
39 1
39 2
39 4
39 5
39 7
39 8
39 9
39 10
39 11
39 12
39 13
39 14
39 15
39 16
39 17
39 18
39 19
39 20
39 21
39 22
39 23
39 24
39 25
39 26
39 27
39 37
39 83
39 84
39 85
39 86
39 87
39 88
39 89
39 91
39 92
39 93
39 94
39 95
40 7
40 8
40 86
40 87
41 1
41 2
41 4
41 7
41 8
41 9
41 10
41 11
41 12
41 13
41 14
41 15
41 16
41 17
41 18
41 19
41 20
41 21
41 22
41 23
41 24
41 25
41 26
41 27
41 39
41 42
41 43
41 44
41 45
41 50
41 51
41 52
41 83
41 84
41 85
41 86
41 87
41 88
41 89
41 91
41 92
41 93
41 94
41 95
42 1
42 4
42 5
42 9
43 1
43 4
43 5
43 9
44 1
44 4
44 5
44 9
45 1
45 4
45 5
45 9
46 1
46 4
46 9
47 1
47 4
47 9
48 1
48 4
48 9
49 1
49 4
49 9
50 5
50 6
51 5
51 6
52 1
52 2
52 4
52 5
52 9
53 3
53 7
53 28
53 86
53 87
54 3
54 7
54 28
54 86
54 87
55 5
55 6
56 1
56 4
57 2
57 15
57 16
57 18
57 27
58 12
58 13
58 15
58 16
58 17
58 18
58 19
58 20
58 21
58 22
58 23
58 38
58 39
58 42
58 43
58 44
58 45
58 46
58 48
58 49
58 50
59 12
59 13
59 14
59 15
59 16
59 17
59 18
59 19
59 20
59 21
59 22
59 23
59 37
59 38
59 39
59 46
59 48
59 49
59 50
59 52
59 55
59 56
60 12
60 13
60 15
60 16
60 17
60 18
60 19
60 20
60 21
60 22
60 23
60 37
60 38
60 46
60 48
60 49
60 50
60 52
60 53
60 54
60 55
60 56
61 12
61 13
61 15
61 16
61 17
61 18
61 19
61 20
61 21
61 22
61 23
61 37
61 38
61 39
61 42
61 43
61 44
61 45
61 46
61 48
61 49
61 50
61 56
62 12
62 13
62 37
62 38
62 39
62 42
62 43
62 44
62 45
62 50
63 12
63 13
63 14
63 15
63 16
63 17
63 18
63 19
63 20
63 21
63 22
63 23
63 37
63 38
63 39
63 42
63 43
63 44
63 45
63 47
63 48
63 49
63 50
64 12
64 13
64 14
64 19
64 20
64 21
64 22
64 23
64 37
64 38
64 39
64 48
64 49
64 50
64 53
64 54
64 56
65 12
65 13
65 14
65 15
65 16
65 17
65 18
66 15
66 16
66 17
66 18
66 37
66 38
66 39
66 42
66 43
66 44
66 45
66 48
66 49
66 50
66 56
66 59
67 12
67 13
67 15
67 16
67 17
67 18
67 19
67 20
67 21
67 22
67 23
67 38
67 53
67 54
68 39
68 42
68 43
68 44
68 45
68 50
68 53
68 54
69 28
69 29
69 30
69 31
69 32
69 33
69 34
69 35
69 36
70 58
70 59
70 60
70 61
70 62
70 63
70 64
70 65
70 66
70 67
70 68
70 69
71 58
71 59
71 60
71 61
71 62
71 63
71 64
71 65
71 66
71 67
71 68
71 69
72 5
72 6
72 15
72 16
72 17
72 18
72 19
72 20
72 21
72 22
72 23
72 24
72 25
72 26
72 39
72 41
72 42
72 43
72 44
72 45
72 50
72 51
72 52
73 15
73 16
73 17
73 18
73 19
73 20
73 21
73 22
73 23
73 24
73 25
73 26
73 39
73 41
73 42
73 43
73 44
73 45
73 50
73 51
73 52
74 12
74 13
74 14
74 15
74 16
74 17
74 18
74 19
74 20
74 21
74 22
74 23
74 24
74 25
74 26
74 39
74 41
74 42
74 43
74 44
74 45
74 50
74 51
74 52
75 2
75 12
75 13
75 14
75 15
75 16
75 17
75 18
75 19
75 20
75 21
75 22
75 23
75 24
75 25
75 26
75 39
75 41
75 42
75 43
75 44
75 45
75 50
75 51
75 52
75 58
75 59
75 60
75 61
75 62
75 63
75 64
75 65
75 66
75 67
75 68
75 69
75 74
76 58
76 59
76 60
76 61
76 62
76 63
76 64
76 65
76 66
76 67
76 68
76 69
77 5
77 6
77 15
77 16
77 17
77 18
77 19
77 20
77 21
77 22
77 23
77 24
77 25
77 26
77 39
77 41
77 42
77 43
77 44
77 45
77 50
77 51
77 52
78 59
78 61
78 64
78 66
78 67
79 19
79 20
79 21
80 67
81 58
81 61
82 58
82 59
82 61
82 64
82 66
82 68
83 15
83 16
83 17
83 18
83 19
83 20
83 21
83 72
83 73
83 74
83 75
83 77
83 88
83 89
83 90
83 91
83 93
84 15
84 16
84 17
84 18
84 20
84 21
84 72
84 73
84 74
84 75
84 77
84 88
84 89
84 90
84 91
84 93
85 15
85 16
85 17
85 18
85 20
85 21
85 72
85 73
85 74
85 75
85 77
85 88
85 89
85 90
85 91
85 93
86 20
86 21
86 23
86 58
86 59
86 61
86 63
86 64
86 66
86 70
86 71
86 73
86 75
86 76
86 88
86 89
86 90
86 91
86 92
86 93
86 94
87 21
87 23
87 59
87 61
87 63
87 64
87 66
87 68
87 70
87 71
87 73
87 75
87 76
87 88
87 89
87 90
87 91
87 92
87 93
87 94
88 16
88 20
88 21
88 72
88 73
88 74
88 75
88 77
89 19
89 20
89 21
89 43
89 44
89 51
89 71
89 72
89 73
89 74
89 75
89 77
89 86
90 19
90 20
90 21
90 72
90 73
90 74
90 75
90 77
91 19
91 20
91 21
91 72
91 73
91 74
91 75
91 77
91 86
91 89
91 90
92 23
92 59
92 70
92 71
93 19
93 20
93 21
93 42
93 43
93 51
93 72
93 73
93 74
93 75
93 77
94 23
94 42
94 43
94 44
94 50
94 51
94 58
94 59
94 60
94 61
94 63
94 64
94 66
94 67
94 68
95 23
95 72
95 73
95 92
95 94
96 59
96 66
97 16
97 59
97 63
97 64
98 59
98 61
99 19
99 20
99 21
99 61
99 88
99 89
99 90
99 91
99 93
100 58
100 59
100 60
100 67
101 30
101 31
101 32
101 33
101 35
101 58
101 59
101 60
101 61
101 63
101 64
101 66
101 67
102 30
102 31
102 32
102 33
102 35
102 66
103 30
103 31
103 32
103 33
103 35
103 60
103 61
104 67
105 66
106 59
106 70
106 71
106 75
106 76
107 61
107 66
107 70
107 71
107 75
107 76
108 29
108 30
108 31
108 32
108 33
108 34
108 35
108 36
108 59
108 64
109 29
109 30
109 31
109 32
109 33
109 34
109 35
109 36
109 59
110 29
110 30
110 31
110 32
110 33
110 34
110 35
110 36
110 59
110 61
110 63
111 29
112 58
112 59
112 63
113 42
113 43
113 58
113 59
113 63
114 42
114 43
114 61
114 63
114 64
114 66
114 70
114 71
114 74
114 75
114 76
115 44
115 58
115 59
115 63
115 64
115 67
116 63
117 64
118 63
119 59
119 63
119 70
119 71
119 75
119 76
120 60
121 59
122 59
123 67
