18 2
18 5
19 2
19 10
20 2
20 10
21 2
21 10
22 2
23 19
23 20
23 21
23 24
23 25
23 26
23 27
23 28
23 29
23 30
23 31
23 32
23 33
23 120
23 126
23 136
23 139
23 144
24 2
25 2
26 2
26 10
27 2
28 2
29 2
29 10
30 2
30 10
31 2
31 10
32 2
32 10
32 18
32 19
32 20
32 21
32 22
32 23
32 25
32 26
32 27
32 28
32 29
32 30
32 31
32 32
32 33
32 38
32 49
32 54
32 57
32 126
32 127
32 128
32 129
32 130
32 131
32 132
32 134
32 135
32 136
32 137
32 138
32 140
32 141
32 142
32 143
32 144
32 145
32 146
32 147
32 148
32 149
32 150
32 151
32 152
32 153
32 154
32 155
32 156
32 157
32 158
32 159
32 160
32 161
32 162
32 163
32 164
32 170
33 2
33 10
33 18
33 19
33 20
33 21
33 22
33 23
33 25
33 26
33 27
33 28
33 29
33 30
33 31
33 32
33 33
33 38
33 49
33 54
33 57
33 126
33 127
33 128
33 129
33 130
33 131
33 132
33 134
33 135
33 136
33 137
33 138
33 140
33 141
33 142
33 143
33 144
33 145
33 146
33 147
33 148
33 149
33 150
33 151
33 152
33 153
33 155
33 156
33 157
33 158
33 159
33 160
33 161
33 162
33 163
33 164
33 170
34 68
35 2
35 19
35 20
35 21
35 22
35 23
35 25
35 26
35 27
35 28
35 29
35 30
35 31
35 32
35 33
35 38
35 49
35 126
35 127
35 128
35 129
35 130
35 131
35 132
35 134
35 135
35 136
35 137
35 138
35 139
35 140
35 141
35 142
35 143
35 144
35 145
35 146
35 147
35 148
35 149
35 150
35 151
35 152
35 153
35 154
35 155
35 156
35 157
35 158
35 159
35 160
35 161
35 162
35 163
35 164
35 170
36 19
36 20
36 21
36 22
36 23
36 24
36 25
36 26
36 27
36 28
36 29
36 30
36 31
36 32
36 33
36 120
36 126
36 136
36 139
36 142
36 144
37 2
38 10
39 2
39 5
40 3
41 2
41 5
42 2
42 5
43 3
44 2
44 3
44 78
44 79
44 80
44 81
44 82
44 83
44 84
44 85
44 86
44 87
44 88
44 89
44 90
44 91
44 92
44 93
44 94
44 95
44 96
44 97
44 98
44 99
44 100
44 101
44 102
44 103
44 104
44 105
44 106
44 107
44 108
44 109
44 110
44 111
44 112
44 113
44 114
44 115
44 116
44 117
44 118
44 123
45 3
46 2
47 2
47 3
47 78
47 79
47 80
47 81
47 82
47 83
47 84
47 85
47 86
47 87
47 88
47 89
47 90
47 91
47 92
47 93
47 94
47 95
47 96
47 97
47 98
47 99
47 100
47 101
47 102
47 103
47 104
47 105
47 106
47 107
47 108
47 109
47 110
47 111
47 112
47 113
47 114
47 115
47 116
47 117
47 118
47 123
48 2
48 5
48 8
49 10
50 1
50 2
50 5
51 2
51 5
51 8
52 2
52 5
52 8
53 2
53 5
53 8
54 2
55 2
55 5
55 8
56 2
56 5
57 2
57 10
58 2
58 5
58 8
59 2
59 5
60 2
61 2
61 3
62 2
62 5
63 2
63 10
64 1
64 2
64 3
64 5
64 8
64 11
64 12
64 13
64 17
64 19
64 20
64 21
64 22
64 23
64 24
64 25
64 26
64 27
64 28
64 29
64 30
64 31
64 32
64 33
64 35
64 36
64 38
64 39
64 41
64 42
64 43
64 48
64 50
64 51
64 52
64 53
64 55
64 58
64 59
64 120
64 126
64 127
64 128
64 129
64 130
64 131
64 135
64 136
64 137
64 139
64 140
64 141
64 142
64 143
64 144
64 147
64 148
64 149
64 150
64 151
64 152
64 153
64 154
64 155
64 156
64 157
65 2
65 8
65 18
65 19
65 20
65 21
65 22
65 23
65 25
65 26
65 27
65 28
65 29
65 30
65 31
65 32
65 33
65 38
65 49
65 57
65 134
65 137
65 138
65 159
65 160
65 161
65 162
65 163
65 164
65 170
66 18
66 19
66 20
66 21
66 22
66 23
66 25
66 26
66 27
66 28
66 29
66 30
66 31
66 32
66 33
66 38
66 46
66 48
66 51
66 52
66 53
66 54
66 55
66 56
66 57
66 58
66 59
66 60
66 62
66 126
66 127
66 128
66 129
66 130
66 131
66 132
66 134
66 135
66 136
66 137
66 138
66 139
66 140
66 141
66 142
66 143
66 144
66 146
66 147
66 148
66 149
66 150
66 151
66 152
66 153
66 154
66 155
66 156
66 157
66 158
66 159
66 160
66 161
66 162
66 163
66 164
66 170
67 8
67 19
67 20
67 21
67 22
67 23
67 24
67 25
67 26
67 27
67 28
67 29
67 30
67 31
67 32
67 33
67 36
67 38
67 39
67 40
67 44
67 46
67 47
67 48
67 49
67 50
67 51
67 52
67 53
67 54
67 55
67 56
67 57
67 58
67 59
67 60
67 62
67 120
67 126
67 127
67 128
67 129
67 130
67 131
67 132
67 134
67 135
67 136
67 137
67 138
67 139
67 140
67 141
67 142
67 143
67 144
67 146
67 147
67 148
67 149
67 150
67 151
67 152
67 153
67 154
67 155
67 156
67 157
67 158
67 159
67 160
67 161
67 162
67 163
67 164
67 170
68 8
68 45
68 46
68 48
68 50
68 51
68 52
68 53
68 54
68 55
68 56
68 58
68 59
68 60
68 61
68 62
68 63
68 64
68 66
68 67
68 74
68 76
68 119
68 121
68 122
68 124
68 125
68 126
68 127
68 130
68 131
68 132
68 133
68 134
68 135
68 136
68 137
68 138
68 141
68 142
68 143
68 144
68 145
68 146
68 147
68 148
68 149
68 150
68 151
68 152
68 153
68 155
68 156
68 157
68 158
68 159
68 160
68 161
68 162
68 163
68 164
68 165
68 166
68 167
68 168
68 170
68 171
69 19
69 23
69 25
69 26
69 27
69 28
69 29
69 30
69 31
69 32
69 33
69 36
69 45
69 46
69 48
69 51
69 52
69 53
69 54
69 55
69 56
69 58
69 60
69 61
69 63
69 64
69 66
69 67
69 74
69 76
69 119
69 120
69 121
69 122
69 124
69 125
69 126
69 127
69 128
69 130
69 131
69 132
69 133
69 134
69 135
69 136
69 137
69 138
69 139
69 141
69 142
69 143
69 144
69 145
69 146
69 147
69 148
69 149
69 150
69 151
69 152
69 153
69 154
69 155
69 156
69 157
69 158
69 159
69 160
69 161
69 162
69 163
69 164
69 165
69 166
69 167
69 168
69 170
69 171
70 2
70 8
71 63
71 64
71 65
71 66
71 67
71 69
71 74
71 76
71 119
71 121
71 122
71 124
71 125
71 126
71 127
71 130
71 131
71 132
71 133
71 134
71 135
71 138
71 145
71 146
71 147
71 148
71 149
71 150
71 151
71 152
71 153
71 154
71 155
71 157
71 158
71 159
71 160
71 161
71 162
71 163
71 165
71 166
71 167
71 168
71 170
71 171
72 23
72 63
72 64
72 119
72 121
72 122
72 126
72 127
72 130
72 135
72 136
72 139
72 145
72 148
72 150
72 154
72 162
72 165
72 166
72 167
72 170
73 23
73 63
73 64
73 119
73 121
73 122
73 126
73 127
73 130
73 135
73 136
73 139
73 145
73 148
73 150
73 154
73 162
73 165
73 166
73 167
73 170
74 19
74 23
74 25
74 26
74 27
74 28
74 29
74 30
74 31
74 46
74 48
74 51
74 52
74 53
74 54
74 55
74 56
74 58
74 59
74 60
74 62
74 126
74 127
74 128
74 129
74 130
74 131
74 132
74 134
74 135
74 136
74 137
74 138
74 139
74 140
74 141
74 142
74 143
74 144
74 146
74 147
74 148
74 149
74 150
74 151
74 152
74 153
74 154
74 155
74 156
74 157
74 158
74 159
74 160
74 161
74 162
74 163
74 164
74 170
75 63
75 64
75 66
75 74
75 119
75 121
75 122
75 124
75 125
75 126
75 127
75 130
75 132
75 135
75 138
75 145
75 146
75 147
75 148
75 149
75 150
75 151
75 152
75 154
75 155
75 157
75 158
75 160
75 161
75 162
75 163
75 165
75 166
75 167
75 168
75 170
75 171
76 18
76 19
76 20
76 21
76 22
76 23
76 25
76 26
76 27
76 28
76 29
76 30
76 31
76 32
76 33
76 38
76 46
76 49
76 54
76 56
76 57
76 126
76 127
76 128
76 129
76 130
76 131
76 132
76 134
76 135
76 136
76 137
76 138
76 139
76 140
76 141
76 142
76 143
76 144
76 145
76 146
76 147
76 148
76 149
76 150
76 151
76 152
76 153
76 154
76 155
76 156
76 157
76 158
76 159
76 160
76 161
76 162
76 163
76 164
76 170
77 63
77 64
77 66
77 74
77 76
77 119
77 121
77 122
77 124
77 125
77 126
77 127
77 130
77 132
77 133
77 135
77 138
77 145
77 146
77 147
77 148
77 149
77 150
77 151
77 152
77 154
77 155
77 157
77 158
77 160
77 162
77 163
77 165
77 166
77 167
77 168
77 170
77 171
78 10
78 11
78 12
78 13
78 39
78 44
78 47
78 48
78 50
78 51
78 52
78 53
78 55
78 58
78 59
78 126
78 136
78 137
78 143
78 156
79 19
79 20
79 21
79 22
79 23
79 24
79 25
79 26
79 27
79 28
79 29
79 30
79 31
79 32
79 33
79 36
79 38
79 41
79 42
79 45
79 46
79 48
79 50
79 51
79 52
79 53
79 55
79 58
79 59
79 60
79 61
79 64
79 66
79 74
79 76
79 120
79 121
79 122
79 124
79 125
79 126
79 127
79 128
79 129
79 130
79 131
79 132
79 133
79 135
79 136
79 138
79 139
79 140
79 141
79 142
79 143
79 144
79 145
79 146
79 147
79 148
79 149
79 150
79 151
79 152
79 153
79 154
79 155
79 156
79 157
79 158
79 160
79 163
79 166
79 167
79 168
79 170
79 171
80 64
80 65
80 66
80 67
80 68
80 69
80 74
80 76
80 121
80 122
80 124
80 125
80 127
80 130
80 131
80 132
80 133
80 134
80 135
80 137
80 138
80 145
80 146
80 147
80 148
80 149
80 150
80 151
80 152
80 153
80 155
80 157
80 158
80 159
80 160
80 161
80 163
80 164
80 166
80 167
80 168
80 170
80 171
81 65
81 67
81 124
81 125
81 131
81 132
81 133
81 134
81 138
81 146
81 147
81 149
81 151
81 152
81 153
81 155
81 157
81 158
81 159
81 160
81 161
81 163
81 168
81 171
82 4
82 6
82 7
82 8
82 9
82 11
82 12
82 13
82 14
82 15
82 16
82 17
82 35
82 39
82 48
82 50
82 51
82 52
82 53
82 55
82 58
82 59
82 126
82 136
82 137
82 143
82 156
83 65
83 66
83 67
83 68
83 69
83 70
83 74
83 76
83 124
83 125
83 131
83 132
83 133
83 134
83 137
83 138
83 146
83 147
83 149
83 151
83 152
83 153
83 155
83 157
83 158
83 159
83 160
83 161
83 163
83 164
83 168
83 169
83 171
84 45
84 50
84 64
84 121
84 122
84 127
84 130
84 135
84 145
84 148
84 150
84 166
84 167
84 170
85 1
85 38
85 64
85 65
85 67
85 121
85 122
85 124
85 125
85 126
85 127
85 130
85 131
85 132
85 133
85 134
85 135
85 138
85 145
85 146
85 147
85 148
85 149
85 150
85 151
85 152
85 153
85 154
85 155
85 157
85 158
85 159
85 160
85 161
85 163
85 166
85 167
85 168
85 170
85 171
86 65
86 66
86 67
86 74
86 76
86 124
86 125
86 131
86 132
86 133
86 134
86 138
86 146
86 147
86 149
86 151
86 152
86 153
86 155
86 157
86 158
86 159
86 160
86 161
86 163
86 168
86 171
87 39
87 41
87 42
87 43
87 45
87 48
87 50
87 51
87 52
87 53
87 55
87 58
87 59
87 61
87 64
87 67
87 68
87 121
87 122
87 124
87 125
87 126
87 127
87 128
87 129
87 130
87 131
87 132
87 134
87 135
87 136
87 137
87 138
87 139
87 140
87 141
87 142
87 143
87 145
87 146
87 147
87 148
87 149
87 150
87 151
87 152
87 153
87 154
87 155
87 156
87 157
87 158
87 159
87 160
87 161
87 163
87 164
87 166
87 167
87 168
87 170
87 171
88 65
88 66
88 67
88 68
88 69
88 70
88 74
88 76
88 124
88 125
88 131
88 132
88 133
88 134
88 137
88 138
88 146
88 147
88 149
88 151
88 152
88 153
88 155
88 157
88 158
88 159
88 160
88 161
88 163
88 164
88 168
88 169
88 171
89 65
89 66
89 67
89 68
89 69
89 70
89 74
89 76
89 124
89 125
89 131
89 132
89 133
89 134
89 137
89 138
89 146
89 147
89 149
89 151
89 152
89 153
89 155
89 157
89 158
89 159
89 160
89 161
89 163
89 164
89 168
89 169
89 171
90 19
90 20
90 21
90 22
90 23
90 24
90 25
90 26
90 27
90 28
90 29
90 30
90 31
90 32
90 33
90 36
90 41
90 42
90 45
90 46
90 48
90 51
90 52
90 53
90 55
90 58
90 59
90 60
90 61
90 67
90 120
90 124
90 125
90 126
90 128
90 129
90 130
90 131
90 132
90 134
90 135
90 136
90 138
90 139
90 140
90 141
90 142
90 143
90 144
90 146
90 147
90 148
90 149
90 150
90 151
90 152
90 153
90 154
90 155
90 156
90 157
90 158
90 159
90 160
90 161
90 163
90 168
90 171
91 48
91 51
91 52
91 53
91 55
91 58
91 59
91 64
91 65
91 66
91 67
91 68
91 69
91 74
91 76
91 121
91 122
91 124
91 125
91 127
91 130
91 131
91 132
91 133
91 134
91 135
91 137
91 138
91 143
91 145
91 146
91 147
91 148
91 149
91 150
91 151
91 152
91 153
91 155
91 156
91 157
91 158
91 159
91 160
91 161
91 163
91 164
91 166
91 167
91 168
91 170
91 171
92 65
92 66
92 67
92 74
92 76
92 124
92 125
92 131
92 132
92 133
92 134
92 138
92 146
92 147
92 149
92 151
92 152
92 153
92 155
92 157
92 158
92 159
92 160
92 161
92 163
92 168
92 171
93 65
93 66
93 67
93 74
93 76
93 124
93 125
93 131
93 132
93 133
93 134
93 138
93 146
93 147
93 149
93 151
93 152
93 153
93 155
93 157
93 158
93 159
93 160
93 161
93 163
93 168
93 171
94 65
94 66
94 67
94 68
94 69
94 70
94 74
94 76
94 124
94 125
94 131
94 132
94 133
94 134
94 137
94 138
94 146
94 147
94 149
94 151
94 152
94 153
94 155
94 157
94 158
94 159
94 160
94 161
94 163
94 164
94 168
94 169
94 171
95 65
95 66
95 67
95 68
95 69
95 70
95 74
95 76
95 124
95 125
95 131
95 132
95 133
95 134
95 137
95 138
95 146
95 147
95 149
95 151
95 152
95 153
95 155
95 157
95 158
95 159
95 160
95 161
95 163
95 164
95 168
95 169
95 171
96 41
96 59
96 61
96 64
96 121
96 122
96 126
96 127
96 130
96 135
96 140
96 141
96 142
96 143
96 145
96 148
96 150
96 154
96 156
96 166
96 167
96 170
97 19
97 20
97 21
97 22
97 23
97 24
97 25
97 26
97 27
97 28
97 29
97 30
97 31
97 32
97 33
97 36
97 41
97 42
97 44
97 47
97 50
97 66
97 74
97 76
97 120
97 124
97 125
97 126
97 128
97 129
97 130
97 131
97 132
97 133
97 135
97 136
97 138
97 139
97 140
97 141
97 142
97 143
97 144
97 146
97 147
97 148
97 149
97 150
97 151
97 152
97 153
97 154
97 155
97 156
97 157
97 158
97 160
97 163
97 168
97 171
98 63
98 64
98 66
98 74
98 76
98 119
98 121
98 122
98 124
98 125
98 126
98 127
98 130
98 132
98 133
98 135
98 138
98 145
98 146
98 147
98 148
98 149
98 150
98 151
98 152
98 154
98 155
98 157
98 158
98 160
98 162
98 163
98 165
98 166
98 167
98 168
98 170
98 171
99 19
99 20
99 21
99 22
99 23
99 24
99 25
99 26
99 27
99 28
99 29
99 30
99 31
99 32
99 33
99 36
99 39
99 40
99 41
99 42
99 43
99 46
99 48
99 50
99 51
99 52
99 53
99 55
99 56
99 58
99 59
99 60
99 66
99 67
99 74
99 76
99 120
99 124
99 125
99 126
99 127
99 128
99 129
99 130
99 131
99 132
99 133
99 134
99 135
99 136
99 137
99 138
99 139
99 140
99 141
99 142
99 143
99 144
99 146
99 147
99 148
99 149
99 150
99 151
99 152
99 153
99 154
99 155
99 156
99 157
99 158
99 159
99 160
99 161
99 163
99 168
99 171
100 19
100 20
100 21
100 22
100 23
100 24
100 25
100 26
100 27
100 28
100 29
100 30
100 31
100 32
100 33
100 36
100 41
100 42
100 45
100 48
100 50
100 51
100 52
100 53
100 54
100 55
100 56
100 58
100 59
100 61
100 67
100 120
100 124
100 125
100 126
100 128
100 129
100 130
100 131
100 132
100 134
100 135
100 136
100 137
100 138
100 139
100 140
100 141
100 142
100 143
100 144
100 146
100 147
100 148
100 149
100 150
100 151
100 152
100 153
100 154
100 155
100 156
100 157
100 158
100 159
100 160
100 161
100 162
100 163
100 164
100 168
100 170
100 171
101 4
101 6
101 7
101 8
101 9
101 11
101 12
101 13
101 14
101 15
101 16
101 17
101 35
101 39
101 44
101 47
101 48
101 50
101 51
101 52
101 53
101 55
101 58
101 59
101 126
101 136
101 137
101 143
101 156
102 19
102 20
102 21
102 22
102 23
102 24
102 25
102 26
102 27
102 28
102 29
102 30
102 31
102 32
102 33
102 36
102 43
102 45
102 46
102 48
102 51
102 52
102 53
102 55
102 56
102 58
102 59
102 60
102 61
102 64
102 66
102 74
102 76
102 120
102 121
102 122
102 124
102 125
102 126
102 127
102 130
102 132
102 133
102 135
102 136
102 138
102 139
102 142
102 143
102 144
102 145
102 146
102 147
102 148
102 149
102 150
102 151
102 152
102 154
102 155
102 156
102 157
102 158
102 160
102 163
102 166
102 167
102 168
102 170
102 171
103 4
103 6
103 7
103 8
103 9
103 11
103 12
103 13
103 14
103 15
103 16
103 17
103 35
103 39
103 44
103 47
103 48
103 50
103 51
103 52
103 53
103 55
103 58
103 59
103 126
103 136
103 137
103 143
103 156
104 65
104 67
104 68
104 69
104 70
104 124
104 125
104 131
104 132
104 133
104 134
104 137
104 138
104 146
104 147
104 149
104 151
104 152
104 153
104 155
104 157
104 158
104 159
104 160
104 161
104 163
104 164
104 168
104 169
104 171
105 48
105 51
105 52
105 53
105 55
105 58
105 59
105 64
105 65
105 66
105 67
105 68
105 69
105 74
105 76
105 121
105 122
105 124
105 125
105 127
105 130
105 131
105 132
105 133
105 134
105 135
105 137
105 138
105 143
105 145
105 146
105 147
105 148
105 149
105 150
105 151
105 152
105 153
105 155
105 156
105 157
105 158
105 159
105 160
105 161
105 163
105 164
105 166
105 167
105 168
105 170
105 171
106 45
106 50
106 61
106 156
107 1
107 38
107 64
107 65
107 121
107 122
107 124
107 125
107 126
107 127
107 130
107 132
107 133
107 134
107 135
107 145
107 147
107 148
107 149
107 150
107 151
107 152
107 154
107 155
107 157
107 158
107 160
107 161
107 163
107 166
107 167
107 170
108 65
108 66
108 67
108 68
108 69
108 70
108 74
108 76
108 124
108 125
108 131
108 132
108 133
108 134
108 137
108 138
108 146
108 147
108 149
108 151
108 152
108 153
108 155
108 157
108 158
108 159
108 160
108 161
108 163
108 164
108 168
108 169
108 171
109 64
109 65
109 66
109 67
109 68
109 69
109 74
109 76
109 121
109 122
109 124
109 125
109 127
109 130
109 131
109 132
109 133
109 134
109 135
109 137
109 138
109 145
109 146
109 147
109 148
109 149
109 150
109 151
109 152
109 153
109 155
109 157
109 158
109 159
109 160
109 161
109 163
109 164
109 166
109 167
109 168
109 170
109 171
110 19
110 20
110 21
110 22
110 23
110 24
110 25
110 26
110 27
110 28
110 29
110 30
110 31
110 32
110 33
110 36
110 41
110 42
110 45
110 46
110 48
110 51
110 52
110 53
110 55
110 58
110 59
110 60
110 61
110 67
110 120
110 124
110 125
110 126
110 128
110 129
110 130
110 131
110 132
110 134
110 135
110 136
110 138
110 139
110 140
110 141
110 142
110 143
110 144
110 146
110 147
110 148
110 149
110 150
110 151
110 152
110 153
110 154
110 155
110 156
110 157
110 158
110 159
110 160
110 161
110 163
110 168
110 171
111 65
111 66
111 67
111 74
111 76
111 124
111 125
111 131
111 132
111 133
111 134
111 138
111 146
111 147
111 149
111 151
111 152
111 153
111 155
111 157
111 158
111 159
111 160
111 161
111 163
111 168
111 171
112 19
112 20
112 21
112 22
112 23
112 24
112 25
112 26
112 27
112 28
112 29
112 30
112 31
112 32
112 33
112 36
112 39
112 40
112 41
112 42
112 43
112 46
112 48
112 50
112 51
112 52
112 53
112 55
112 56
112 58
112 59
112 60
112 66
112 67
112 74
112 76
112 120
112 124
112 125
112 126
112 127
112 128
112 129
112 130
112 131
112 132
112 133
112 134
112 135
112 136
112 137
112 138
112 139
112 140
112 141
112 142
112 143
112 144
112 146
112 147
112 148
112 149
112 150
112 151
112 152
112 153
112 154
112 155
112 156
112 157
112 158
112 159
112 160
112 161
112 163
112 168
112 171
113 50
113 64
113 65
113 66
113 67
113 68
113 69
113 74
113 76
113 121
113 122
113 124
113 125
113 127
113 130
113 131
113 132
113 133
113 134
113 135
113 137
113 138
113 145
113 146
113 147
113 148
113 149
113 150
113 151
113 152
113 153
113 155
113 157
113 158
113 159
113 160
113 161
113 163
113 164
113 166
113 167
113 168
113 170
113 171
114 50
114 64
114 65
114 66
114 67
114 68
114 69
114 74
114 76
114 121
114 122
114 124
114 125
114 127
114 130
114 131
114 132
114 133
114 134
114 135
114 137
114 138
114 145
114 146
114 147
114 148
114 149
114 150
114 151
114 152
114 153
114 155
114 157
114 158
114 159
114 160
114 161
114 163
114 164
114 166
114 167
114 168
114 170
114 171
115 1
115 38
115 64
115 65
115 121
115 122
115 124
115 125
115 126
115 127
115 130
115 132
115 133
115 134
115 135
115 145
115 147
115 148
115 149
115 150
115 151
115 152
115 154
115 155
115 157
115 158
115 160
115 161
115 163
115 166
115 167
115 170
116 5
116 19
116 20
116 21
116 22
116 23
116 24
116 25
116 26
116 27
116 28
116 29
116 30
116 31
116 32
116 33
116 36
116 39
116 41
116 42
116 46
116 50
116 56
116 60
116 120
116 126
116 127
116 128
116 129
116 130
116 131
116 135
116 136
116 137
116 139
116 140
116 141
116 142
116 143
116 144
116 147
116 148
116 149
116 150
116 151
116 152
116 153
116 154
116 155
116 156
116 157
117 43
117 64
117 121
117 122
117 127
117 130
117 135
117 145
117 148
117 150
117 154
117 166
117 167
117 170
118 19
118 20
118 21
118 22
118 23
118 24
118 25
118 26
118 27
118 28
118 29
118 30
118 31
118 32
118 33
118 36
118 38
118 41
118 42
118 44
118 45
118 46
118 47
118 48
118 50
118 51
118 52
118 53
118 55
118 56
118 58
118 59
118 60
118 61
118 63
118 64
118 66
118 74
118 76
118 119
118 120
118 121
118 122
118 124
118 125
118 126
118 127
118 128
118 129
118 130
118 131
118 132
118 133
118 135
118 136
118 138
118 139
118 140
118 141
118 142
118 143
118 144
118 145
118 146
118 147
118 148
118 149
118 150
118 151
118 152
118 153
118 154
118 155
118 156
118 157
118 158
118 160
118 162
118 163
118 165
118 166
118 167
118 168
118 170
118 171
119 2
120 32
121 64
122 64
123 47
123 78
123 79
123 80
123 81
123 82
123 83
123 84
123 85
123 86
123 87
123 88
123 89
123 90
123 91
123 92
123 93
123 94
123 95
123 96
123 97
123 98
123 99
123 100
123 101
123 102
123 103
123 104
123 105
123 106
123 107
123 108
123 109
123 110
123 111
123 112
123 113
123 114
123 115
123 116
123 117
123 118
124 65
124 67
124 68
124 69
124 70
124 74
124 76
125 65
125 66
125 67
125 68
125 69
125 70
125 74
126 20
126 21
126 23
126 32
126 33
126 42
126 79
126 85
126 87
126 90
126 97
126 98
126 99
126 100
126 102
126 107
126 115
126 116
126 118
126 129
126 130
126 131
126 139
126 147
126 149
126 150
126 151
126 152
126 153
126 155
126 157
127 40
127 64
127 79
127 80
127 85
127 87
127 98
127 99
127 102
127 105
127 107
127 113
127 115
127 116
127 117
127 118
128 42
128 79
128 85
128 90
128 93
128 99
128 107
128 115
128 116
128 118
128 126
128 129
128 130
128 131
128 135
128 136
128 139
128 147
128 148
128 149
128 150
128 151
128 152
128 153
128 155
128 157
129 42
129 79
129 87
129 90
129 97
129 100
129 116
129 118
129 139
129 147
129 150
129 152
129 153
129 155
130 42
130 63
130 64
130 79
130 80
130 85
130 87
130 90
130 98
130 99
130 100
130 102
130 105
130 107
130 113
130 115
130 116
130 117
130 118
130 126
130 129
130 131
130 139
130 147
130 149
130 150
130 151
130 152
130 153
130 155
130 157
131 42
131 67
131 80
131 81
131 85
131 87
131 89
131 90
131 93
131 94
131 95
131 99
131 100
131 104
131 105
131 113
131 129
131 139
131 147
131 149
131 150
131 151
131 152
131 153
131 155
131 157
132 65
132 66
132 67
132 68
132 69
132 70
132 74
132 76
132 79
132 80
132 81
132 83
132 85
132 86
132 87
132 88
132 89
132 90
132 91
132 92
132 93
132 94
132 95
132 97
132 98
132 99
132 100
132 102
132 104
132 105
132 107
132 108
132 109
132 110
132 111
132 112
132 113
132 114
132 115
132 118
133 65
133 69
133 76
133 79
133 80
133 81
133 83
133 85
133 86
133 88
133 89
133 91
133 92
133 93
133 94
133 95
133 97
133 98
133 99
133 102
133 104
133 105
133 107
133 108
133 109
133 111
133 112
133 113
133 114
133 115
133 118
134 49
134 54
134 65
134 67
135 42
135 43
135 63
135 64
135 79
135 80
135 85
135 87
135 98
135 99
135 102
135 105
135 107
135 113
135 115
135 116
135 117
135 118
135 126
135 129
135 130
135 131
135 136
135 139
135 147
135 149
135 150
135 151
135 152
135 153
135 155
135 157
136 32
136 33
136 39
136 42
136 79
136 87
136 90
136 97
136 99
136 100
136 102
136 116
136 118
136 126
136 129
136 130
136 131
136 139
136 147
136 148
136 149
136 150
136 151
136 152
136 153
136 155
136 157
137 39
137 49
137 54
137 68
138 49
138 54
138 66
138 67
138 74
139 20
139 21
139 23
139 28
139 32
139 33
139 42
139 79
139 90
139 97
139 99
139 100
139 102
139 116
139 118
139 129
139 147
139 150
139 152
139 153
139 155
140 41
140 79
140 87
140 90
140 96
140 97
140 99
140 100
140 110
140 112
140 116
140 118
141 41
141 79
141 87
141 90
141 96
141 97
141 99
141 100
141 110
141 112
141 116
141 118
142 22
142 41
142 79
142 90
142 97
142 99
142 100
142 102
142 110
142 112
142 116
142 118
143 41
143 46
143 53
143 55
143 58
143 78
143 79
143 82
143 87
143 90
143 91
143 99
143 100
143 101
143 102
143 103
143 105
143 110
143 112
143 116
143 118
144 26
144 28
144 31
144 79
144 90
144 97
144 99
144 100
144 102
144 110
144 112
144 116
144 118
145 64
145 79
145 80
145 84
145 85
145 87
145 91
145 96
145 98
145 102
145 105
145 107
145 109
145 113
145 114
145 115
145 117
145 118
146 67
146 68
146 74
146 79
146 80
146 81
146 83
146 86
146 87
146 88
146 89
146 90
146 91
146 92
146 93
146 94
146 95
146 97
146 98
146 99
146 100
146 102
146 104
146 105
146 108
146 109
146 110
146 111
146 112
146 113
146 114
146 118
147 42
147 65
147 66
147 67
147 68
147 69
147 70
147 74
147 76
147 79
147 80
147 81
147 85
147 87
147 89
147 93
147 94
147 95
147 97
147 98
147 99
147 102
147 104
147 105
147 107
147 113
147 115
147 118
147 129
147 131
147 139
147 149
147 150
147 151
147 152
147 153
147 155
147 157
148 42
148 63
148 64
148 79
148 80
148 85
148 87
148 90
148 97
148 98
148 99
148 100
148 102
148 105
148 107
148 113
148 115
148 116
148 117
148 118
148 126
148 129
148 130
148 131
148 135
148 136
148 139
148 147
148 149
148 150
148 151
148 152
148 153
148 155
148 157
149 42
149 65
149 66
149 67
149 68
149 69
149 70
149 74
149 76
149 79
149 80
149 81
149 85
149 87
149 89
149 90
149 93
149 94
149 95
149 97
149 98
149 99
149 100
149 102
149 104
149 105
149 107
149 113
149 115
149 118
149 129
149 131
149 139
149 147
149 150
149 151
149 152
149 153
149 155
149 157
150 42
150 64
150 79
150 80
150 85
150 87
150 98
150 99
150 102
150 105
150 107
150 113
150 115
150 116
150 117
150 118
150 129
150 147
150 152
150 153
151 42
151 65
151 66
151 67
151 68
151 69
151 70
151 74
151 76
151 79
151 80
151 81
151 85
151 87
151 89
151 90
151 93
151 94
151 95
151 97
151 98
151 99
151 100
151 102
151 104
151 105
151 107
151 113
151 115
151 118
151 129
151 131
151 139
151 147
151 149
151 150
151 152
151 153
151 155
151 157
152 42
152 65
152 66
152 67
152 68
152 70
152 74
152 76
152 80
152 81
152 87
152 89
152 90
152 93
152 94
152 95
152 99
152 100
152 104
152 105
152 139
152 147
152 150
152 153
152 155
153 42
153 67
153 68
153 80
153 81
153 87
153 89
153 90
153 93
153 94
153 95
153 99
153 100
153 104
153 105
153 139
153 147
153 150
153 152
153 155
154 41
154 42
154 43
154 79
154 85
154 87
154 90
154 96
154 97
154 98
154 99
154 100
154 102
154 107
154 110
154 112
154 115
154 116
154 117
154 118
155 42
155 65
155 66
155 67
155 68
155 69
155 70
155 74
155 76
155 79
155 80
155 81
155 85
155 87
155 89
155 90
155 93
155 94
155 95
155 97
155 98
155 99
155 100
155 102
155 104
155 105
155 107
155 113
155 115
155 118
155 129
155 139
155 147
155 150
155 152
155 153
156 42
156 46
156 61
156 79
156 87
156 90
156 99
156 100
156 102
156 105
156 118
157 42
157 65
157 66
157 67
157 68
157 69
157 70
157 74
157 76
157 79
157 80
157 81
157 85
157 87
157 89
157 90
157 93
157 94
157 95
157 97
157 98
157 99
157 100
157 102
157 104
157 105
157 107
157 113
157 115
157 118
157 129
157 131
157 139
157 147
157 149
157 150
157 151
157 152
157 153
157 155
158 65
158 66
158 67
158 68
158 69
158 70
158 74
158 76
158 79
158 80
158 81
158 83
158 85
158 86
158 87
158 88
158 89
158 90
158 91
158 92
158 93
158 94
158 95
158 97
158 98
158 99
158 100
158 102
158 104
158 105
158 107
158 108
158 109
158 110
158 111
158 112
158 113
158 114
158 115
158 118
159 49
159 54
159 67
159 80
159 81
159 83
159 86
159 87
159 88
159 89
159 90
159 91
159 92
159 93
159 94
159 95
159 99
159 100
159 104
159 105
159 108
159 109
159 110
159 111
159 112
159 113
159 114
160 49
160 54
160 65
160 66
160 67
160 68
160 71
160 74
160 75
161 49
161 54
161 65
161 67
161 71
161 75
162 49
162 54
162 63
162 71
162 72
162 73
162 75
163 49
163 54
163 65
163 66
163 67
163 68
163 69
163 70
163 74
164 49
164 54
164 68
165 63
166 64
167 64
167 79
167 80
167 84
167 85
167 87
167 91
167 96
167 98
167 102
167 105
167 107
167 109
167 113
167 114
167 115
167 117
167 118
168 66
168 67
168 68
168 70
168 79
168 80
168 81
168 83
168 86
168 87
168 88
168 89
168 90
168 91
168 92
168 93
168 94
168 95
168 97
168 98
168 99
168 100
168 102
168 104
168 105
168 108
168 109
168 110
168 111
168 112
168 113
168 114
168 118
169 70
170 49
170 54
170 64
171 67
171 74
