1 44
1 61
1 62
1 63
1 64
1 77
1 78
1 79
1 81
1 85
1 117
2 56
2 59
2 60
2 61
2 62
2 63
2 117
2 123
3 62
3 63
3 64
3 117
4 117
5 72
5 73
5 75
5 77
5 78
5 79
5 80
5 81
5 83
5 85
5 99
5 101
5 103
5 117
5 118
6 59
6 63
6 89
6 116
7 61
7 116
8 61
8 116
9 44
9 59
9 61
9 63
9 103
9 104
9 116
10 58
10 59
10 61
10 116
11 89
11 116
12 61
12 116
13 116
13 123
14 49
14 50
14 89
14 123
15 46
15 50
15 51
15 55
16 51
16 52
16 54
16 103
17 51
17 116
18 49
18 51
18 62
18 123
18 124
19 46
19 47
19 48
19 49
19 51
19 54
20 51
20 63
20 122
21 59
22 45
22 47
22 51
22 56
22 59
22 60
22 101
22 103
23 59
23 61
24 52
24 56
24 60
24 61
24 62
24 97
25 70
25 71
25 74
25 75
25 76
25 79
25 85
25 95
26 70
26 71
26 74
26 79
26 85
26 95
27 72
27 75
27 77
27 81
27 85
27 95
28 81
29 81
29 85
29 95
30 75
30 81
30 85
30 95
31 85
31 122
32 71
32 73
32 74
32 76
32 77
32 78
32 79
32 80
32 81
32 83
32 85
32 97
32 103
33 77
33 78
33 85
33 103
34 77
34 85
35 85
36 85
37 85
37 103
38 85
38 101
39 85
39 101
40 101
41 59
41 60
41 61
41 103
41 124
42 54
42 56
42 58
42 59
42 85
43 72
43 77
43 78
43 81
43 85
43 87
44 72
44 74
44 76
44 77
44 78
44 80
44 87
45 72
45 74
45 76
45 77
45 78
45 80
45 81
45 87
45 89
46 133
47 89
47 90
47 94
47 101
47 116
47 117
47 122
47 123
47 124
47 133
48 133
49 88
49 89
49 123
50 88
50 90
50 101
50 103
50 116
50 117
50 122
50 123
51 90
51 101
51 116
51 117
51 122
51 123
52 90
52 98
52 103
52 117
53 90
53 101
53 103
53 116
54 90
54 101
55 90
55 116
55 122
56 90
56 101
56 116
56 123
57 90
58 89
58 90
58 94
58 116
58 117
59 88
59 89
59 90
59 101
59 103
59 113
59 116
59 118
59 122
59 127
60 101
60 103
60 116
60 117
60 123
61 70
61 71
61 85
61 89
61 90
61 98
61 101
61 103
61 117
62 70
62 71
62 85
62 89
62 90
62 98
62 101
62 103
63 50
63 70
63 71
63 77
63 85
63 87
63 89
63 117
63 124
64 70
64 71
64 85
64 89
64 123
64 124
65 70
65 71
65 76
65 78
65 85
65 123
66 70
66 71
66 76
66 89
67 70
67 71
67 72
67 76
68 89
68 116
68 117
68 122
69 89
69 116
69 118
69 123
70 95
71 95
72 88
72 90
72 98
72 101
72 103
72 105
73 95
73 96
73 97
74 80
74 88
74 89
74 90
74 94
74 95
74 97
74 98
74 101
74 103
75 89
75 103
76 88
76 89
76 90
76 95
76 96
76 97
76 98
76 103
76 105
76 108
76 118
76 123
77 88
77 89
77 90
77 94
77 95
77 96
77 97
77 98
77 101
77 103
77 105
77 116
77 123
77 125
77 127
77 133
78 88
78 90
78 94
78 95
78 96
78 101
78 103
78 105
78 108
78 110
78 116
78 123
78 126
79 88
79 89
79 90
79 96
79 98
79 99
79 101
79 103
79 105
79 108
79 114
79 116
79 123
79 126
79 127
80 79
80 80
80 88
80 89
80 90
80 96
80 97
80 99
80 101
80 103
80 105
80 108
80 111
80 113
80 123
80 126
80 127
80 129
81 80
81 88
81 89
81 95
81 97
81 98
81 101
81 103
81 105
82 88
82 98
82 103
83 88
83 94
83 97
83 101
83 103
83 116
84 88
84 90
84 96
84 97
84 98
84 101
84 103
84 108
84 109
84 110
84 111
84 113
84 116
84 123
84 124
84 126
85 70
85 71
85 72
85 76
85 77
85 80
85 81
85 84
85 85
85 88
85 89
85 90
85 91
85 92
85 96
85 97
85 98
85 101
85 102
85 103
85 104
85 105
85 106
85 107
85 108
85 110
85 111
85 112
85 113
85 114
85 115
85 117
85 119
85 120
85 121
85 122
85 123
85 124
85 127
85 128
85 130
85 133
86 88
86 89
86 90
86 93
86 96
86 97
86 101
86 103
86 108
86 111
86 123
86 126
87 88
87 89
87 90
87 95
87 96
87 97
87 98
87 101
87 103
87 105
87 116
88 88
88 90
88 94
88 96
88 97
88 98
88 101
88 108
88 113
88 116
88 118
88 123
88 125
88 126
89 90
89 97
89 101
89 116
89 122
89 123
89 124
89 125
89 131
89 133
90 89
90 90
90 98
90 101
90 105
90 116
90 125
90 132
90 133
91 101
91 125
91 132
91 133
91 134
92 108
92 134
93 108
94 134
95 134
96 134
97 134
98 96
98 133
98 134
99 134
101 134
102 134
103 134
104 134
105 134
106 134
107 134
108 134
109 134
110 134
111 134
112 134
113 134
114 134
115 134
116 131
116 134
117 133
118 133
119 133
120 116
120 126
121 134
122 134
123 134
124 134
125 134
126 134
127 134
128 134
129 134
130 134
