15 2
15 5
16 2
16 11
17 2
17 11
18 2
18 11
19 2
20 2
21 2
22 2
23 2
23 11
24 2
24 11
25 2
26 2
27 2
27 11
27 15
27 16
27 17
27 18
27 19
27 20
27 21
27 22
27 23
27 24
27 25
27 27
27 28
27 38
27 39
27 40
27 41
27 42
27 43
27 44
27 45
27 46
27 47
27 48
27 62
27 65
27 66
27 153
27 154
27 155
27 156
27 157
27 158
27 159
27 160
27 161
27 162
27 164
27 165
27 168
27 169
27 170
27 171
27 172
27 173
27 174
27 175
27 176
27 177
27 178
27 179
27 180
27 181
27 182
27 183
27 185
27 186
27 187
27 188
27 189
27 190
28 2
28 11
28 15
28 16
28 17
28 18
28 19
28 20
28 21
28 22
28 23
28 24
28 25
28 27
28 28
28 38
28 39
28 40
28 41
28 42
28 43
28 44
28 45
28 46
28 47
28 48
28 62
28 65
28 66
28 153
28 154
28 155
28 156
28 157
28 158
28 159
28 160
28 161
28 162
28 163
28 164
28 165
28 168
28 169
28 170
28 171
28 172
28 173
28 174
28 175
28 176
28 177
28 178
28 179
28 180
28 181
28 182
28 183
28 184
28 185
28 186
28 187
28 188
28 189
28 190
29 78
30 2
30 16
30 17
30 18
30 19
30 20
30 21
30 22
30 23
30 24
30 25
30 27
30 28
30 38
30 39
30 40
30 41
30 42
30 43
30 44
30 45
30 46
30 47
30 48
30 62
30 152
30 153
30 154
30 155
30 156
30 157
30 158
30 159
30 160
30 161
30 162
30 163
30 164
30 165
30 167
30 168
30 169
30 170
30 171
30 172
30 173
30 174
30 175
30 176
30 177
30 178
30 179
30 180
30 181
30 182
30 183
30 184
30 185
30 186
30 187
30 188
30 189
30 190
31 2
32 2
33 16
33 17
33 18
33 19
33 20
33 21
33 22
33 23
33 24
33 25
33 26
33 27
33 28
34 2
34 5
34 11
34 153
34 154
34 155
34 156
34 158
34 159
34 160
34 161
34 164
34 165
34 168
34 169
34 171
34 175
34 178
34 179
34 180
34 181
34 182
34 183
34 184
34 185
34 186
34 187
34 188
34 189
34 190
35 2
36 2
37 64
37 65
38 5
38 11
38 16
38 17
38 18
38 19
38 20
38 21
38 22
38 23
38 24
38 25
38 27
38 28
38 38
38 39
38 40
38 41
38 42
38 43
38 44
38 45
38 46
38 47
38 48
38 153
38 154
38 155
38 156
38 157
38 158
38 159
38 160
38 161
38 162
38 163
38 164
38 165
38 167
38 168
38 169
38 170
38 171
38 172
38 173
38 174
38 175
38 176
38 177
38 178
38 179
38 180
38 181
38 182
38 183
38 184
38 185
38 186
38 187
38 188
38 189
38 190
39 5
39 11
39 16
39 17
39 18
39 19
39 20
39 21
39 22
39 23
39 24
39 25
39 27
39 28
39 38
39 39
39 40
39 41
39 42
39 43
39 44
39 45
39 46
39 47
39 48
39 153
39 154
39 155
39 156
39 157
39 158
39 159
39 160
39 161
39 162
39 163
39 164
39 165
39 167
39 168
39 169
39 170
39 171
39 172
39 173
39 174
39 175
39 176
39 177
39 178
39 179
39 180
39 181
39 182
39 183
39 184
39 185
39 186
39 187
39 188
39 189
39 190
40 11
41 2
41 11
41 16
41 17
41 18
41 19
41 20
41 21
41 22
41 23
41 24
41 25
41 27
41 28
41 38
41 39
41 40
41 41
41 42
41 43
41 44
41 45
41 46
41 47
41 48
42 5
42 11
42 16
42 17
42 18
42 19
42 20
42 21
42 22
42 23
42 24
42 25
42 27
42 28
42 38
42 39
42 40
42 41
42 42
42 43
42 44
42 45
42 46
42 47
42 48
42 152
42 153
42 154
42 155
42 156
42 157
42 158
42 159
42 160
42 161
42 162
42 163
42 164
42 165
42 167
42 168
42 169
42 170
42 171
42 172
42 173
42 174
42 175
42 176
42 177
42 178
42 179
42 180
42 181
42 182
42 183
42 184
42 185
42 186
42 187
42 188
42 189
42 190
43 2
43 5
43 11
43 153
43 154
43 155
43 156
43 158
43 159
43 160
43 161
43 162
43 163
43 164
43 165
43 167
43 168
43 169
43 170
43 171
43 172
43 173
43 174
43 175
43 177
43 178
43 179
43 180
43 181
43 182
43 183
43 184
43 185
43 186
43 187
43 188
43 189
43 190
44 5
44 11
44 153
44 154
44 155
44 156
44 157
44 158
44 159
44 160
44 161
44 162
44 163
44 164
44 165
44 167
44 168
44 169
44 170
44 171
44 172
44 173
44 174
44 175
44 176
44 177
44 178
44 179
44 180
44 181
44 182
44 183
44 184
44 185
44 186
44 187
44 188
44 189
44 190
45 5
45 11
45 16
45 17
45 18
45 19
45 20
45 21
45 22
45 23
45 24
45 25
45 27
45 28
45 38
45 39
45 40
45 41
45 42
45 43
45 44
45 45
45 46
45 47
45 48
45 152
45 153
45 154
45 155
45 156
45 157
45 158
45 159
45 160
45 161
45 162
45 163
45 164
45 165
45 167
45 168
45 169
45 170
45 171
45 172
45 173
45 174
45 175
45 176
45 177
45 178
45 179
45 180
45 181
45 182
45 183
45 184
45 185
45 186
45 187
45 188
45 189
45 190
46 11
46 16
46 17
46 18
46 19
46 20
46 21
46 22
46 23
46 24
46 25
46 27
46 28
46 38
46 39
46 40
46 41
46 42
46 43
46 44
46 45
46 46
46 47
46 48
46 153
46 154
46 155
46 156
46 158
46 159
46 160
46 161
46 162
46 163
46 164
46 165
46 167
46 168
46 169
46 170
46 171
46 172
46 175
46 178
46 179
46 180
46 181
46 182
46 183
46 185
46 186
46 187
46 188
46 189
46 190
47 11
47 153
47 154
47 155
47 156
47 158
47 159
47 160
47 161
47 163
47 164
47 165
47 167
47 168
47 169
47 170
47 171
47 172
47 175
47 178
47 179
47 180
47 181
47 182
47 183
47 185
47 186
47 187
47 188
47 189
47 190
48 11
48 16
48 17
48 18
48 19
48 20
48 21
48 22
48 23
48 24
48 25
48 27
48 28
48 38
48 39
48 40
48 41
48 42
48 43
48 44
48 45
48 46
48 47
48 48
49 2
49 5
50 3
51 2
51 5
51 9
52 2
52 5
53 2
53 5
53 9
54 2
54 5
55 3
56 1
56 2
56 51
57 2
58 38
58 44
58 46
58 47
59 2
59 3
59 93
59 94
59 95
59 96
59 97
59 98
59 99
59 100
59 101
59 102
59 103
59 104
59 105
59 106
59 107
59 108
59 109
59 110
59 111
59 112
59 113
59 114
59 115
59 116
59 117
59 118
59 119
59 120
59 121
59 122
59 123
59 124
59 125
59 126
59 127
59 128
59 129
59 130
59 131
59 132
59 133
59 134
59 135
59 136
59 137
60 75
60 77
61 2
61 3
61 93
61 94
61 95
61 96
61 97
61 98
61 99
61 100
61 101
61 102
61 103
61 104
61 105
61 106
61 107
61 108
61 109
61 110
61 111
61 112
61 113
61 114
61 115
61 116
61 117
61 118
61 119
61 120
61 121
61 122
61 123
61 124
61 125
61 126
61 127
61 128
61 129
61 130
61 131
61 132
61 133
61 134
61 135
61 136
61 137
62 11
63 1
63 2
63 5
64 2
64 5
64 9
65 2
66 2
66 11
67 2
67 3
68 2
68 5
69 2
69 11
70 2
70 11
70 15
70 16
70 17
70 18
70 19
70 20
70 21
70 22
70 23
70 24
70 25
70 27
70 28
70 38
70 39
70 40
70 41
70 42
70 43
70 44
70 45
70 46
70 47
70 48
70 62
70 66
71 1
71 2
71 3
71 5
71 9
71 16
71 17
71 18
71 19
71 20
71 21
71 22
71 23
71 24
71 25
71 26
71 27
71 28
71 30
71 33
71 34
71 37
71 38
71 39
71 40
71 41
71 42
71 43
71 44
71 45
71 46
71 47
71 48
71 49
71 51
71 53
71 57
71 58
71 63
72 1
72 2
72 3
72 5
72 9
72 12
72 13
72 16
72 17
72 18
72 19
72 20
72 21
72 22
72 23
72 24
72 25
72 26
72 27
72 28
72 30
72 33
72 34
72 37
72 38
72 39
72 40
72 41
72 42
72 43
72 44
72 45
72 46
72 47
72 48
72 49
72 51
72 52
72 53
72 54
72 55
72 56
72 57
72 58
72 63
72 64
72 71
72 73
73 2
73 3
73 5
73 9
74 15
74 16
74 17
74 18
74 19
74 20
74 21
74 22
74 23
74 24
74 25
74 27
74 28
74 38
74 39
74 40
74 41
74 42
74 43
74 44
74 45
74 46
74 47
74 48
74 62
74 66
74 152
74 153
74 154
74 155
74 156
74 157
74 158
74 159
74 160
74 161
74 162
74 163
74 164
74 165
74 167
74 168
74 169
74 170
74 171
74 172
74 173
74 174
74 175
74 176
74 177
74 178
74 179
74 180
74 181
74 182
74 183
74 184
74 185
74 186
74 187
74 188
74 189
74 190
75 2
75 9
75 15
75 16
75 17
75 18
75 19
75 20
75 21
75 22
75 23
75 24
75 25
75 27
75 28
75 38
75 39
75 40
75 41
75 42
75 43
75 44
75 45
75 46
75 47
75 48
75 62
75 66
76 15
76 16
76 17
76 18
76 19
76 20
76 21
76 22
76 23
76 24
76 25
76 27
76 28
76 38
76 39
76 40
76 41
76 42
76 43
76 44
76 45
76 46
76 47
76 48
76 64
76 65
76 66
76 68
76 152
76 153
76 154
76 155
76 156
76 157
76 158
76 159
76 160
76 162
76 163
76 167
76 168
76 169
76 170
76 171
76 172
76 173
76 174
76 176
76 177
76 179
76 180
76 183
76 184
76 186
76 189
76 190
77 9
77 16
77 17
77 18
77 19
77 20
77 21
77 22
77 23
77 24
77 25
77 26
77 27
77 28
77 33
77 34
77 37
77 38
77 39
77 40
77 41
77 42
77 43
77 44
77 45
77 46
77 47
77 48
77 49
77 50
77 51
77 53
77 57
77 58
77 59
77 61
77 62
77 63
77 64
77 65
77 66
77 68
77 152
77 153
77 154
77 155
77 156
77 157
77 159
77 160
77 162
77 163
77 167
77 168
77 169
77 170
77 171
77 172
77 173
77 174
77 176
77 177
77 179
77 180
77 184
77 186
77 189
77 190
78 9
78 63
78 64
78 65
78 67
78 68
78 69
78 70
78 71
78 72
78 73
78 76
78 77
78 79
78 82
78 90
78 152
78 162
78 163
78 170
78 172
78 173
78 174
78 177
79 9
79 64
79 65
79 152
79 153
79 154
79 155
79 156
79 157
79 158
79 159
79 160
79 162
79 163
79 167
79 168
79 169
79 170
79 171
79 172
79 173
79 174
79 175
79 176
79 177
79 178
79 179
79 180
79 181
79 182
79 183
79 184
79 185
79 186
79 187
79 189
79 190
80 64
80 65
80 68
80 152
80 154
80 155
80 157
80 162
80 163
80 170
80 172
80 173
80 174
80 176
80 177
80 182
81 16
81 17
81 22
81 23
81 24
81 25
81 27
81 28
81 31
81 33
81 34
81 35
81 37
81 38
81 39
81 42
81 43
81 44
81 45
81 46
81 47
81 64
81 65
81 67
81 69
81 70
81 71
81 72
81 73
81 76
81 77
81 79
81 82
81 90
81 152
81 154
81 155
81 157
81 162
81 163
81 170
81 172
81 173
81 174
81 176
81 177
81 182
82 64
82 65
82 68
82 152
82 153
82 154
82 155
82 156
82 157
82 158
82 159
82 160
82 162
82 163
82 167
82 168
82 169
82 170
82 171
82 172
82 173
82 174
82 176
82 177
82 179
82 180
82 183
82 184
82 186
82 189
82 190
83 38
83 39
83 42
83 43
83 44
83 45
83 46
83 47
83 69
83 70
83 71
83 72
83 73
83 74
83 75
83 76
83 77
83 79
83 81
83 82
83 86
83 89
83 90
84 38
84 39
84 42
84 43
84 44
84 45
84 46
84 47
84 69
84 70
84 71
84 72
84 73
84 74
84 75
84 76
84 77
84 79
84 81
84 82
84 86
84 89
84 90
85 25
85 31
85 38
85 42
85 43
85 44
85 45
85 46
85 47
85 69
85 70
85 71
85 72
85 73
86 64
86 67
86 71
86 72
86 74
86 76
86 77
86 79
86 80
86 81
86 82
86 86
86 87
86 89
86 90
86 152
86 154
86 155
86 157
86 162
86 163
86 170
86 172
86 173
86 174
86 176
86 177
86 182
87 22
87 33
87 35
87 37
87 38
87 39
87 42
87 43
87 44
87 45
87 46
87 47
87 64
87 65
87 67
87 69
87 70
87 71
87 72
87 73
87 76
87 77
87 79
87 82
87 90
87 152
87 154
87 155
87 157
87 162
87 163
87 170
87 172
87 173
87 174
87 176
87 177
87 182
88 25
88 31
88 38
88 42
88 43
88 44
88 45
88 46
88 47
88 69
88 70
88 71
88 72
88 73
89 64
89 65
89 71
89 72
89 76
89 78
89 82
89 90
89 152
89 154
89 155
89 157
89 162
89 163
89 170
89 172
89 173
89 174
89 176
89 177
89 182
90 16
90 17
90 23
90 24
90 25
90 64
90 65
90 68
90 152
90 153
90 154
90 155
90 156
90 157
90 158
90 159
90 160
90 162
90 163
90 167
90 168
90 169
90 170
90 171
90 172
90 173
90 174
90 176
90 177
90 179
90 180
90 183
90 184
90 186
90 189
90 190
91 38
91 42
91 43
91 44
91 45
91 46
91 47
91 69
91 70
91 71
91 72
91 73
91 76
91 82
91 90
92 38
92 42
92 43
92 44
92 45
92 46
92 47
92 69
92 70
92 71
92 72
92 73
92 76
92 82
92 90
93 16
93 17
93 18
93 19
93 20
93 21
93 22
93 23
93 24
93 25
93 26
93 27
93 28
93 33
93 34
93 37
93 52
93 54
93 56
93 59
93 61
93 63
93 68
93 76
93 77
93 82
93 90
94 63
94 71
94 72
94 73
94 74
94 75
94 76
94 77
94 78
94 79
94 80
94 81
94 82
94 86
94 89
94 90
95 11
95 12
95 13
95 49
95 51
95 53
95 57
95 58
95 59
95 61
95 63
95 64
96 16
96 17
96 18
96 19
96 20
96 21
96 22
96 23
96 24
96 25
96 26
96 27
96 28
96 33
96 34
96 37
96 38
96 39
96 40
96 41
96 42
96 43
96 44
96 45
96 48
96 52
96 54
96 56
96 63
96 64
96 67
96 71
96 72
96 73
96 76
96 82
96 90
97 71
97 72
97 73
97 74
97 75
97 76
97 77
97 78
97 79
97 80
97 81
97 82
97 86
97 89
97 90
98 74
98 75
98 76
98 77
98 79
98 82
98 90
99 49
99 51
99 52
99 53
99 54
99 56
99 64
99 67
99 71
99 72
99 73
100 4
100 6
100 7
100 9
100 10
100 12
100 13
100 14
100 30
100 49
100 51
100 53
100 57
100 58
100 63
100 64
101 74
101 75
101 76
101 77
101 78
101 79
101 80
101 81
101 82
101 86
101 89
101 90
102 38
102 39
102 41
102 42
102 43
102 44
102 45
102 49
102 51
102 52
102 53
102 54
102 56
102 57
102 58
102 64
102 71
102 72
102 73
103 1
103 38
103 39
103 41
103 42
103 43
103 44
103 45
103 46
103 47
103 71
103 72
103 74
103 75
103 77
104 74
104 75
104 76
104 77
104 79
104 82
104 90
105 11
105 12
105 13
105 49
105 51
105 53
105 57
105 58
105 59
105 61
105 63
105 64
106 49
106 51
106 52
106 53
106 54
106 55
106 56
106 57
106 58
106 63
106 64
106 67
106 71
106 72
106 73
106 77
106 78
106 79
106 80
107 16
107 17
107 18
107 19
107 20
107 21
107 22
107 23
107 24
107 25
107 26
107 27
107 28
107 31
107 32
107 33
107 34
107 36
107 37
107 38
107 39
107 42
107 43
107 44
107 45
107 52
107 54
107 56
107 64
107 67
107 77
107 79
108 64
108 71
108 72
108 73
108 74
108 75
108 76
108 77
108 78
108 79
108 80
108 81
108 82
108 86
108 89
108 90
109 74
109 75
109 76
109 77
109 79
109 82
109 90
110 74
110 75
110 76
110 77
110 78
110 79
110 80
110 81
110 82
110 86
110 89
110 90
111 74
111 75
111 76
111 77
111 78
111 79
111 80
111 81
111 82
111 86
111 89
111 90
112 16
112 17
112 18
112 19
112 20
112 21
112 22
112 23
112 24
112 25
112 26
112 27
112 28
112 31
112 32
112 33
112 34
112 36
112 37
112 52
112 54
112 56
112 59
112 61
112 63
112 76
112 82
112 90
113 11
113 12
113 13
113 49
113 51
113 53
113 57
113 58
113 59
113 61
113 63
113 64
114 63
114 67
115 40
115 46
115 47
115 48
115 69
115 70
115 71
115 72
115 73
115 76
115 82
115 90
116 16
116 17
116 18
116 19
116 20
116 21
116 22
116 23
116 24
116 25
116 26
116 27
116 28
116 33
116 34
116 37
116 43
116 52
116 54
116 56
116 63
116 64
116 65
116 67
116 77
116 79
117 4
117 6
117 7
117 9
117 10
117 12
117 13
117 14
117 30
117 49
117 51
117 53
117 57
117 58
117 59
117 61
117 63
117 64
118 74
118 75
118 76
118 77
118 79
118 82
118 90
119 16
119 17
119 18
119 19
119 20
119 21
119 22
119 23
119 24
119 25
119 26
119 27
119 28
119 31
119 32
119 33
119 34
119 36
119 37
119 38
119 39
119 42
119 43
119 44
119 45
119 55
119 64
119 67
119 71
119 72
119 73
119 76
119 82
119 90
120 4
120 6
120 7
120 8
120 9
120 10
120 12
120 13
120 14
120 30
120 31
120 32
120 36
120 49
120 51
120 52
120 53
120 57
120 58
120 59
120 61
120 63
120 64
121 99
121 107
121 116
121 126
121 127
121 135
122 74
122 75
122 77
122 78
122 79
122 80
122 81
122 86
122 89
123 1
123 38
123 39
123 41
123 42
123 43
123 44
123 45
123 46
123 47
123 71
123 72
123 74
123 75
124 74
124 75
124 76
124 77
124 78
124 79
124 80
124 81
124 82
124 86
124 89
124 90
125 71
125 72
125 73
125 74
125 75
125 76
125 77
125 78
125 79
125 80
125 81
125 82
125 86
125 89
125 90
126 1
126 49
126 51
126 52
126 53
126 54
126 56
126 64
126 67
126 71
126 72
126 73
127 16
127 17
127 18
127 19
127 20
127 21
127 22
127 23
127 24
127 25
127 26
127 27
127 28
127 31
127 33
127 34
127 37
127 38
127 39
127 42
127 43
127 44
127 45
127 46
127 47
127 49
127 50
127 51
127 52
127 53
127 54
127 55
127 56
127 57
127 58
127 63
127 64
127 71
127 76
127 77
127 79
127 82
127 90
128 16
128 17
128 18
128 19
128 20
128 21
128 22
128 23
128 24
128 25
128 26
128 27
128 28
128 33
128 34
128 37
128 41
128 43
128 63
129 63
129 71
129 72
129 73
129 74
129 75
129 76
129 77
129 78
129 79
129 80
129 81
129 82
129 86
129 89
129 90
130 63
130 67
131 49
131 51
131 52
131 53
131 54
131 55
131 56
131 57
131 58
131 63
131 64
131 67
131 71
131 72
131 73
131 77
131 78
131 79
131 80
132 63
132 71
132 72
132 73
132 74
132 75
132 76
132 77
132 78
132 79
132 80
132 81
132 82
132 86
132 89
132 90
133 74
133 75
133 76
133 77
133 78
133 79
133 80
133 81
133 82
133 86
133 89
133 90
134 1
134 38
134 39
134 41
134 42
134 43
134 44
134 45
134 46
134 47
134 71
134 72
134 74
134 75
135 5
135 16
135 17
135 18
135 19
135 20
135 21
135 22
135 23
135 24
135 25
135 26
135 27
135 28
135 33
135 34
135 37
135 40
135 41
135 43
135 48
135 49
135 51
135 52
135 53
135 54
135 56
135 57
135 58
135 63
135 71
136 55
136 71
136 72
136 73
137 16
137 17
137 18
137 19
137 20
137 21
137 22
137 23
137 24
137 25
137 26
137 27
137 28
137 31
137 32
137 33
137 34
137 36
137 37
137 38
137 39
137 40
137 41
137 42
137 43
137 44
137 45
137 46
137 47
137 48
137 52
137 54
137 56
137 59
137 61
137 63
137 64
137 67
137 69
137 70
137 71
137 72
137 73
137 76
137 82
137 90
138 2
139 213
140 46
140 47
141 72
142 168
143 153
144 179
145 71
146 73
147 61
147 93
147 94
147 95
147 96
147 97
147 98
147 99
147 100
147 101
147 102
147 103
147 104
147 105
147 106
147 107
147 108
147 109
147 110
147 111
147 112
147 113
147 114
147 115
147 116
147 117
147 118
147 119
147 120
147 121
147 122
147 123
147 124
147 125
147 126
147 127
147 128
147 129
147 130
147 131
147 132
147 133
147 134
147 135
147 136
147 137
148 74
148 75
148 77
148 78
148 79
148 80
148 81
148 86
148 87
148 89
148 90
149 44
149 46
149 47
150 74
150 75
150 76
150 77
150 78
150 79
150 80
150 81
150 82
150 86
150 87
150 89
150 90
151 74
152 18
152 25
152 27
152 28
152 38
152 39
152 40
152 41
152 43
152 44
152 46
152 47
152 52
152 53
152 93
152 96
152 102
152 103
152 106
152 107
152 112
152 115
152 116
152 119
152 123
152 128
152 134
152 135
152 137
152 156
152 157
152 158
152 167
152 175
152 178
152 179
152 181
152 182
152 183
152 185
152 187
153 50
153 71
153 72
153 73
153 96
153 97
153 102
153 103
153 106
153 115
153 119
153 123
153 129
153 134
153 135
153 136
153 137
154 52
154 93
154 96
154 103
154 107
154 109
154 123
154 134
154 135
154 137
154 152
154 156
154 157
154 158
154 162
154 163
154 167
154 175
154 176
154 178
154 179
154 181
154 182
154 183
154 185
154 187
155 56
155 93
155 96
155 103
155 107
155 109
155 123
155 134
155 135
155 137
156 52
156 93
156 96
156 106
156 107
156 112
156 116
156 135
156 137
156 167
156 175
156 179
156 182
156 183
156 185
157 41
157 43
157 46
157 47
157 52
157 69
157 71
157 72
157 73
157 96
157 97
157 102
157 103
157 106
157 107
157 115
157 116
157 119
157 123
157 128
157 129
157 134
157 135
157 136
157 137
157 152
157 156
157 158
157 167
157 175
157 178
157 179
157 181
157 182
157 183
157 185
157 187
158 52
158 77
158 93
158 97
158 103
158 106
158 107
158 109
158 110
158 111
158 116
158 122
158 129
158 156
158 167
158 175
158 178
158 179
158 181
158 182
158 183
158 185
158 187
159 69
159 115
159 137
160 73
160 94
160 96
160 97
160 99
160 102
160 106
160 108
160 115
160 119
160 125
160 126
160 129
160 131
160 132
160 136
160 137
161 62
161 65
161 74
161 75
161 77
161 86
162 47
162 52
162 55
162 69
162 70
162 71
162 72
162 73
162 96
162 97
162 102
162 103
162 106
162 115
162 119
162 123
162 129
162 134
162 135
162 136
162 137
162 152
162 156
162 157
162 158
162 163
162 167
162 175
162 178
162 179
162 181
162 182
162 183
162 185
162 187
163 19
163 20
163 25
163 27
163 49
163 52
163 93
163 96
163 102
163 106
163 107
163 112
163 113
163 116
163 119
163 120
163 128
163 135
163 137
163 152
163 156
163 157
163 158
163 167
163 175
163 176
163 178
163 179
163 181
163 182
163 183
163 185
163 187
164 49
164 62
164 65
164 78
165 62
165 65
165 76
165 77
165 82
165 90
166 75
167 18
167 25
167 27
167 28
167 52
167 93
167 96
167 107
167 112
167 116
167 119
167 128
167 135
167 137
167 156
167 175
167 179
167 182
167 183
167 185
168 71
168 72
168 73
168 94
168 96
168 97
168 99
168 102
168 103
168 106
168 108
168 115
168 119
168 123
168 125
168 126
168 127
168 129
168 131
168 132
168 134
168 135
168 136
168 137
169 73
169 94
169 96
169 97
169 99
169 102
169 106
169 108
169 115
169 119
169 125
169 126
169 129
169 131
169 132
169 136
169 137
170 69
170 115
170 137
171 64
171 95
171 96
171 99
171 100
171 102
171 105
171 106
171 107
171 108
171 113
171 116
171 117
171 119
171 120
171 126
171 127
171 128
171 131
171 135
171 137
172 16
172 93
172 96
172 107
172 112
172 116
172 119
172 127
172 128
172 135
172 137
173 46
173 47
173 56
173 103
173 115
173 123
173 127
173 134
173 137
174 46
174 47
174 103
174 115
174 123
174 127
174 134
174 137
175 52
175 75
175 76
175 77
175 78
175 81
175 82
175 90
175 93
175 96
175 97
175 103
175 106
175 109
175 110
175 111
175 112
175 115
175 119
175 122
175 123
175 129
175 134
175 137
175 156
175 158
175 167
175 178
175 179
175 181
175 182
175 183
175 185
175 187
176 41
176 43
176 46
176 47
176 52
176 69
176 71
176 72
176 73
176 93
176 96
176 97
176 102
176 103
176 106
176 107
176 112
176 115
176 116
176 119
176 123
176 128
176 129
176 134
176 135
176 136
176 137
176 152
176 156
176 157
176 158
176 162
176 163
176 167
176 175
176 178
176 179
176 181
176 182
176 183
176 185
176 187
177 46
177 47
177 103
177 115
177 123
177 127
177 134
177 137
178 52
178 75
178 76
178 77
178 78
178 81
178 82
178 86
178 90
178 93
178 96
178 97
178 103
178 106
178 107
178 109
178 110
178 111
178 112
178 115
178 116
178 119
178 122
178 123
178 129
178 134
178 137
178 156
178 158
178 167
178 175
178 179
178 181
178 182
178 183
178 185
178 187
179 52
179 71
179 72
179 73
179 96
179 97
179 102
179 103
179 106
179 115
179 119
179 123
179 129
179 134
179 135
179 136
179 137
179 156
179 175
179 182
179 183
180 72
180 94
180 96
180 97
180 99
180 102
180 103
180 106
180 108
180 115
180 119
180 123
180 125
180 126
180 129
180 131
180 132
180 134
180 136
180 137
181 52
181 75
181 76
181 77
181 78
181 81
181 82
181 86
181 87
181 90
181 93
181 96
181 97
181 103
181 106
181 107
181 109
181 110
181 111
181 112
181 115
181 116
181 119
181 122
181 123
181 129
181 134
181 137
181 156
181 158
181 167
181 175
181 178
181 179
181 182
181 183
181 185
181 187
182 52
182 75
182 76
182 77
182 78
182 82
182 90
182 93
182 97
182 106
182 107
182 109
182 110
182 111
182 116
182 122
182 167
182 175
182 179
182 183
182 185
183 52
183 77
183 78
183 93
183 97
183 106
183 107
183 109
183 110
183 111
183 116
183 122
183 167
183 175
183 179
183 182
183 185
184 41
184 46
184 47
184 52
184 55
184 93
184 96
184 99
184 102
184 103
184 106
184 107
184 112
184 115
184 116
184 119
184 120
184 123
184 126
184 127
184 128
184 131
184 134
184 135
184 136
184 137
185 52
185 75
185 76
185 77
185 78
185 81
185 82
185 86
185 90
185 93
185 96
185 97
185 103
185 106
185 107
185 109
185 110
185 111
185 112
185 115
185 116
185 119
185 122
185 123
185 129
185 134
185 137
185 156
185 167
185 175
185 179
185 182
185 183
186 52
186 67
186 96
186 102
186 106
186 107
186 113
186 116
186 119
186 120
186 137
187 52
187 75
187 76
187 77
187 78
187 81
187 82
187 86
187 89
187 90
187 93
187 96
187 97
187 103
187 106
187 107
187 109
187 110
187 111
187 112
187 115
187 116
187 119
187 122
187 123
187 129
187 134
187 137
187 156
187 158
187 167
187 175
187 178
187 179
187 181
187 182
187 183
187 185
188 62
188 65
188 81
189 47
190 56
191 62
191 65
191 77
191 86
191 93
191 94
191 97
191 98
191 101
191 104
191 106
191 107
191 108
191 109
191 110
191 111
191 116
191 118
191 122
191 124
191 125
191 127
191 129
191 131
191 132
191 133
192 46
192 47
192 83
192 84
192 85
192 88
192 91
193 46
193 47
193 83
193 84
193 85
193 88
193 91
194 46
194 47
194 62
194 65
194 83
194 84
194 85
194 88
194 91
195 62
195 65
195 75
195 76
195 77
195 78
195 82
195 83
195 84
195 86
195 90
195 91
196 62
196 65
196 75
196 77
196 83
196 84
196 91
197 62
197 65
197 71
197 72
197 83
197 84
197 85
197 88
197 91
198 62
198 65
198 69
198 70
198 83
198 84
198 85
198 88
198 91
199 62
199 65
199 75
199 76
199 77
199 78
199 81
199 82
199 90
200 69
201 72
202 73
203 27
204 46
204 47
205 72
206 75
206 78
207 72
207 94
207 96
207 97
207 99
207 102
207 103
207 106
207 108
207 115
207 119
207 123
207 125
207 126
207 129
207 131
207 132
207 134
207 136
207 137
208 73
208 94
208 96
208 97
208 99
208 102
208 106
208 108
208 115
208 119
208 125
208 126
208 129
208 131
208 132
208 136
208 137
209 76
209 77
209 78
209 82
209 93
209 94
209 96
209 97
209 98
209 101
209 104
209 106
209 107
209 108
209 109
209 110
209 111
209 112
209 115
209 116
209 118
209 119
209 122
209 124
209 125
209 127
209 129
209 131
209 132
209 133
209 137
210 41
210 46
210 47
211 62
211 65
211 72
212 62
212 65
212 70
213 71
214 71
