1 44
1 61
1 62
1 63
1 64
1 77
1 78
1 79
1 81
1 85
1 117
2 3
2 4
2 7
2 8
2 12
2 18
2 20
2 56
2 59
2 60
2 61
2 62
2 63
2 117
2 123
3 3
3 4
3 18
3 20
3 62
3 63
3 64
3 117
4 3
4 4
4 117
5 3
5 4
5 28
5 72
5 73
5 75
5 77
5 78
5 79
5 80
5 81
5 83
5 85
5 99
5 101
5 103
5 117
5 118
6 3
6 7
6 8
6 12
6 13
6 14
6 20
6 59
6 63
6 89
6 116
7 7
7 8
7 11
7 12
7 13
7 17
7 61
7 116
8 7
8 8
8 11
8 12
8 13
8 17
8 61
8 116
9 3
9 7
9 8
9 11
9 12
9 13
9 17
9 20
9 44
9 59
9 61
9 63
9 103
9 104
9 116
10 7
10 8
10 11
10 12
10 13
10 17
10 58
10 59
10 61
10 116
11 7
11 8
11 11
11 12
11 13
11 14
11 17
11 89
11 116
12 7
12 8
12 11
12 12
12 13
12 17
12 61
12 116
13 7
13 8
13 11
13 12
13 13
13 14
13 17
13 18
13 116
13 123
14 11
14 13
14 14
14 18
14 49
14 50
14 89
14 123
15 14
15 17
15 18
15 20
15 46
15 50
15 51
15 55
16 17
16 18
16 20
16 51
16 52
16 54
16 103
17 7
17 8
17 11
17 12
17 13
17 17
17 18
17 20
17 51
17 116
18 3
18 13
18 14
18 17
18 18
18 49
18 51
18 62
18 123
18 124
19 14
19 17
19 18
19 46
19 47
19 48
19 49
19 51
19 54
20 3
20 17
20 18
20 51
20 63
20 122
21 59
22 17
22 18
22 40
22 45
22 47
22 51
22 56
22 59
22 60
22 101
22 103
23 7
23 8
23 12
23 59
23 61
24 3
24 7
24 8
24 12
24 18
24 52
24 56
24 60
24 61
24 62
24 97
25 70
25 71
25 74
25 75
25 76
25 79
25 85
25 95
26 70
26 71
26 74
26 79
26 85
26 95
27 28
27 72
27 75
27 77
27 81
27 85
27 95
28 81
29 81
29 85
29 95
30 75
30 81
30 85
30 95
31 85
31 122
32 71
32 73
32 74
32 76
32 77
32 78
32 79
32 80
32 81
32 83
32 85
32 97
32 103
33 77
33 78
33 85
33 103
34 77
34 85
35 85
36 85
37 85
37 103
38 40
38 85
38 101
39 40
39 85
39 101
40 40
40 101
41 7
41 8
41 12
41 18
41 59
41 60
41 61
41 103
41 124
42 54
42 56
42 58
42 59
42 85
43 1
43 5
43 25
43 26
43 27
43 28
43 29
43 30
43 31
43 32
43 33
43 34
43 35
43 36
43 37
43 38
43 39
43 42
43 72
43 77
43 78
43 81
43 85
43 87
44 1
44 5
44 25
44 26
44 27
44 32
44 33
44 34
44 72
44 74
44 76
44 77
44 78
44 80
44 87
45 1
45 5
45 6
45 11
45 14
45 25
45 26
45 27
45 29
45 30
45 32
45 33
45 34
45 72
45 74
45 76
45 77
45 78
45 80
45 81
45 87
45 89
46 133
47 1
47 2
47 3
47 4
47 5
47 6
47 7
47 8
47 9
47 10
47 11
47 12
47 13
47 14
47 17
47 18
47 20
47 22
47 31
47 38
47 39
47 40
47 41
47 89
47 90
47 94
47 101
47 116
47 117
47 122
47 123
47 124
47 133
48 133
49 2
49 6
49 11
49 13
49 14
49 18
49 88
49 89
49 123
50 1
50 2
50 4
50 5
50 6
50 7
50 8
50 9
50 10
50 11
50 12
50 13
50 14
50 16
50 17
50 18
50 22
50 31
50 32
50 33
50 37
50 38
50 39
50 40
50 41
50 88
50 90
50 101
50 103
50 116
50 117
50 122
50 123
51 1
51 2
51 4
51 5
51 6
51 7
51 8
51 9
51 10
51 11
51 12
51 13
51 14
51 17
51 18
51 22
51 31
51 38
51 39
51 40
51 90
51 101
51 116
51 117
51 122
51 123
52 1
52 2
52 4
52 5
52 9
52 16
52 22
52 32
52 33
52 37
52 41
52 90
52 98
52 103
52 117
53 5
53 6
53 7
53 8
53 9
53 10
53 11
53 12
53 13
53 16
53 17
53 22
53 32
53 33
53 37
53 38
53 39
53 40
53 41
53 90
53 101
53 103
53 116
54 5
54 22
54 38
54 39
54 40
54 90
54 101
55 6
55 7
55 8
55 9
55 10
55 11
55 12
55 13
55 17
55 31
55 90
55 116
55 122
56 2
56 5
56 6
56 7
56 8
56 9
56 10
56 11
56 12
56 13
56 14
56 17
56 18
56 22
56 38
56 39
56 40
56 90
56 101
56 116
56 123
57 90
58 1
58 2
58 4
58 5
58 6
58 7
58 8
58 9
58 10
58 11
58 12
58 13
58 14
58 89
58 90
58 94
58 116
58 117
59 5
59 6
59 9
59 10
59 11
59 13
59 14
59 16
59 22
59 31
59 32
59 33
59 37
59 38
59 39
59 40
59 41
59 88
59 89
59 90
59 101
59 103
59 113
59 116
59 118
59 122
59 127
60 1
60 2
60 5
60 6
60 9
60 10
60 11
60 13
60 14
60 16
60 18
60 22
60 32
60 33
60 37
60 38
60 39
60 40
60 41
60 101
60 103
60 116
60 117
60 123
61 1
61 2
61 5
61 6
61 9
61 11
61 14
61 16
61 22
61 25
61 26
61 27
61 29
61 30
61 31
61 32
61 33
61 34
61 35
61 36
61 37
61 38
61 39
61 40
61 41
61 42
61 70
61 71
61 85
61 89
61 90
61 98
61 101
61 103
61 117
62 1
62 5
62 6
62 9
62 11
62 14
62 16
62 22
62 25
62 26
62 27
62 29
62 30
62 31
62 32
62 33
62 34
62 35
62 36
62 37
62 38
62 39
62 40
62 41
62 42
62 70
62 71
62 85
62 89
62 90
62 98
62 101
62 103
63 1
63 2
63 5
63 6
63 11
63 14
63 15
63 25
63 26
63 27
63 29
63 30
63 31
63 32
63 33
63 34
63 35
63 36
63 37
63 38
63 39
63 41
63 42
63 50
63 70
63 71
63 77
63 85
63 87
63 89
63 117
63 124
64 1
64 2
64 5
64 6
64 11
64 13
64 14
64 25
64 26
64 27
64 29
64 30
64 31
64 32
64 33
64 34
64 35
64 36
64 37
64 38
64 39
64 41
64 42
64 70
64 71
64 85
64 89
64 123
64 124
65 1
65 2
65 5
65 13
65 14
65 25
65 26
65 27
65 29
65 30
65 31
65 32
65 33
65 34
65 35
65 36
65 37
65 38
65 39
65 42
65 70
65 71
65 76
65 78
65 85
65 123
66 6
66 11
66 14
66 25
66 26
66 32
66 70
66 71
66 76
66 89
67 5
67 25
67 26
67 27
67 32
67 70
67 71
67 72
67 76
68 1
68 2
68 5
68 6
68 9
68 10
68 11
68 13
68 14
68 31
68 89
68 116
68 117
68 122
69 2
69 5
69 6
69 9
69 10
69 11
69 13
69 14
69 89
69 116
69 118
69 123
70 25
70 26
70 27
70 29
70 30
70 95
71 25
71 26
71 27
71 29
71 30
71 95
72 5
72 9
72 16
72 22
72 32
72 33
72 37
72 38
72 39
72 40
72 41
72 88
72 90
72 98
72 101
72 103
72 105
73 24
73 25
73 26
73 27
73 29
73 30
73 32
73 95
73 96
73 97
74 5
74 6
74 9
74 11
74 14
74 16
74 22
74 24
74 25
74 26
74 27
74 29
74 30
74 32
74 33
74 37
74 38
74 39
74 40
74 41
74 80
74 88
74 89
74 90
74 94
74 95
74 97
74 98
74 101
74 103
75 5
75 6
75 9
75 11
75 14
75 16
75 22
75 32
75 33
75 37
75 41
75 89
75 103
76 2
76 5
76 6
76 9
76 11
76 13
76 14
76 16
76 22
76 24
76 25
76 26
76 27
76 29
76 30
76 32
76 33
76 37
76 41
76 88
76 89
76 90
76 95
76 96
76 97
76 98
76 103
76 105
76 108
76 118
76 123
77 2
77 5
77 6
77 9
77 10
77 11
77 13
77 14
77 16
77 22
77 24
77 25
77 26
77 27
77 29
77 30
77 32
77 33
77 37
77 38
77 39
77 40
77 41
77 88
77 89
77 90
77 94
77 95
77 96
77 97
77 98
77 101
77 103
77 105
77 116
77 123
77 125
77 127
77 133
78 2
78 5
78 6
78 9
78 10
78 11
78 14
78 16
78 22
78 25
78 26
78 27
78 29
78 30
78 32
78 33
78 37
78 38
78 39
78 40
78 41
78 88
78 90
78 94
78 95
78 96
78 101
78 103
78 105
78 108
78 110
78 116
78 123
78 126
79 2
79 5
79 6
79 9
79 10
79 11
79 14
79 16
79 22
79 32
79 33
79 37
79 38
79 39
79 40
79 41
79 88
79 89
79 90
79 96
79 98
79 99
79 101
79 103
79 105
79 108
79 114
79 116
79 123
79 126
79 127
80 1
80 2
80 5
80 6
80 9
80 11
80 14
80 16
80 22
80 24
80 25
80 26
80 32
80 33
80 37
80 38
80 39
80 40
80 41
80 79
80 80
80 88
80 89
80 90
80 96
80 97
80 99
80 101
80 103
80 105
80 108
80 111
80 113
80 123
80 126
80 127
80 129
81 5
81 6
81 9
81 16
81 22
81 24
81 25
81 26
81 27
81 29
81 30
81 32
81 33
81 37
81 38
81 39
81 40
81 41
81 80
81 88
81 89
81 95
81 97
81 98
81 101
81 103
81 105
82 5
82 9
82 16
82 22
82 32
82 33
82 37
82 41
82 88
82 98
82 103
83 5
83 6
83 9
83 10
83 16
83 22
83 24
83 32
83 33
83 37
83 38
83 39
83 40
83 41
83 88
83 94
83 97
83 101
83 103
83 116
84 2
84 5
84 6
84 9
84 10
84 16
84 22
84 24
84 32
84 33
84 37
84 38
84 39
84 40
84 41
84 88
84 90
84 96
84 97
84 98
84 101
84 103
84 108
84 109
84 110
84 111
84 113
84 116
84 123
84 124
84 126
85 1
85 2
85 5
85 6
85 9
85 16
85 22
85 24
85 25
85 26
85 27
85 29
85 30
85 31
85 32
85 33
85 34
85 35
85 36
85 37
85 38
85 39
85 40
85 41
85 42
85 70
85 71
85 72
85 76
85 77
85 80
85 81
85 84
85 85
85 88
85 89
85 90
85 91
85 92
85 96
85 97
85 98
85 101
85 102
85 103
85 104
85 105
85 106
85 107
85 108
85 110
85 111
85 112
85 113
85 114
85 115
85 117
85 119
85 120
85 121
85 122
85 123
85 124
85 127
85 128
85 130
85 133
86 2
86 5
86 6
86 9
86 16
86 22
86 24
86 32
86 33
86 37
86 38
86 39
86 40
86 41
86 88
86 89
86 90
86 93
86 96
86 97
86 101
86 103
86 108
86 111
86 123
86 126
87 5
87 6
87 9
87 10
87 16
87 22
87 24
87 25
87 26
87 27
87 29
87 30
87 32
87 33
87 37
87 38
87 39
87 41
87 88
87 89
87 90
87 95
87 96
87 97
87 98
87 101
87 103
87 105
87 116
88 2
88 5
88 6
88 9
88 10
88 22
88 24
88 32
88 38
88 39
88 88
88 90
88 94
88 96
88 97
88 98
88 101
88 108
88 113
88 116
88 118
88 123
88 125
88 126
89 2
89 5
89 6
89 9
89 10
89 22
89 24
89 31
89 32
89 38
89 39
89 41
89 90
89 97
89 101
89 116
89 122
89 123
89 124
89 125
89 131
89 133
90 5
90 6
90 9
90 10
90 22
90 38
90 39
90 89
90 90
90 98
90 101
90 105
90 116
90 125
90 132
90 133
91 5
91 22
91 38
91 39
91 101
91 125
91 132
91 133
91 134
92 108
92 134
93 108
94 134
95 134
96 134
97 134
98 96
98 133
98 134
99 134
101 134
102 134
103 134
104 134
105 134
106 134
107 134
108 134
109 134
110 134
111 134
112 134
113 134
114 134
115 134
116 131
116 134
117 133
118 133
119 133
120 6
120 9
120 10
120 116
120 126
121 134
122 134
123 134
124 134
125 134
126 134
127 134
128 134
129 134
130 134
